30
0 118 133 242 236 162 232 157 167 194 187 164 237 100 193 210 207 286 261 254 221 116 197 62 176 123 186 159 123 242 
118 0 164 172 122 115 162 43 125 82 73 50 123 94 84 204 202 217 190 197 148 2 234 56 62 5 223 118 154 173 
133 164 0 150 267 49 140 121 121 242 151 210 133 165 80 215 139 216 190 197 108 162 107 195 113 169 118 46 10 172 
242 172 150 0 146 107 10 179 175 250 209 209 49 142 138 106 50 182 69 62 74 170 82 180 110 177 71 104 140 138 
236 122 267 146 0 233 156 161 243 177 191 168 195 178 202 128 149 262 77 84 220 120 181 174 180 127 170 236 272 284 
162 115 49 107 233 0 97 72 72 193 102 161 84 122 31 213 137 167 176 169 59 113 156 160 64 120 158 3 39 123 
232 162 140 10 156 97 0 169 165 240 199 208 39 132 128 116 40 172 79 72 64 160 72 170 100 167 61 94 130 128 
157 43 121 179 161 72 169 0 82 121 30 89 135 133 41 243 209 209 216 209 131 41 228 95 74 48 230 75 111 195 
167 125 121 175 243 72 165 82 0 203 112 171 127 143 41 253 205 127 244 237 131 123 228 105 66 130 226 75 111 171 
194 82 242 250 177 193 240 121 203 0 151 57 201 170 162 248 280 224 197 204 226 80 312 132 140 87 301 196 232 180 
187 73 151 209 191 102 199 30 112 151 0 119 165 163 71 273 239 239 246 239 148 71 258 125 104 78 260 105 141 212 
164 50 210 209 168 161 208 89 171 57 119 0 169 140 130 191 227 167 140 147 187 48 259 102 108 55 248 164 200 123 
237 123 133 49 195 84 39 135 127 201 165 169 0 171 94 155 79 133 118 111 25 121 111 175 61 128 100 87 123 89 
100 94 165 142 178 122 132 133 143 170 163 140 171 0 153 186 172 262 211 204 181 92 204 38 152 99 193 119 155 218 
193 84 80 138 202 31 128 41 41 162 71 130 94 153 0 244 168 168 207 200 90 82 187 136 33 89 189 34 70 154 
210 204 215 106 128 213 116 243 253 248 273 191 155 186 244 0 117 222 51 44 158 202 108 148 216 209 97 210 225 222 
207 202 139 50 149 137 40 209 205 280 239 227 79 172 168 117 0 212 119 112 104 200 32 210 140 207 21 134 149 168 
286 217 216 182 262 167 172 209 127 224 239 167 133 262 168 222 212 0 185 178 108 215 235 224 193 222 233 170 206 44 
261 190 190 69 77 176 79 216 244 197 246 140 118 211 207 51 119 185 0 7 143 188 151 199 179 195 140 173 200 207 
254 197 197 62 84 169 72 209 237 204 239 147 111 204 200 44 112 178 7 0 136 195 144 192 172 202 133 166 202 200 
221 148 108 74 220 59 64 131 131 226 148 187 25 181 90 158 104 108 143 136 0 146 127 200 86 153 125 62 98 64 
116 2 162 170 120 113 160 41 123 80 71 48 121 92 82 202 200 215 188 195 146 0 232 54 60 7 221 116 152 171 
197 234 107 82 181 156 72 228 228 312 258 259 111 204 187 108 32 235 151 144 127 232 0 242 172 239 11 153 117 191 
62 56 195 180 174 160 170 95 105 132 125 102 175 38 136 148 210 224 199 192 200 54 242 0 114 61 231 157 185 180 
176 62 113 110 180 64 100 74 66 140 104 108 61 152 33 216 140 193 179 172 86 60 172 114 0 67 161 67 103 150 
123 5 169 177 127 120 167 48 130 87 78 55 128 99 89 209 207 222 195 202 153 7 239 61 67 0 228 123 159 178 
186 223 118 71 170 158 61 230 226 301 260 248 100 193 189 97 21 233 140 133 125 221 11 231 161 228 0 155 128 189 
159 118 46 104 236 3 94 75 75 196 105 164 87 119 34 210 134 170 173 166 62 116 153 157 67 123 155 0 36 126 
123 154 10 140 272 39 130 111 111 232 141 200 123 155 70 225 149 206 200 202 98 152 117 185 103 159 128 36 0 162 
242 173 172 138 284 123 128 195 171 180 212 123 89 218 154 222 168 44 207 200 64 171 191 180 150 178 189 126 162 0 
7
31
88
3
78
91
81
5
45
96
42
98
55
68
60
51
1
52
99
58
31
28
98
100
94
89
23
7
67
