25
0 128 112 137 120 71 82 124 99 134 292 213 155 133 84 116 38 235 207 262 179 176 138 133 103 
128 0 42 41 8 124 101 54 29 193 164 143 85 213 109 103 157 107 137 293 67 106 26 134 90 
112 42 0 25 34 145 127 38 13 194 206 127 69 197 130 98 150 149 121 254 93 90 52 160 111 
137 41 25 0 33 137 126 63 38 219 205 152 94 172 134 123 170 148 146 279 92 115 51 159 115 
120 8 34 33 0 116 93 46 21 201 172 135 77 205 101 95 149 115 129 285 59 98 18 126 82 
71 124 145 137 116 0 153 107 132 205 288 188 188 204 53 47 33 231 240 237 175 209 134 102 34 
82 101 127 126 93 153 0 139 114 216 265 228 170 215 149 181 120 208 222 333 152 191 111 171 168 
124 54 38 63 46 107 139 0 25 160 218 89 81 235 92 60 140 161 133 276 105 102 64 141 73 
99 29 13 38 21 132 114 25 0 181 193 114 56 210 117 85 137 136 108 267 80 77 39 147 98 
134 193 194 219 201 205 216 160 181 0 357 249 237 233 218 220 172 300 73 396 260 233 219 267 233 
292 164 206 205 172 288 265 218 193 357 0 307 249 188 273 267 321 57 301 457 231 270 190 285 254 
213 143 127 152 135 188 228 89 114 249 307 0 170 324 135 149 221 250 222 319 194 191 153 184 154 
155 85 69 94 77 188 170 81 56 237 249 170 0 266 173 141 193 192 164 323 136 62 95 203 154 
133 213 197 172 205 204 215 235 210 233 188 324 266 0 217 249 171 164 160 395 264 287 223 266 236 
84 109 130 134 101 53 149 92 117 218 273 135 173 217 0 32 86 216 225 184 160 194 119 49 19 
116 103 98 123 95 47 181 60 85 220 267 149 141 249 32 0 80 210 193 216 154 162 113 81 13 
38 157 150 170 149 33 120 140 137 172 321 221 193 171 86 80 0 264 245 270 208 214 154 135 67 
235 107 149 148 115 231 208 161 136 300 57 250 192 164 216 210 264 0 244 400 174 213 133 241 197 
207 137 121 146 129 240 222 133 108 73 301 222 164 160 225 193 245 244 0 375 188 185 147 255 206 
262 293 254 279 285 237 333 276 267 396 457 319 323 395 184 216 270 400 375 0 344 344 303 233 203 
179 67 93 92 59 175 152 105 80 260 231 194 136 264 160 154 208 174 188 344 0 157 77 185 141 
176 106 90 115 98 209 191 102 77 233 270 191 62 287 194 162 214 213 185 344 157 0 116 224 175 
138 26 52 51 18 134 111 64 39 219 190 153 95 223 119 113 154 133 147 303 77 116 0 144 100 
133 134 160 159 126 102 171 141 147 267 285 184 203 266 49 81 135 241 255 233 185 224 144 0 68 
103 90 111 115 82 34 168 73 98 233 254 154 154 236 19 13 67 197 206 203 141 175 100 68 0 
89
86
86
8
9
14
69
82
45
12
94
52
94
84
87
11
84
40
15
79
45
71
80
82
