55
0 72 71 89 53 56 55 89 99 69 68 108 118 94 46 58 38 89 83 112 28 71 42 73 89 71 52 8 110 61 84 95 65 31 80 44 77 87 82 102 80 80 71 58 108 92 52 112 25 34 95 72 84 13 96 
72 0 118 106 95 45 105 114 106 32 93 118 110 117 63 46 85 33 90 112 99 131 67 28 130 33 111 80 99 66 111 98 90 73 60 78 102 79 80 93 35 21 121 108 105 115 49 142 84 93 107 34 46 59 88 
71 118 0 18 68 79 28 91 81 86 102 114 74 90 91 78 33 106 98 108 55 84 87 90 34 91 67 74 65 76 102 140 105 51 104 89 117 105 106 168 97 97 44 25 129 92 75 119 70 49 60 92 104 84 96 
89 106 18 0 86 61 46 109 99 74 108 108 56 101 109 96 51 94 98 102 73 77 105 78 52 83 85 92 83 94 120 158 105 69 106 107 117 87 88 175 85 85 62 43 113 103 57 130 88 67 78 84 96 96 78 
53 95 68 86 0 84 40 103 93 71 92 114 139 91 70 75 86 83 68 109 25 108 66 67 74 62 37 45 105 46 106 119 89 68 89 68 101 108 78 139 74 74 56 43 129 89 88 116 49 19 128 63 75 66 117 
56 45 79 61 84 0 60 76 86 13 55 75 99 98 60 35 66 33 45 81 80 120 56 17 113 22 76 64 88 47 100 98 52 62 49 81 64 68 35 114 24 24 76 63 60 96 4 121 73 74 96 23 35 43 77 
55 105 28 46 40 60 0 63 53 73 74 86 102 62 101 95 61 93 70 80 27 86 97 77 62 82 39 47 93 48 99 150 77 70 109 99 89 99 80 141 84 84 16 3 101 64 56 91 80 21 88 83 95 68 104 
89 114 91 109 103 76 63 0 10 84 27 67 77 91 51 94 60 102 40 73 90 100 47 86 86 81 71 97 55 68 36 100 24 78 65 83 36 46 41 173 93 93 47 66 82 92 72 93 64 84 112 82 94 102 55 
99 106 81 99 93 86 53 10 0 82 37 77 87 101 61 86 70 94 50 83 80 110 57 78 96 73 81 100 65 58 46 110 34 88 75 93 46 56 51 165 85 85 37 56 92 102 82 103 74 74 122 74 86 112 65 
69 32 86 74 71 13 73 84 82 0 63 88 86 85 47 22 53 20 58 88 67 107 43 4 106 9 79 72 75 34 87 85 60 49 36 68 72 55 48 101 11 11 89 76 73 83 17 110 60 61 83 10 22 56 64 
68 93 102 108 92 55 74 27 37 63 0 46 56 70 30 73 80 81 30 52 85 79 26 65 113 60 61 76 82 95 63 79 3 98 44 62 15 25 20 152 72 72 74 77 61 71 51 72 43 79 91 61 73 81 34 
108 118 114 108 114 75 86 67 77 88 46 0 52 24 70 98 120 106 70 6 89 48 66 90 128 85 101 109 97 74 103 119 43 125 58 102 55 39 60 177 97 97 102 89 15 25 71 52 83 95 72 86 98 110 30 
118 110 74 56 139 99 102 77 87 86 56 52 0 64 80 90 107 98 80 46 129 85 76 82 108 77 111 123 89 115 101 129 53 117 50 112 65 31 70 169 89 89 118 99 67 66 101 93 93 123 97 78 90 117 22 
94 117 90 101 91 98 62 91 101 85 70 24 64 0 94 107 123 105 94 18 66 24 90 89 124 94 90 86 109 51 121 143 67 109 70 126 79 51 84 180 96 96 78 65 39 2 95 29 107 72 48 95 107 107 42 
46 63 91 109 70 60 101 51 61 47 30 70 80 94 0 51 58 59 54 76 74 96 4 43 125 38 65 54 104 81 87 49 27 76 65 40 39 49 44 130 50 50 88 104 85 95 64 96 21 80 112 39 51 59 58 
58 46 78 96 75 35 95 94 86 22 73 98 90 107 51 0 45 34 80 92 70 111 47 18 110 13 94 50 79 56 91 99 70 27 40 82 82 59 70 105 25 25 111 98 95 105 39 132 64 76 87 14 26 71 68 
38 85 33 51 86 66 61 60 70 53 80 120 107 123 58 45 0 73 100 126 61 104 54 57 67 58 81 41 97 87 96 107 77 18 85 56 89 99 94 135 64 64 77 58 126 125 70 146 37 67 93 59 71 51 108 
89 33 106 94 83 33 93 102 94 20 81 106 98 105 59 34 73 0 78 100 87 119 55 16 118 21 99 84 87 54 99 65 78 61 48 80 90 67 68 113 9 23 109 96 93 103 37 130 72 81 95 22 34 76 76 
83 90 98 98 68 45 70 40 50 58 30 70 80 94 54 80 100 78 0 76 55 103 50 62 104 67 31 75 95 76 76 103 27 98 68 86 39 49 10 159 69 69 66 73 85 95 41 96 67 49 115 68 80 80 58 
112 112 108 102 109 81 80 73 83 88 52 6 46 18 76 92 126 100 76 0 84 42 72 84 122 79 107 104 91 69 103 125 49 119 52 108 61 33 66 171 91 91 96 83 21 20 77 47 89 90 66 80 92 116 24 
28 99 55 73 25 80 27 90 80 67 85 89 129 66 74 70 61 87 55 84 0 83 70 71 61 76 24 20 92 33 81 123 82 43 103 72 94 104 65 114 78 78 43 30 104 64 80 91 53 6 107 77 89 41 108 
71 131 84 77 108 120 86 100 110 107 79 48 85 24 96 111 104 119 103 42 83 0 92 103 118 98 107 63 110 75 122 145 76 86 71 115 88 54 93 157 110 110 102 89 63 26 119 53 96 89 24 99 111 84 63 
42 67 87 105 66 56 97 47 57 43 26 66 76 90 4 47 54 55 50 72 70 92 0 39 121 34 61 50 100 77 83 53 23 72 61 36 35 45 40 126 46 46 84 100 81 91 60 92 17 76 108 35 47 55 54 
73 28 90 78 67 17 77 86 78 4 65 90 82 89 43 18 57 16 62 84 71 103 39 0 102 5 83 68 71 38 83 81 62 45 32 64 74 51 52 97 7 7 93 80 77 87 21 114 56 65 79 6 18 60 60 
89 130 34 52 74 113 62 86 96 106 113 128 108 124 125 110 67 118 104 122 61 118 121 102 0 97 73 81 31 82 68 174 110 85 70 123 122 89 114 175 109 109 78 59 143 125 109 152 104 55 94 98 95 102 98 
71 33 91 83 62 22 82 81 73 9 60 85 77 94 38 13 58 21 67 79 76 98 34 5 97 0 88 63 66 43 78 86 57 40 27 69 69 46 57 92 12 12 98 85 82 92 26 119 51 70 74 1 13 65 55 
52 111 67 85 37 76 39 71 81 79 61 101 111 90 65 94 81 99 31 107 24 107 61 83 73 88 0 44 104 45 105 114 58 67 99 63 70 80 41 138 90 90 55 42 116 88 72 115 44 18 127 89 101 65 89 
8 80 74 92 45 64 47 97 100 72 76 109 123 86 54 50 41 84 75 104 20 63 50 68 81 63 44 0 102 53 92 103 73 23 88 52 85 95 85 94 75 75 63 50 116 84 60 111 33 26 87 64 76 21 104 
110 99 65 83 105 88 93 55 65 75 82 97 89 109 104 79 97 87 95 91 92 110 100 71 31 66 104 102 0 109 37 152 79 79 39 135 91 58 95 158 78 78 102 90 112 111 92 138 117 86 86 67 79 106 67 
61 66 76 94 46 47 48 68 58 34 95 74 115 51 81 56 87 54 76 69 33 75 77 38 82 43 45 53 109 0 104 119 92 76 70 102 104 89 82 135 45 45 64 51 89 49 51 76 86 27 99 44 56 74 93 
84 111 102 120 106 100 99 36 46 87 63 103 101 121 87 91 96 99 76 103 81 122 83 83 68 78 105 92 37 104 0 136 60 114 51 119 72 70 77 170 90 90 83 102 116 123 104 129 100 87 98 79 91 71 79 
95 98 140 158 119 98 150 100 110 85 79 119 129 143 49 99 107 65 103 125 123 145 53 81 174 86 114 103 152 119 136 0 76 125 113 89 88 98 93 178 74 88 137 153 134 144 102 145 70 129 160 87 99 108 107 
65 90 105 105 89 52 77 24 34 60 3 43 53 67 27 70 77 78 27 49 82 76 23 62 110 57 58 73 79 92 60 76 0 95 41 59 12 22 17 149 69 69 71 80 58 68 48 69 40 76 88 58 70 78 31 
31 73 51 69 68 62 70 78 88 49 98 125 117 109 76 27 18 61 98 119 43 86 72 45 85 40 67 23 79 76 114 125 95 0 67 74 86 86 97 117 52 52 86 73 122 107 66 134 55 49 110 41 53 44 95 
80 60 104 106 89 49 109 65 75 36 44 58 50 70 65 40 85 48 68 52 103 71 61 32 70 27 99 88 39 70 51 113 41 67 0 96 53 19 58 119 39 39 112 112 73 72 53 99 78 97 47 28 40 67 28 
44 78 89 107 68 81 99 83 93 68 62 102 112 126 40 82 56 80 86 108 72 115 36 64 123 69 63 52 135 102 119 89 59 74 96 0 71 81 76 146 71 57 115 102 117 127 85 128 19 78 139 70 82 57 90 
77 102 117 117 101 64 89 36 46 72 15 55 65 79 39 82 89 90 39 61 94 88 35 74 122 69 70 85 91 104 72 88 12 86 53 71 0 34 29 161 81 81 83 92 70 80 60 57 52 88 100 70 82 90 43 
87 79 105 87 108 68 99 46 56 55 25 39 31 51 49 59 99 67 49 33 104 54 45 51 89 46 80 95 58 89 70 98 22 86 19 81 34 0 39 138 58 58 93 102 54 53 70 80 62 98 66 47 59 86 9 
82 80 106 88 78 35 80 41 51 48 20 60 70 84 44 70 94 68 10 66 65 93 40 52 114 57 41 85 95 82 77 93 17 97 58 76 29 39 0 149 59 59 76 83 75 85 31 86 57 59 105 58 70 70 48 
102 93 168 175 139 114 141 173 165 101 152 177 169 180 130 105 135 113 159 171 114 157 126 97 175 92 138 94 158 135 170 178 149 117 119 146 161 138 149 0 104 104 157 144 174 178 118 205 127 120 166 91 103 115 147 
80 35 97 85 74 24 84 93 85 11 72 97 89 96 50 25 64 9 69 91 78 110 46 7 109 12 90 75 78 45 90 74 69 52 39 71 81 58 59 104 0 14 100 87 84 94 28 121 63 72 86 13 25 67 67 
80 21 97 85 74 24 84 93 85 11 72 97 89 96 50 25 64 23 69 91 78 110 46 7 109 12 90 75 78 45 90 88 69 52 39 57 81 58 59 104 14 0 100 87 84 94 28 121 63 72 86 13 25 67 67 
71 121 44 62 56 76 16 47 37 89 74 102 118 78 88 111 77 109 66 96 43 102 84 93 78 98 55 63 102 64 83 137 71 86 112 115 83 93 76 157 100 100 0 19 117 80 72 107 96 37 104 99 111 84 102 
58 108 25 43 43 63 3 66 56 76 77 89 99 65 104 98 58 96 73 83 30 89 100 80 59 85 42 50 90 51 102 153 80 73 112 102 92 102 83 144 87 87 19 0 104 67 59 94 83 24 85 86 98 71 107 
108 105 129 113 129 60 101 82 92 73 61 15 67 39 85 95 126 93 85 21 104 63 81 77 143 82 116 116 112 89 116 134 58 122 73 117 70 54 75 174 84 84 117 104 0 40 56 67 98 110 87 83 95 95 45 
92 115 92 103 89 96 64 92 102 83 71 25 66 2 95 105 125 103 95 20 64 26 91 87 125 92 88 84 111 49 123 144 68 107 72 127 80 53 85 178 94 94 80 67 40 0 96 27 108 70 50 93 105 105 44 
52 49 75 57 88 4 56 72 82 17 51 71 101 95 64 39 70 37 41 77 80 119 60 21 109 26 72 60 92 51 104 102 48 66 53 85 60 70 31 118 28 28 72 59 56 96 0 117 77 77 100 27 39 39 79 
112 142 119 130 116 121 91 93 103 110 72 52 93 29 96 132 146 130 96 47 91 53 92 114 152 119 115 111 138 76 129 145 69 134 99 128 57 80 86 205 121 121 107 94 67 27 117 0 109 97 77 120 132 125 71 
25 84 70 88 49 73 80 64 74 60 43 83 93 107 21 64 37 72 67 89 53 96 17 56 104 51 44 33 117 86 100 70 40 55 78 19 52 62 57 127 63 63 96 83 98 108 77 109 0 59 120 52 64 38 71 
34 93 49 67 19 74 21 84 74 61 79 95 123 72 80 76 67 81 49 90 6 89 76 65 55 70 18 26 86 27 87 129 76 49 97 78 88 98 59 120 72 72 37 24 110 70 77 97 59 0 109 71 83 47 107 
95 107 60 78 128 96 88 112 122 83 91 72 97 48 112 87 93 95 115 66 107 24 108 79 94 74 127 87 86 99 98 160 88 110 47 139 100 66 105 166 86 86 104 85 87 50 100 77 120 109 0 75 87 108 75 
72 34 92 84 63 23 83 82 74 10 61 86 78 95 39 14 59 22 68 80 77 99 35 6 98 1 89 64 67 44 79 87 58 41 28 70 70 47 58 91 13 13 99 86 83 93 27 120 52 71 75 0 12 66 56 
84 46 104 96 75 35 95 94 86 22 73 98 90 107 51 26 71 34 80 92 89 111 47 18 95 13 101 76 79 56 91 99 70 53 40 82 82 59 70 103 25 25 111 98 95 105 39 132 64 83 87 12 0 78 68 
13 59 84 96 66 43 68 102 112 56 81 110 117 107 59 71 51 76 80 116 41 84 55 60 102 65 65 21 106 74 71 108 78 44 67 57 90 86 70 115 67 67 84 71 95 105 39 125 38 47 108 66 78 0 95 
96 88 96 78 117 77 104 55 65 64 34 30 22 42 58 68 108 76 58 24 108 63 54 60 98 55 89 104 67 93 79 107 31 95 28 90 43 9 48 147 67 67 102 107 45 44 79 71 71 107 75 56 68 95 0 
2
100
1
5
74
62
55
47
75
75
10
11
94
96
57
41
3
62
88
51
44
74
64
30
60
95
62
23
85
51
44
22
71
51
39
20
4
17
40
36
3
8
88
53
38
89
88
34
86
36
1
20
37
6
