80
0 37 54 75 46 55 49 5 49 56 27 62 73 77 54 34 31 57 63 68 75 56 14 50 36 26 60 27 62 36 43 32 60 28 76 4 50 53 78 24 44 26 29 57 79 64 29 67 24 38 61 59 16 3 59 27 16 41 33 23 65 28 53 60 52 72 57 81 61 74 28 62 69 11 39 49 30 62 56 76 
37 0 45 71 55 46 56 34 25 45 47 61 68 59 20 9 62 56 44 57 74 29 23 57 52 35 56 14 78 6 6 23 73 54 69 41 35 39 57 21 43 50 39 54 82 45 10 80 54 23 51 58 21 39 78 64 52 61 9 37 60 9 35 69 42 51 65 92 75 56 64 45 58 48 14 72 39 35 27 71 
54 45 0 26 25 1 25 49 25 4 36 19 23 28 38 36 54 15 20 14 30 28 50 25 31 29 11 38 46 39 49 26 40 43 24 55 11 8 32 34 12 39 28 10 39 20 51 43 46 22 7 15 47 53 47 61 56 38 37 34 15 48 16 33 3 27 30 51 42 25 60 16 15 57 32 49 27 29 30 26 
75 71 26 0 30 25 27 70 51 28 49 13 3 40 64 62 62 18 42 23 6 54 73 26 40 49 16 62 34 65 75 50 29 52 9 74 37 34 46 57 31 51 46 18 15 41 75 28 58 48 23 16 70 72 36 72 69 41 63 52 11 72 42 22 29 44 22 30 30 39 72 38 24 73 58 46 45 54 56 4 
46 55 25 30 0 25 3 41 44 29 19 17 29 52 57 46 33 14 45 35 29 50 47 4 10 22 20 43 24 49 60 32 19 23 34 45 33 32 57 36 15 21 18 18 33 45 55 26 28 34 29 16 45 43 23 43 39 13 46 24 24 53 40 16 27 52 12 39 21 49 42 41 36 43 44 24 18 53 52 32 
55 46 1 25 25 0 24 50 26 5 36 18 22 28 39 37 54 14 21 13 29 29 51 24 31 29 10 39 45 40 50 27 39 43 23 55 12 9 33 35 12 39 28 9 38 21 52 42 46 23 6 14 48 53 46 61 56 38 38 34 14 49 17 32 4 28 29 50 41 25 60 17 14 57 33 49 27 30 31 25 
49 56 25 27 3 24 0 44 45 29 22 14 26 51 58 47 36 12 45 33 26 50 50 1 13 25 18 45 22 50 61 33 17 26 31 48 33 32 56 38 15 24 21 17 30 45 58 24 31 36 28 14 48 46 22 46 42 15 47 26 22 55 40 13 27 52 9 36 19 48 45 41 34 46 46 25 21 53 52 29 
5 34 49 70 41 50 44 0 44 51 24 57 68 72 49 29 31 52 58 63 70 51 11 45 32 21 55 22 59 32 40 27 57 26 71 7 45 48 73 19 39 24 24 52 74 59 26 64 23 33 56 54 13 5 57 30 18 39 28 18 60 25 48 56 47 67 53 78 58 69 30 57 64 14 34 47 25 57 51 71 
49 25 25 51 44 26 45 44 0 23 46 44 48 34 13 18 63 40 19 33 55 7 38 46 46 32 36 23 67 19 26 19 62 53 48 51 14 17 33 25 30 49 35 35 64 20 32 68 55 12 29 40 35 49 67 69 58 55 19 37 40 30 10 57 22 27 53 76 64 31 68 20 34 57 12 67 34 13 8 51 
56 45 4 28 29 5 29 51 23 0 40 23 25 24 36 37 58 19 16 12 33 26 51 29 35 32 14 39 50 39 49 27 44 47 25 57 10 6 28 35 16 43 31 14 42 16 52 47 50 23 6 19 48 55 51 65 59 42 38 36 17 49 14 37 4 23 34 55 46 21 64 12 13 59 31 53 30 26 28 28 
27 47 36 49 19 36 22 24 46 40 0 36 48 64 57 39 18 32 53 49 48 53 33 23 9 14 37 33 35 42 53 28 33 7 52 26 39 40 68 26 24 3 11 34 52 54 44 40 10 34 42 34 32 24 33 25 21 15 38 10 42 42 45 33 37 62 30 54 34 61 24 50 50 24 41 25 12 57 54 51 
62 61 19 13 17 18 14 57 44 23 36 0 12 42 57 52 49 5 38 24 13 47 60 13 27 36 9 50 28 55 66 38 22 39 17 61 30 27 48 45 18 38 33 9 21 38 63 25 45 39 20 4 57 59 29 59 56 29 52 39 9 60 35 15 22 45 13 32 24 40 59 34 25 60 49 37 32 48 49 15 
73 68 23 3 29 22 26 68 48 25 48 12 0 37 61 59 61 16 39 20 9 51 71 25 39 47 13 60 36 62 72 48 30 51 6 72 34 31 43 55 29 50 44 16 18 38 73 31 57 45 20 14 68 70 37 71 68 41 60 50 8 70 39 23 26 41 23 33 32 36 71 35 21 72 55 47 43 51 53 3 
77 59 28 40 52 28 51 72 34 24 64 42 37 0 42 51 82 39 15 18 46 31 69 51 59 54 33 55 70 53 60 45 64 71 32 78 27 25 6 53 40 67 54 35 55 14 66 67 74 40 23 39 66 76 71 89 82 65 52 59 33 63 25 57 28 8 54 70 66 3 88 15 17 82 45 76 53 25 33 37 
54 20 38 64 57 39 58 49 13 36 57 57 61 42 0 20 74 53 27 45 68 11 41 59 57 43 49 27 80 18 18 29 75 64 61 56 27 30 40 31 43 60 46 48 77 28 30 81 65 23 42 53 38 54 80 77 65 66 21 47 53 29 22 70 35 34 66 89 77 39 76 30 45 63 16 78 45 17 9 64 
34 9 36 62 46 37 47 29 18 37 39 52 59 51 20 0 56 47 36 49 65 24 21 48 43 26 47 7 69 3 14 14 64 46 60 36 27 31 51 13 34 42 30 45 73 37 15 71 47 14 43 49 18 34 69 58 46 52 1 29 51 12 27 60 33 45 56 83 66 48 58 37 50 43 6 64 30 30 23 62 
31 62 54 62 33 54 36 31 63 58 18 49 61 82 74 56 0 47 71 67 59 70 42 36 24 31 53 49 39 59 68 45 39 11 66 27 57 58 86 43 42 15 29 51 61 72 56 46 9 51 60 49 43 28 36 11 15 21 55 27 57 55 63 42 55 80 40 60 40 79 10 68 68 20 58 22 30 75 71 64 
57 56 15 18 14 14 12 52 40 19 32 5 16 39 53 47 47 0 35 21 18 43 55 12 24 31 6 45 31 50 61 33 25 37 20 56 26 23 45 40 13 35 28 5 26 35 58 29 42 34 17 2 52 54 32 57 53 27 47 34 10 55 31 18 18 42 15 37 27 37 56 31 22 56 44 37 27 44 45 19 
63 44 20 42 45 21 45 58 19 16 53 38 39 15 27 36 71 35 0 19 47 16 54 45 49 42 29 41 66 38 45 32 60 60 36 65 15 13 15 39 30 56 42 30 56 1 51 63 63 25 19 35 51 63 67 78 70 57 37 47 31 48 10 53 18 9 50 70 62 12 77 4 19 70 30 69 41 12 18 40 
68 57 14 23 35 13 33 63 33 12 49 24 20 18 45 49 67 21 19 0 29 34 63 33 44 42 15 51 52 51 59 39 46 56 17 68 22 18 24 47 25 52 41 17 38 18 64 49 59 35 7 21 60 66 53 74 69 48 50 47 15 61 23 39 16 21 36 53 48 16 73 15 1 70 43 58 40 31 36 21 
75 74 30 6 29 29 26 70 55 33 48 13 9 46 68 65 59 18 47 29 0 58 73 25 39 49 19 63 29 68 79 51 24 51 15 74 41 38 52 58 31 50 46 21 9 46 76 23 57 52 28 17 70 72 31 70 68 38 65 52 16 73 46 18 33 50 19 24 25 45 69 43 30 72 62 42 45 59 60 10 
56 29 28 54 50 29 50 51 7 26 53 47 51 31 11 24 70 43 16 34 58 0 45 51 53 39 39 30 72 24 29 26 67 60 51 58 18 20 29 32 35 56 42 38 67 17 37 71 62 19 32 43 42 56 72 76 65 62 25 44 43 35 12 61 25 23 57 79 69 28 75 19 34 64 18 74 41 6 2 54 
14 23 50 73 47 51 50 11 38 51 33 60 71 69 41 21 42 55 54 63 73 45 0 50 40 25 58 15 68 23 29 24 65 37 74 18 42 46 69 16 42 33 29 55 79 55 15 72 34 29 57 57 3 16 66 41 29 48 20 24 63 14 44 62 47 63 58 85 66 66 41 54 64 25 27 57 29 51 44 74 
50 57 25 26 4 24 1 45 46 29 23 13 25 51 59 48 36 12 45 33 25 51 50 0 14 25 18 46 22 51 62 34 17 26 30 49 33 32 56 39 16 25 22 16 29 45 58 23 32 36 28 13 48 47 22 46 43 16 48 27 21 56 40 12 27 52 8 35 19 48 46 41 34 47 46 25 21 53 53 28 
36 52 31 40 10 31 13 32 46 35 9 27 39 59 57 43 24 24 49 44 39 53 40 14 0 17 30 38 28 46 57 29 25 13 44 35 36 36 63 31 19 11 13 27 43 50 50 32 18 34 37 26 38 33 26 33 29 9 43 16 34 48 43 24 32 58 21 46 26 56 32 46 45 33 42 21 13 56 54 42 
26 35 29 49 22 29 25 21 32 32 14 36 47 54 43 26 31 31 42 42 49 39 25 25 17 0 34 21 45 29 40 14 40 21 50 26 27 29 57 14 18 17 4 31 54 42 33 47 23 20 35 33 23 24 43 37 28 26 26 5 39 31 33 37 28 51 33 60 42 51 37 39 43 28 27 38 4 44 40 50 
60 56 11 16 20 10 18 55 36 14 37 9 13 33 49 47 53 6 29 15 19 39 58 18 30 34 0 47 37 50 60 35 31 43 16 59 22 19 39 42 16 40 31 3 28 29 60 34 47 33 11 6 55 57 38 62 58 33 48 37 5 57 27 24 14 36 21 41 33 31 61 25 16 60 43 43 30 40 41 16 
27 14 38 62 43 39 45 22 23 39 33 50 60 55 27 7 49 45 41 51 63 30 15 46 38 21 47 0 66 10 20 12 61 40 62 29 29 33 56 7 32 36 25 44 71 42 13 68 40 16 45 47 12 27 64 51 39 47 6 23 52 10 31 58 35 50 54 81 63 52 51 40 52 36 12 58 25 36 29 63 
62 78 46 34 24 45 22 59 67 50 35 28 36 70 80 69 39 31 66 52 29 72 68 22 28 45 37 66 0 72 83 55 6 34 42 60 55 53 76 59 37 36 41 36 25 66 78 7 40 58 48 31 66 59 3 50 52 21 69 44 37 76 61 13 48 73 16 21 4 68 49 62 53 56 68 17 41 74 74 38 
36 6 39 65 49 40 50 32 19 39 42 55 62 53 18 3 59 50 38 51 68 24 23 51 46 29 50 10 72 0 11 17 67 49 63 39 29 33 52 16 37 45 33 48 76 39 13 74 50 17 45 52 20 37 72 61 49 55 4 32 54 11 29 63 36 46 59 86 69 50 61 39 52 46 8 67 33 30 23 65 
43 6 49 75 60 50 61 40 26 49 53 66 72 60 18 14 68 61 45 59 79 29 29 62 57 40 60 20 83 11 0 28 78 60 73 47 39 43 58 27 48 56 44 59 87 46 15 85 60 28 55 63 27 45 83 70 58 66 15 43 64 15 36 74 46 52 70 97 80 57 70 46 60 54 18 78 44 35 27 75 
32 23 26 50 32 27 33 27 19 27 28 38 48 45 29 14 45 33 32 39 51 26 24 34 29 14 35 12 55 17 28 0 50 35 50 33 18 22 47 8 20 31 17 32 59 33 25 57 36 7 33 35 21 31 55 50 39 38 14 18 40 22 22 46 23 41 42 69 52 42 49 30 40 38 13 50 16 32 27 51 
60 73 40 29 19 39 17 57 62 44 33 22 30 64 75 64 39 25 60 46 24 67 65 17 25 40 31 61 6 67 78 50 0 33 36 59 50 47 70 54 32 34 37 30 22 60 73 7 39 53 42 25 63 57 7 50 51 19 64 41 31 71 55 7 42 67 10 21 2 62 49 56 47 55 63 19 36 68 69 33 
28 54 43 52 23 43 26 26 53 47 7 39 51 71 64 46 11 37 60 56 51 60 37 26 13 21 43 40 34 49 60 35 33 0 56 26 46 47 75 33 31 4 18 40 54 61 49 40 6 41 49 39 36 25 32 20 18 14 45 17 47 47 52 35 44 69 32 54 34 68 20 57 57 22 48 21 19 64 61 54 
76 69 24 9 34 23 31 71 48 25 52 17 6 32 61 60 66 20 36 17 15 51 74 30 44 50 16 62 42 63 73 50 36 56 0 75 35 31 38 58 32 55 47 19 24 35 75 37 62 46 19 18 71 73 43 76 73 46 61 53 11 72 39 29 27 38 29 39 38 31 76 32 17 76 56 53 46 48 53 5 
4 41 55 74 45 55 48 7 51 57 26 61 72 78 56 36 27 56 65 68 74 58 18 49 35 26 59 29 60 39 47 33 59 26 75 0 51 54 80 26 44 25 28 56 78 66 33 66 21 40 61 58 20 2 58 23 12 40 35 22 64 32 55 59 53 74 56 80 60 75 24 63 69 7 41 46 29 64 58 75 
50 35 11 37 33 12 33 45 14 10 39 30 34 27 27 27 57 26 15 22 41 18 42 33 36 27 22 29 55 29 39 18 50 46 35 51 0 4 30 26 18 42 28 21 50 15 42 54 49 13 16 26 39 49 55 64 55 45 28 32 26 39 7 44 8 24 40 62 52 24 63 12 23 55 21 57 27 20 20 37 
53 39 8 34 32 9 32 48 17 6 40 27 31 25 30 31 58 23 13 18 38 20 46 32 36 29 19 33 53 33 43 22 47 47 31 54 4 0 28 30 17 43 29 18 47 14 46 51 50 17 12 23 43 52 54 65 57 44 32 34 23 43 8 41 5 22 37 59 49 22 64 10 19 57 25 56 28 21 22 34 
78 57 32 46 57 33 56 73 33 28 68 48 43 6 40 51 86 45 15 24 52 29 69 56 63 57 39 56 76 52 58 47 70 75 38 80 30 28 0 54 44 71 57 40 61 15 65 73 78 40 28 45 66 78 77 93 85 70 52 62 39 63 25 63 32 6 60 76 72 8 92 18 23 85 45 81 56 23 31 43 
24 21 34 57 36 35 38 19 25 35 26 45 55 53 31 13 43 40 39 47 58 32 16 39 31 14 42 7 59 16 27 8 54 33 58 26 26 30 54 0 27 29 18 39 66 40 20 61 34 14 41 42 13 24 57 46 34 40 12 16 47 17 29 51 31 48 47 74 56 50 45 38 48 32 15 51 18 38 32 58 
44 43 12 31 15 12 15 39 30 16 24 18 29 40 43 34 42 13 30 25 31 35 42 16 19 18 16 32 37 37 48 20 32 31 32 44 18 17 44 27 0 27 16 13 39 31 45 38 34 21 18 15 39 42 37 49 44 27 34 22 21 42 25 27 13 39 23 50 34 37 48 27 26 45 31 39 15 38 37 32 
26 50 39 51 21 39 24 24 49 43 3 38 50 67 60 42 15 35 56 52 50 56 33 25 11 17 40 36 36 45 56 31 34 4 55 25 42 43 71 29 27 0 14 37 54 57 46 41 7 37 45 37 33 23 33 22 18 15 41 13 45 44 48 35 40 65 32 55 35 64 21 53 53 22 44 24 15 60 57 53 
29 39 28 46 18 28 21 24 35 31 11 33 44 54 46 30 29 28 42 41 46 42 29 22 13 4 31 25 41 33 44 17 37 18 47 28 28 29 57 18 16 14 0 28 51 43 37 44 21 23 34 30 27 26 39 36 28 22 30 6 36 35 34 34 27 51 30 57 39 51 35 39 42 29 30 34 1 46 43 47 
57 54 10 18 18 9 17 52 35 14 34 9 16 35 48 45 51 5 30 17 21 38 55 16 27 31 3 44 36 48 59 32 30 40 19 56 21 18 40 39 13 37 28 0 30 30 57 33 44 31 12 5 52 54 37 59 55 31 46 34 8 54 26 23 13 37 20 41 32 32 58 26 18 57 41 41 27 39 40 19 
79 82 39 15 33 38 30 74 64 42 52 21 18 55 77 73 61 26 56 38 9 67 79 29 43 54 28 71 25 76 87 59 22 54 24 78 50 47 61 66 39 54 51 30 0 55 84 18 60 60 37 25 77 76 28 72 72 40 73 56 25 81 55 19 42 59 22 15 22 54 71 52 39 76 70 41 50 68 69 19 
64 45 20 41 45 21 45 59 20 16 54 38 38 14 28 37 72 35 1 18 46 17 55 45 50 42 29 42 66 39 46 33 60 61 35 66 15 14 15 40 31 57 43 30 55 0 52 63 64 26 18 35 52 64 67 79 70 58 38 47 30 49 11 53 18 9 50 69 62 11 78 4 18 70 31 69 42 13 19 39 
29 10 51 75 55 52 58 26 32 52 44 63 73 66 30 15 56 58 51 64 76 37 15 58 50 33 60 13 78 13 15 25 73 49 75 33 42 46 65 20 45 46 37 57 84 52 0 80 47 29 58 60 13 31 76 56 44 58 14 34 65 3 42 70 48 59 66 93 75 63 56 52 65 40 21 69 37 43 36 76 
67 80 43 28 26 42 24 64 68 47 40 25 31 67 81 71 46 29 63 49 23 71 72 23 32 47 34 68 7 74 85 57 7 40 37 66 54 51 73 61 38 41 44 33 18 63 80 0 46 59 45 28 70 64 10 57 58 26 71 48 34 78 59 11 46 70 15 14 6 65 56 59 50 62 69 24 43 72 73 32 
24 54 46 58 28 46 31 23 55 50 10 45 57 74 65 47 9 42 63 59 57 62 34 32 18 23 47 40 40 50 60 36 39 6 62 21 49 50 78 34 34 7 21 44 60 64 47 46 0 43 52 44 34 21 37 15 12 20 46 18 52 46 55 41 47 72 38 60 40 71 14 60 60 16 49 25 22 67 63 60 
38 23 22 48 34 23 36 33 12 23 34 39 45 40 23 14 51 34 25 35 52 19 29 36 34 20 33 16 58 17 28 7 53 41 46 40 13 17 40 14 21 37 23 31 60 26 29 59 43 0 29 35 26 38 57 57 46 43 15 25 37 26 15 48 19 34 44 71 55 37 56 25 36 45 10 55 22 25 20 48 
61 51 7 23 29 6 28 56 29 6 42 20 20 23 42 43 60 17 19 7 28 32 57 28 37 35 11 45 48 45 55 33 42 49 19 61 16 12 28 41 18 45 34 12 37 18 58 45 52 29 0 17 54 59 49 67 62 42 44 40 12 55 20 35 10 25 32 51 44 20 66 15 8 63 37 53 33 31 34 22 
59 58 15 16 16 14 14 54 40 19 34 4 14 39 53 49 49 2 35 21 17 43 57 13 26 33 6 47 31 52 63 35 25 39 18 58 26 23 45 42 15 37 30 5 25 35 60 28 44 35 17 0 54 56 32 59 55 29 49 36 8 57 31 18 18 42 15 36 27 37 58 31 22 58 45 38 29 44 45 17 
16 21 47 70 45 48 48 13 35 48 32 57 68 66 38 18 43 52 51 60 70 42 3 48 38 23 55 12 66 20 27 21 63 36 71 20 39 43 66 13 39 33 27 52 77 52 13 70 34 26 54 54 0 18 64 43 31 46 17 22 60 12 41 60 44 60 56 83 64 63 43 51 61 27 24 57 27 48 41 71 
3 39 53 72 43 53 46 5 49 55 24 59 70 76 54 34 28 54 63 66 72 56 16 47 33 24 57 27 59 37 45 31 57 25 73 2 49 52 78 24 42 23 26 54 76 64 31 64 21 38 59 56 18 0 56 25 13 38 33 20 62 30 53 57 51 72 54 78 58 73 25 61 67 9 39 46 27 62 56 73 
59 78 47 36 23 46 22 57 67 51 33 29 37 71 80 69 36 32 67 53 31 72 66 22 26 43 38 64 3 72 83 55 7 32 43 58 55 54 77 57 37 33 39 37 28 67 76 10 37 57 49 32 64 56 0 47 49 18 69 42 38 74 62 14 49 74 17 24 6 69 46 63 54 53 67 14 39 75 74 40 
27 64 61 72 43 61 46 30 69 65 25 59 71 89 77 58 11 57 78 74 70 76 41 46 33 37 62 51 50 61 70 50 50 20 76 23 64 65 93 46 49 22 36 59 72 79 56 57 15 57 67 59 43 25 47 0 12 32 57 32 67 55 70 53 62 87 51 71 51 86 1 75 75 16 61 33 37 81 77 74 
16 52 56 69 39 56 42 18 58 59 21 56 68 82 65 46 15 53 70 69 68 65 29 43 29 28 58 39 52 49 58 39 51 18 73 12 55 57 85 34 44 18 28 55 72 70 44 58 12 46 62 55 31 13 49 12 0 32 45 23 63 43 61 53 55 79 50 72 52 79 12 67 70 5 49 36 29 71 66 71 
41 61 38 41 13 38 15 39 55 42 15 29 41 65 66 52 21 27 57 48 38 62 48 16 9 26 33 47 21 55 66 38 19 14 46 40 45 44 70 40 27 15 22 31 40 58 58 26 20 43 42 29 46 38 18 32 32 0 52 24 37 56 52 21 40 65 19 40 20 62 31 54 49 36 51 12 22 65 63 44 
33 9 37 63 46 38 47 28 19 38 38 52 60 52 21 1 55 47 37 50 65 25 20 48 43 26 48 6 69 4 15 14 64 45 61 35 28 32 52 12 34 41 30 46 73 38 14 71 46 15 44 49 17 33 69 57 45 52 0 28 52 11 28 60 34 46 56 83 66 49 57 38 51 42 7 63 30 31 24 63 
23 37 34 52 24 34 26 18 37 36 10 39 50 59 47 29 27 34 47 47 52 44 24 27 16 5 37 23 44 32 43 18 41 17 53 22 32 34 62 16 22 13 6 34 56 47 34 48 18 25 40 36 22 20 42 32 23 24 28 0 42 32 38 39 32 56 35 62 42 56 32 44 48 23 31 35 7 49 45 53 
65 60 15 11 24 14 22 60 40 17 42 9 8 33 53 51 57 10 31 15 16 43 63 21 34 39 5 52 37 54 64 40 31 47 11 64 26 23 39 47 21 45 36 8 25 30 65 34 52 37 12 8 60 62 38 67 63 37 52 42 0 62 31 24 18 36 22 39 33 31 66 27 16 65 47 46 35 43 45 11 
28 9 48 72 53 49 55 25 30 49 42 60 70 63 29 12 55 55 48 61 73 35 14 56 48 31 57 10 76 11 15 22 71 47 72 32 39 43 63 17 42 44 35 54 81 49 3 78 46 26 55 57 12 30 74 55 43 56 11 32 62 0 39 68 45 57 64 91 73 60 55 49 62 39 18 67 35 41 34 73 
53 35 16 42 40 17 40 48 10 14 45 35 39 25 22 27 63 31 10 23 46 12 44 40 43 33 27 31 61 29 36 22 55 52 39 55 7 8 25 29 25 48 34 26 55 11 42 59 55 15 20 31 41 53 62 70 61 52 28 38 31 39 0 49 13 19 45 67 57 22 69 10 24 60 21 64 33 13 14 42 
60 69 33 22 16 32 13 56 57 37 33 15 23 57 70 60 42 18 53 39 18 61 62 12 24 37 24 58 13 63 74 46 7 35 29 59 44 41 63 51 27 35 34 23 19 53 70 11 41 48 35 18 60 57 14 53 53 21 60 39 24 68 49 0 36 60 4 23 9 55 52 49 40 57 58 24 33 62 63 26 
52 42 3 29 27 4 27 47 22 4 37 22 26 28 35 33 55 18 18 16 33 25 47 27 32 28 14 35 48 36 46 23 42 44 27 53 8 5 32 31 13 40 27 13 42 18 48 46 47 19 10 18 44 51 49 62 55 40 34 32 18 45 13 36 0 26 32 54 44 25 61 14 17 55 29 51 26 26 27 29 
72 51 27 44 52 28 52 67 27 23 62 45 41 8 34 45 80 42 9 21 50 23 63 52 58 51 36 50 73 46 52 41 67 69 38 74 24 22 6 48 39 65 51 37 59 9 59 70 72 34 25 42 60 72 74 87 79 65 46 56 36 57 19 60 26 0 57 74 69 7 86 12 21 79 39 76 50 17 25 42 
57 65 30 22 12 29 9 53 53 34 30 13 23 54 66 56 40 15 50 36 19 57 58 8 21 33 21 54 16 59 70 42 10 32 29 56 40 37 60 47 23 32 30 20 22 50 66 15 38 44 32 15 56 54 17 51 50 19 56 35 22 64 45 4 32 57 0 27 12 52 50 46 37 54 54 24 29 58 59 26 
81 92 51 30 39 50 36 78 76 55 54 32 33 70 89 83 60 37 70 53 24 79 85 35 46 60 41 81 21 86 97 69 21 54 39 80 62 59 76 74 50 55 57 41 15 69 93 14 60 71 51 36 83 78 24 71 72 40 83 62 39 91 67 23 54 74 27 0 20 69 70 66 54 76 81 38 56 80 81 34 
61 75 42 30 21 41 19 58 64 46 34 24 32 66 77 66 40 27 62 48 25 69 66 19 26 42 33 63 4 69 80 52 2 34 38 60 52 49 72 56 34 35 39 32 22 62 75 6 40 55 44 27 64 58 6 51 52 20 66 42 33 73 57 9 44 69 12 20 0 64 50 58 49 56 65 19 38 70 71 34 
74 56 25 39 49 25 48 69 31 21 61 40 36 3 39 48 79 37 12 16 45 28 66 48 56 51 31 52 68 50 57 42 62 68 31 75 24 22 8 50 37 64 51 32 54 11 63 65 71 37 20 37 63 73 69 86 79 62 49 56 31 60 22 55 25 7 52 69 64 0 85 12 15 79 42 73 50 22 30 36 
28 64 60 72 42 60 45 30 68 64 24 59 71 88 76 58 10 56 77 73 69 75 41 46 32 37 61 51 49 61 70 49 49 20 76 24 63 64 92 45 48 21 35 58 71 78 56 56 14 56 66 58 43 25 46 1 12 31 57 32 66 55 69 52 61 86 50 70 50 85 0 74 74 17 60 32 36 81 76 74 
62 45 16 38 41 17 41 57 20 12 50 34 35 15 30 37 68 31 4 15 43 19 54 41 46 39 25 40 62 39 46 30 56 57 32 63 12 10 18 38 27 53 39 26 52 4 52 59 60 25 15 31 51 61 63 75 67 54 38 44 27 49 10 49 14 12 46 66 58 12 74 0 15 67 31 65 38 16 21 36 
69 58 15 24 36 14 34 64 34 13 50 25 21 17 45 50 68 22 19 1 30 34 64 34 45 43 16 52 53 52 60 40 47 57 17 69 23 19 23 48 26 53 42 18 39 18 65 50 60 36 8 22 61 67 54 75 70 49 51 48 16 62 24 40 17 21 37 54 49 15 74 15 0 71 44 59 41 31 36 21 
11 48 57 73 43 57 46 14 57 59 24 60 72 82 63 43 20 56 70 70 72 64 25 47 33 28 60 36 56 46 54 38 55 22 76 7 55 57 85 32 45 22 29 57 76 70 40 62 16 45 63 58 27 9 53 16 5 36 42 23 65 39 60 57 55 79 54 76 56 79 17 67 71 0 47 41 30 70 64 75 
39 14 32 58 44 33 46 34 12 31 41 49 55 45 16 6 58 44 30 43 62 18 27 46 42 27 43 12 68 8 18 13 63 48 56 41 21 25 45 15 31 44 30 41 70 31 21 69 49 10 37 45 24 39 67 61 49 51 7 31 47 18 21 58 29 39 54 81 65 42 60 31 44 47 0 63 29 24 17 58 
49 72 49 46 24 49 25 47 67 53 25 37 47 76 78 64 22 37 69 58 42 74 57 25 21 38 43 58 17 67 78 50 19 21 53 46 57 56 81 51 39 24 34 41 41 69 69 24 25 55 53 38 57 46 14 33 36 12 63 35 46 67 64 24 51 76 24 38 19 73 32 65 59 41 63 0 34 77 75 50 
30 39 27 45 18 27 21 25 34 30 12 32 43 53 45 30 30 27 41 40 45 41 29 21 13 4 30 25 41 33 44 16 36 19 46 29 27 28 56 18 15 15 1 27 50 42 37 43 22 22 33 29 27 27 39 37 29 22 30 7 35 35 33 33 26 50 29 56 38 50 36 38 41 30 29 34 0 45 42 46 
62 35 29 54 53 30 53 57 13 26 57 48 51 25 17 30 75 44 12 31 59 6 51 53 56 44 40 36 74 30 35 32 68 64 48 64 20 21 23 38 38 60 46 39 68 13 43 72 67 25 31 44 48 62 75 81 71 65 31 49 43 41 13 62 26 17 58 80 70 22 81 16 31 70 24 77 45 0 8 52 
56 27 30 56 52 31 52 51 8 28 54 49 53 33 9 23 71 45 18 36 60 2 44 53 54 40 41 29 74 23 27 27 69 61 53 58 20 22 31 32 37 57 43 40 69 19 36 73 63 20 34 45 41 56 74 77 66 63 24 45 45 34 14 63 27 25 59 81 71 30 76 21 36 64 17 75 42 8 0 56 
76 71 26 4 32 25 29 71 51 28 51 15 3 37 64 62 64 19 40 21 10 54 74 28 42 50 16 63 38 65 75 51 33 54 5 75 37 34 43 58 32 53 47 19 19 39 76 32 60 48 22 17 71 73 40 74 71 44 63 53 11 73 42 26 29 42 26 34 34 36 74 36 21 75 58 50 46 52 56 0 
18
10
23
97
49
34
26
60
16
74
58
3
97
34
26
23
70
27
99
96
27
37
7
46
13
9
29
98
21
81
57
6
31
26
14
18
74
42
89
98
33
13
45
99
29
30
75
88
35
20
68
94
45
50
91
27
58
91
49
40
84
33
23
56
63
37
36
21
90
5
56
69
62
41
94
89
59
14
92
