80
0 40 68 41 39 26 12 55 41 27 47 40 35 20 50 5 70 14 76 78 63 75 29 78 83 36 58 81 42 18 76 54 68 84 44 42 31 69 29 30 9 16 57 43 82 45 69 41 44 76 74 41 56 66 70 28 70 60 34 9 35 29 79 62 52 23 41 37 39 16 65 46 61 12 35 53 37 72 59 27 
40 0 50 36 22 54 29 65 6 55 45 20 60 26 56 35 57 47 54 48 67 53 60 72 79 19 25 80 66 54 62 46 51 88 61 21 21 42 41 34 31 42 72 75 77 32 63 25 23 64 48 73 35 47 55 60 47 41 24 45 61 48 63 36 44 18 48 23 39 48 52 23 43 44 13 71 12 74 36 15 
68 50 0 27 31 56 57 39 44 56 24 32 53 68 33 67 9 62 10 31 33 12 62 26 33 34 35 34 53 69 13 16 2 47 46 30 68 24 41 38 60 56 46 75 30 23 19 28 28 15 21 70 15 3 6 66 12 9 72 66 54 46 13 20 17 49 33 32 30 60 7 27 7 60 40 48 40 34 15 46 
41 36 27 0 15 30 30 29 31 30 9 19 30 46 20 40 29 35 36 45 31 36 36 39 46 17 36 45 34 42 35 13 27 52 27 19 49 36 14 11 33 29 36 52 44 8 30 13 17 35 39 47 19 26 29 40 32 21 53 39 31 20 38 29 11 27 12 13 3 33 24 20 21 33 23 36 24 38 24 26 
39 22 31 15 0 39 27 44 17 40 24 4 42 37 35 36 37 39 39 40 46 38 46 50 57 3 24 58 47 47 43 24 32 66 42 5 37 31 23 16 30 33 51 62 55 10 41 3 5 44 36 58 18 29 36 49 32 23 41 41 43 30 44 24 22 18 27 2 18 39 32 8 24 37 9 51 10 52 21 15 
26 54 56 30 39 0 27 31 52 1 32 43 9 44 29 30 55 12 66 75 40 66 7 58 62 40 62 59 16 17 60 40 55 60 18 44 53 66 17 23 27 12 31 23 62 38 51 39 43 60 69 19 49 56 55 10 62 51 57 18 9 10 64 59 39 36 23 37 27 10 50 46 51 15 43 27 45 50 54 39 
12 29 57 30 27 27 0 50 30 28 37 29 35 18 43 10 59 18 65 67 56 64 33 68 74 25 47 73 42 25 65 43 57 78 40 31 27 58 22 20 3 15 53 48 73 34 59 29 32 65 63 46 44 55 59 33 58 49 31 16 36 25 68 51 41 12 33 25 29 20 54 35 50 15 24 50 26 65 47 16 
55 65 39 29 44 31 50 0 60 31 22 48 23 68 9 57 33 43 49 68 10 50 34 28 32 46 65 29 19 48 36 26 37 29 13 48 75 59 29 33 53 39 7 41 32 37 25 42 46 35 59 36 43 41 36 39 50 40 79 49 24 26 41 53 27 52 18 42 27 41 32 49 39 44 52 9 53 20 47 53 
41 6 44 31 17 52 30 60 0 53 40 14 57 31 51 37 51 47 48 42 62 47 59 66 73 14 19 74 63 55 56 40 45 82 58 15 27 36 38 31 32 42 67 75 71 26 57 20 17 58 42 71 29 41 49 60 41 35 30 46 58 45 57 30 38 18 43 18 34 48 46 17 37 44 9 67 7 68 30 14 
27 55 56 30 40 1 28 31 53 0 32 44 8 45 29 31 55 13 66 75 40 66 6 58 62 41 63 59 15 17 60 40 55 60 18 45 54 66 17 24 28 13 30 22 62 38 51 40 44 60 69 18 49 56 55 10 62 51 58 19 8 10 64 59 39 37 23 38 27 11 50 47 51 15 44 26 46 50 54 40 
47 45 24 9 24 32 37 22 40 32 0 27 29 54 13 46 23 40 34 49 22 35 38 31 37 26 43 36 30 47 29 8 23 43 23 26 58 40 19 17 40 34 29 51 36 15 22 21 24 29 41 46 22 24 23 42 32 21 62 45 30 23 32 33 7 35 9 22 8 38 18 27 20 39 32 29 33 29 27 35 
40 20 32 19 4 43 29 48 14 44 27 0 46 38 39 38 38 42 38 38 49 37 50 53 60 4 20 61 51 50 44 27 33 69 46 2 37 29 27 20 31 36 55 66 58 13 44 6 4 45 34 62 17 29 37 53 31 23 41 44 47 34 45 22 25 19 31 6 22 42 33 6 25 40 8 55 8 55 20 16 
35 60 53 30 42 9 35 23 57 8 29 46 0 53 22 39 50 21 63 75 33 64 11 51 55 43 65 52 7 25 55 37 52 52 10 47 62 66 19 26 36 21 22 22 55 38 44 42 46 54 69 17 49 53 52 16 61 50 66 27 1 12 59 59 36 42 20 40 27 19 47 49 49 23 48 18 50 43 54 45 
20 26 68 46 37 44 18 68 31 45 54 38 53 0 61 15 73 33 76 73 74 75 48 84 91 34 50 90 60 38 79 58 69 96 58 40 11 66 40 37 17 32 71 63 89 46 75 40 42 80 72 61 55 66 72 48 69 60 14 29 53 43 81 60 56 19 51 36 46 35 68 44 61 31 30 68 31 83 58 22 
50 56 33 20 35 29 43 9 51 29 13 39 22 61 0 52 28 39 43 60 13 44 33 29 33 37 56 31 20 46 33 18 31 35 13 39 67 51 22 25 46 34 16 42 33 28 22 33 37 32 52 37 34 34 30 38 43 32 71 45 23 21 37 44 18 44 10 33 18 37 26 40 31 39 43 17 44 22 38 45 
5 35 67 40 36 30 10 57 37 31 46 38 39 15 52 0 69 18 75 76 65 74 33 77 83 34 55 82 46 23 75 53 67 86 46 40 26 67 30 29 7 19 59 48 82 44 68 39 41 75 72 46 54 65 69 33 68 59 29 14 39 31 78 60 51 20 42 35 38 20 64 44 60 16 32 56 34 74 57 24 
70 57 9 29 37 55 59 33 51 55 23 38 50 73 28 69 0 63 17 40 26 19 61 17 24 40 44 25 48 70 6 16 7 38 41 36 74 33 42 40 62 57 40 70 21 27 10 34 34 7 30 65 23 12 3 65 21 17 78 68 51 46 9 29 18 54 32 37 31 61 5 35 15 62 46 42 46 25 24 52 
14 47 62 35 39 12 18 43 47 13 40 42 21 33 39 18 63 0 70 78 52 70 15 68 72 38 62 70 28 8 69 47 61 72 30 44 44 69 21 24 18 6 43 30 72 41 61 40 44 69 72 28 52 60 63 15 66 55 47 6 21 18 72 62 45 29 32 37 32 2 58 47 56 3 40 39 42 61 57 33 
76 54 10 36 39 66 65 49 48 66 34 38 63 76 43 75 17 70 0 24 43 3 72 33 39 42 35 41 63 78 18 26 12 54 56 36 74 19 50 46 68 64 56 85 36 31 27 36 34 20 14 80 21 10 14 76 8 16 78 74 64 56 14 19 27 57 43 40 39 69 17 32 15 69 46 58 45 41 18 54 
78 48 31 45 40 75 67 68 42 75 49 38 75 73 60 76 40 78 24 0 64 21 81 57 63 42 23 65 79 86 42 42 33 78 72 36 69 9 59 54 69 72 75 97 60 37 50 38 35 44 10 92 27 28 37 85 19 28 72 80 76 65 38 16 42 56 57 42 48 78 38 32 30 76 44 77 42 65 22 52 
63 67 33 31 46 40 56 10 62 40 22 49 33 74 13 65 26 52 43 64 0 44 44 18 22 48 63 19 29 57 28 24 31 22 23 48 80 56 35 38 59 47 15 51 22 37 17 43 46 26 54 46 41 36 29 49 45 37 84 58 34 34 32 51 25 57 23 44 30 50 26 48 35 52 54 19 55 10 45 57 
75 53 12 36 38 66 64 50 47 66 35 37 64 75 44 74 19 70 3 21 44 0 72 36 42 41 33 44 64 78 21 27 13 57 57 35 73 16 50 46 67 64 57 86 39 30 29 35 33 23 11 81 20 11 16 76 6 15 77 74 65 56 17 17 28 56 44 39 39 69 18 31 15 69 45 59 44 44 17 53 
29 60 62 36 46 7 33 34 59 6 38 50 11 48 33 33 61 15 72 81 44 72 0 62 66 47 69 63 16 16 66 46 61 62 21 51 59 72 23 30 33 18 32 16 66 44 55 46 50 65 75 13 55 62 61 5 68 57 62 21 10 16 70 65 45 42 29 44 33 13 56 53 57 18 50 28 52 54 60 45 
78 72 26 39 50 58 68 28 66 58 31 53 51 84 29 77 17 68 33 57 18 36 62 0 7 53 61 8 47 75 15 26 24 21 41 51 87 50 49 48 71 63 33 69 5 40 9 47 49 13 47 64 39 29 20 67 38 33 91 74 52 50 19 46 28 65 37 49 39 66 21 50 31 68 59 37 60 11 41 64 
83 79 33 46 57 62 74 32 73 62 37 60 55 91 33 83 24 72 39 63 22 42 66 7 0 60 68 3 51 79 21 33 31 15 45 58 94 56 54 54 77 67 35 72 3 47 16 54 56 19 53 67 46 36 27 71 44 40 98 78 56 54 25 53 35 72 42 56 45 70 28 57 38 72 66 39 67 12 48 71 
36 19 34 17 3 40 25 46 14 41 26 4 43 34 37 34 40 38 42 42 48 41 47 53 60 0 24 61 49 46 46 27 35 69 44 6 34 33 24 17 27 32 53 63 58 13 44 6 8 47 38 59 21 32 39 50 35 26 38 40 44 31 47 26 25 15 29 4 20 38 35 10 27 36 6 53 7 55 24 12 
58 25 35 36 24 62 47 65 19 63 43 20 65 50 56 55 44 62 35 23 63 33 69 61 68 24 0 69 69 70 48 39 37 80 63 19 46 18 46 39 49 56 72 85 65 28 52 23 19 50 24 81 22 32 41 72 27 28 49 63 66 53 48 16 38 35 48 26 39 62 40 16 30 60 23 72 21 66 20 31 
81 80 34 45 58 59 73 29 74 59 36 61 52 90 31 82 25 70 41 65 19 44 63 8 3 61 69 0 48 76 23 34 32 13 42 59 94 58 52 53 76 65 32 69 5 48 17 55 57 21 55 64 47 37 28 68 46 41 98 76 53 52 27 54 36 71 40 57 44 68 29 58 39 70 67 36 68 9 49 71 
42 66 53 34 47 16 42 19 63 15 30 51 7 60 20 46 48 28 63 79 29 64 16 47 51 49 69 48 0 32 53 38 51 46 7 52 69 70 25 32 43 28 16 22 51 42 42 46 50 52 71 17 52 54 50 20 62 51 73 34 7 18 57 63 37 48 22 45 31 26 46 53 50 30 54 12 56 39 57 51 
18 54 69 42 47 17 25 48 55 17 47 50 25 38 46 23 70 8 78 86 57 78 16 75 79 46 70 76 32 0 76 54 68 77 35 52 49 77 28 32 24 14 47 25 79 49 68 48 52 76 80 25 60 68 70 12 74 63 52 9 25 25 79 70 52 37 39 45 39 9 65 55 63 11 48 43 50 67 65 41 
76 62 13 35 43 60 65 36 56 60 29 44 55 79 33 75 6 69 18 42 28 21 66 15 21 46 48 23 53 76 0 22 11 36 46 42 80 36 48 46 68 63 43 75 18 33 11 40 40 2 32 70 27 16 7 70 24 21 84 74 56 51 5 33 24 60 37 43 37 67 11 39 19 68 52 45 52 24 28 58 
54 46 16 13 24 40 43 26 40 40 8 27 37 58 18 53 16 47 26 42 24 27 46 26 33 27 39 34 38 54 22 0 15 43 31 25 61 33 26 24 46 41 33 59 31 14 17 21 23 22 34 54 17 16 16 50 25 14 65 52 38 31 25 27 2 39 17 23 15 45 11 25 13 46 33 35 34 29 21 38 
68 51 2 27 32 55 57 37 45 55 23 33 52 69 31 67 7 61 12 33 31 13 61 24 31 35 37 32 51 68 11 15 0 45 44 31 69 26 40 38 60 55 44 73 28 23 17 29 29 13 23 68 16 5 4 65 14 10 73 66 53 45 12 22 16 50 32 33 29 59 5 28 8 60 41 46 41 32 17 47 
84 88 47 52 66 60 78 29 82 60 43 69 52 96 35 86 38 72 54 78 22 57 62 21 15 69 80 13 46 77 36 43 45 0 42 67 101 71 57 60 81 68 30 67 18 56 28 63 65 34 68 62 58 50 41 66 59 52 105 78 52 55 40 66 44 78 45 65 51 70 40 67 50 73 75 34 76 14 60 78 
44 61 46 27 42 18 40 13 58 18 23 46 10 58 13 46 41 30 56 72 23 57 21 41 45 44 63 42 7 35 46 31 44 42 0 46 66 63 20 27 42 28 13 29 45 35 35 40 44 45 64 24 45 47 43 26 55 44 70 36 11 15 50 56 30 44 15 40 24 28 39 47 43 32 49 10 51 33 50 46 
42 21 30 19 5 44 31 48 15 45 26 2 47 40 39 40 36 44 36 36 48 35 51 51 58 6 19 59 52 52 42 25 31 67 46 0 39 27 28 21 33 38 55 67 56 11 42 6 2 43 32 63 15 27 35 54 29 21 43 46 48 35 43 20 23 21 31 7 22 44 31 4 23 41 10 55 10 53 18 18 
31 21 68 49 37 53 27 75 27 54 58 37 62 11 67 26 74 44 74 69 80 73 59 87 94 34 46 94 69 49 80 61 69 101 66 39 0 63 47 42 26 41 79 74 92 47 78 40 41 81 69 72 54 66 73 59 67 60 4 40 62 51 81 57 59 23 57 38 50 46 69 42 61 41 29 76 29 87 56 23 
69 42 24 36 31 66 58 59 36 66 40 29 66 66 51 67 33 69 19 9 56 16 72 50 56 33 18 58 70 77 36 33 26 71 63 27 63 0 50 45 60 63 66 88 53 28 43 29 26 37 6 83 18 21 30 76 12 19 66 71 67 56 33 7 33 48 48 33 39 69 31 23 21 67 36 68 35 58 13 44 
29 41 41 14 23 17 22 29 38 17 19 27 19 40 22 30 42 21 50 59 35 50 23 49 54 24 46 52 25 28 48 26 40 57 20 28 47 50 0 7 24 15 33 39 53 22 40 23 27 48 53 35 33 40 42 27 46 35 51 26 20 7 51 43 24 24 12 21 11 19 37 30 35 20 29 30 31 44 38 26 
30 34 38 11 16 23 20 33 31 24 17 20 26 37 25 29 40 24 46 54 38 46 30 48 54 17 39 53 32 32 46 24 38 60 27 21 42 45 7 0 23 18 38 46 53 17 39 16 20 46 48 42 28 36 40 33 42 31 46 28 27 14 49 38 22 19 15 14 9 24 35 23 32 23 22 37 24 46 33 20 
9 31 60 33 30 27 3 53 32 28 40 31 36 17 46 7 62 18 68 69 59 67 33 71 77 27 49 76 43 24 68 46 60 81 42 33 26 60 24 23 0 15 55 48 76 37 62 32 35 68 65 46 47 58 62 33 61 52 30 15 36 27 71 53 44 14 36 28 32 20 57 37 53 15 26 52 28 68 50 18 
16 42 56 29 33 12 15 39 42 13 34 36 21 32 34 19 57 6 64 72 47 64 18 63 67 32 56 65 28 14 63 41 55 68 28 38 41 63 15 18 15 0 41 33 67 35 55 34 38 63 66 31 46 54 57 18 60 49 45 11 21 13 66 56 39 24 26 31 26 6 52 41 50 5 34 38 36 56 51 28 
57 72 46 36 51 31 53 7 67 30 29 55 22 71 16 59 40 43 56 75 15 57 32 33 35 53 72 32 16 47 43 33 44 30 13 55 79 66 33 38 55 41 0 37 37 44 32 49 53 41 66 32 50 48 43 36 57 47 83 49 22 28 47 60 34 57 24 49 33 41 39 56 46 45 59 4 60 24 54 58 
43 75 75 52 62 23 48 41 75 22 51 66 22 63 42 48 70 30 85 97 51 86 16 69 72 63 85 69 22 25 75 59 73 67 29 67 74 88 39 46 48 33 37 0 73 60 64 62 66 74 91 5 71 75 72 15 83 72 77 34 21 32 79 81 58 57 42 60 49 28 68 69 71 33 66 33 68 60 76 61 
82 77 30 44 55 62 73 32 71 62 36 58 55 89 33 82 21 72 36 60 22 39 66 5 3 58 65 5 51 79 18 31 28 18 45 56 92 53 53 53 76 67 37 73 0 45 14 52 54 16 50 68 44 33 24 71 41 38 96 78 56 54 22 50 33 70 41 54 44 70 26 55 36 72 64 40 65 13 45 69 
45 32 23 8 10 38 34 37 26 38 15 13 38 46 28 44 27 41 31 37 37 30 44 40 47 13 28 48 42 49 33 14 23 56 35 11 47 28 22 17 37 35 44 60 45 0 31 7 9 34 31 55 11 21 26 48 25 15 51 45 39 28 35 21 12 27 20 10 11 41 22 12 16 40 19 44 20 42 16 25 
69 63 19 30 41 51 59 25 57 51 22 44 44 75 22 68 10 61 27 50 17 29 55 9 16 44 52 17 42 68 11 17 17 28 35 42 78 43 40 39 62 55 32 64 14 31 0 38 40 10 40 59 30 22 13 60 31 24 82 66 45 43 16 38 19 56 29 40 30 59 12 41 22 60 50 34 51 15 32 55 
41 25 28 13 3 39 29 42 20 40 21 6 42 40 33 39 34 40 36 38 43 35 46 47 54 6 23 55 46 48 40 21 29 63 40 6 40 29 23 16 32 34 49 62 52 7 38 0 4 41 34 58 15 26 33 49 29 20 44 42 43 30 41 22 19 21 25 4 16 40 29 7 21 38 12 49 13 49 18 18 
44 23 28 17 5 43 32 46 17 44 24 4 46 42 37 41 34 44 34 35 46 33 50 49 56 8 19 57 50 52 40 23 29 65 44 2 41 26 27 20 35 38 53 66 54 9 40 4 0 41 31 62 13 25 33 53 27 19 45 46 47 34 41 19 21 23 29 7 20 44 29 3 21 42 12 53 12 51 16 20 
76 64 15 35 44 60 65 35 58 60 29 45 54 80 32 75 7 69 20 44 26 23 65 13 19 47 50 21 52 76 2 22 13 34 45 43 81 37 48 46 68 63 41 74 16 34 10 41 41 0 34 69 29 18 9 70 25 23 85 74 55 51 6 35 24 61 37 44 37 67 12 41 21 68 53 44 53 22 30 59 
74 48 21 39 36 69 63 59 42 69 41 34 69 72 52 72 30 72 14 10 54 11 75 47 53 38 24 55 71 80 32 34 23 68 64 32 69 6 53 48 65 66 66 91 50 31 40 34 31 34 0 86 20 18 27 79 9 20 72 76 70 59 28 12 34 53 50 38 42 72 28 28 21 71 42 68 41 55 16 50 
41 73 70 47 58 19 46 36 71 18 46 62 17 61 37 46 65 28 80 92 46 81 13 64 67 59 81 64 17 25 70 54 68 62 24 63 72 83 35 42 46 31 32 5 68 55 59 58 62 69 86 0 66 70 67 13 78 67 75 32 16 28 74 76 53 55 37 56 44 26 63 65 66 31 62 28 64 55 71 58 
56 35 15 19 18 49 44 43 29 49 22 17 49 55 34 54 23 52 21 27 41 20 55 39 46 21 22 47 52 60 27 17 16 58 45 15 54 18 33 28 47 46 50 71 44 11 30 15 13 29 20 66 0 12 20 59 14 6 58 56 50 39 28 11 16 36 30 19 22 52 18 12 8 51 25 51 25 44 5 33 
66 47 3 26 29 56 55 41 41 56 24 29 53 66 34 65 12 60 10 28 36 11 62 29 36 32 32 37 54 68 16 16 5 50 47 27 66 21 40 36 58 54 48 75 33 21 22 26 25 18 18 70 12 0 9 66 9 6 70 64 54 46 16 17 17 47 33 30 29 59 10 24 5 59 37 50 37 37 12 44 
70 55 6 29 36 55 59 36 49 55 23 37 52 72 30 69 3 63 14 37 29 16 61 20 27 39 41 28 50 70 7 16 4 41 43 35 73 30 42 40 62 57 43 72 24 26 13 33 33 9 27 67 20 9 0 65 18 14 77 68 53 46 9 26 18 53 32 36 31 61 5 32 12 62 45 45 45 28 21 51 
28 60 66 40 49 10 33 39 60 10 42 53 16 48 38 33 65 15 76 85 49 76 5 67 71 50 72 68 20 12 70 50 65 66 26 54 59 76 27 33 33 18 36 15 71 48 60 49 53 70 79 13 59 66 65 0 72 61 62 19 15 20 74 69 49 42 33 47 37 13 60 56 61 18 52 32 54 59 64 46 
70 47 12 32 32 62 58 50 41 62 32 31 61 69 43 68 21 66 8 19 45 6 68 38 44 35 27 46 62 74 24 25 14 59 55 29 67 12 46 42 61 60 57 83 41 25 31 29 27 25 9 78 14 9 18 72 0 11 71 70 62 52 21 11 25 50 41 33 35 65 19 25 12 65 39 59 38 46 11 47 
60 41 9 21 23 51 49 40 35 51 21 23 50 60 32 59 17 55 16 28 37 15 57 33 40 26 28 41 51 63 21 14 10 52 44 21 60 19 35 31 52 49 47 72 38 15 24 20 19 23 20 67 6 6 14 61 11 0 64 59 51 41 22 14 14 41 30 24 24 54 12 18 2 54 31 49 31 39 8 38 
34 24 72 53 41 57 31 79 30 58 62 41 66 14 71 29 78 47 78 72 84 77 62 91 98 38 49 98 73 52 84 65 73 105 70 43 4 66 51 46 30 45 83 77 96 51 82 44 45 85 72 75 58 70 77 62 71 64 0 43 66 55 85 60 63 27 61 42 54 49 73 46 65 44 33 80 33 91 60 27 
9 45 66 39 41 18 16 49 46 19 45 44 27 29 45 14 68 6 74 80 58 74 21 74 78 40 63 76 34 9 74 52 66 78 36 46 40 71 26 28 15 11 49 34 78 45 66 42 46 74 76 32 56 64 68 19 70 59 43 0 27 24 77 64 50 28 37 39 37 8 63 49 60 6 40 45 42 67 60 32 
35 61 54 31 43 9 36 24 58 8 30 47 1 53 23 39 51 21 64 76 34 65 10 52 56 44 66 53 7 25 56 38 53 52 11 48 62 67 20 27 36 21 22 21 56 39 45 43 47 55 70 16 50 54 53 15 62 51 66 27 0 13 60 60 37 43 21 41 28 19 48 50 50 23 49 19 51 44 55 46 
29 48 46 20 30 10 25 26 45 10 23 34 12 43 21 31 46 18 56 65 34 56 16 50 54 31 53 52 18 25 51 31 45 55 15 35 51 56 7 14 27 13 28 32 54 28 43 30 34 51 59 28 39 46 46 20 52 41 55 24 13 0 55 49 29 30 14 28 17 16 41 37 41 18 36 25 38 43 44 33 
79 63 13 38 44 64 68 41 57 64 32 45 59 81 37 78 9 72 14 38 32 17 70 19 25 47 48 27 57 79 5 25 12 40 50 43 81 33 51 49 71 66 47 79 22 35 16 41 41 6 28 74 28 16 9 74 21 22 85 77 60 55 0 32 27 62 41 45 40 70 14 40 20 71 53 50 53 28 28 59 
62 36 20 29 24 59 51 53 30 59 33 22 59 60 44 60 29 62 19 16 51 17 65 46 53 26 16 54 63 70 33 27 22 66 56 20 57 7 43 38 53 56 60 81 50 21 38 22 19 35 12 76 11 17 26 69 11 14 60 64 60 49 32 0 26 41 41 26 32 62 26 16 16 60 30 61 29 53 6 38 
52 44 17 11 22 39 41 27 38 39 7 25 36 56 18 51 18 45 27 42 25 28 45 28 35 25 38 36 37 52 24 2 16 44 30 23 59 33 24 22 44 39 34 58 33 12 19 19 21 24 34 53 16 17 18 49 25 14 63 50 37 29 27 26 0 37 16 21 13 43 13 23 13 44 31 35 32 30 20 36 
23 18 49 27 18 36 12 52 18 37 35 19 42 19 44 20 54 29 57 56 57 56 42 65 72 15 35 71 48 37 60 39 50 78 44 21 23 48 24 19 14 24 57 57 70 27 56 21 23 61 53 55 36 47 53 42 50 41 27 28 43 30 62 41 37 0 34 17 27 30 49 25 42 26 12 54 14 64 39 4 
41 48 33 12 27 23 33 18 43 23 9 31 20 51 10 42 32 32 43 57 23 44 29 37 42 29 48 40 22 39 37 17 32 45 15 31 57 48 12 15 36 26 24 42 41 20 29 25 29 37 50 37 30 33 32 33 41 30 61 37 21 14 41 41 16 34 0 25 9 30 27 32 29 31 35 24 36 32 35 35 
37 23 32 13 2 37 25 42 18 38 22 6 40 36 33 35 37 37 40 42 44 39 44 49 56 4 26 57 45 45 43 23 33 65 40 7 38 33 21 14 28 31 49 60 54 10 40 4 7 44 38 56 19 30 36 47 33 24 42 39 41 28 45 26 21 17 25 0 16 37 32 10 25 35 10 49 11 51 22 15 
39 39 30 3 18 27 29 27 34 27 8 22 27 46 18 38 31 32 39 48 30 39 33 39 45 20 39 44 31 39 37 15 29 51 24 22 50 39 11 9 32 26 33 49 44 11 30 16 20 37 42 44 22 29 31 37 35 24 54 37 28 17 40 32 13 27 9 16 0 30 26 23 24 31 26 33 27 37 27 27 
16 48 60 33 39 10 20 41 48 11 38 42 19 35 37 20 61 2 69 78 50 69 13 66 70 38 62 68 26 9 67 45 59 70 28 44 46 69 19 24 20 6 41 28 70 41 59 40 44 67 72 26 52 59 61 13 65 54 49 8 19 16 70 62 43 30 30 37 30 0 56 47 54 5 40 37 42 59 57 34 
65 52 7 24 32 50 54 32 46 50 18 33 47 68 26 64 5 58 17 38 26 18 56 21 28 35 40 29 46 65 11 11 5 40 39 31 69 31 37 35 57 52 39 68 26 22 12 29 29 12 28 63 18 10 5 60 19 12 73 63 48 41 14 26 13 49 27 32 26 56 0 30 10 57 41 41 41 27 20 47 
46 23 27 20 8 46 35 49 17 47 27 6 49 44 40 44 35 47 32 32 48 31 53 50 57 10 16 58 53 55 39 25 28 67 47 4 42 23 30 23 37 41 56 69 55 12 41 7 3 41 28 65 12 24 32 56 25 18 46 49 50 37 40 16 23 25 32 10 23 47 30 0 20 45 14 56 13 53 14 22 
61 43 7 21 24 51 50 39 37 51 20 25 49 61 31 60 15 56 15 30 35 15 57 31 38 27 30 39 50 63 19 13 8 50 43 23 61 21 35 32 53 50 46 71 36 16 22 21 21 21 21 66 8 5 12 61 12 2 65 60 50 41 20 16 13 42 29 25 24 54 10 20 0 54 33 48 33 37 10 39 
12 44 60 33 37 15 15 44 44 15 39 40 23 31 39 16 62 3 69 76 52 69 18 68 72 36 60 70 30 11 68 46 60 73 32 41 41 67 20 23 15 5 45 33 72 40 60 38 42 68 71 31 51 59 62 18 65 54 44 6 23 18 71 60 44 26 31 35 31 5 57 45 54 0 37 41 39 61 56 30 
35 13 40 23 9 43 24 52 9 44 32 8 48 30 43 32 46 40 46 44 54 45 50 59 66 6 23 67 54 48 52 33 41 75 49 10 29 36 29 22 26 34 59 66 64 19 50 12 12 53 42 62 25 37 45 52 39 31 33 40 49 36 53 30 31 12 35 10 26 40 41 14 33 37 0 58 2 61 28 8 
53 71 48 36 51 27 50 9 67 26 29 55 18 68 17 56 42 39 58 77 19 59 28 37 39 53 72 36 12 43 45 35 46 34 10 55 76 68 30 37 52 38 4 33 40 44 34 49 53 44 68 28 51 50 45 32 59 49 80 45 19 25 50 61 35 54 24 49 33 37 41 56 48 41 58 0 60 27 55 56 
37 12 40 24 10 45 26 53 7 46 33 8 50 31 44 34 46 42 45 42 55 44 52 60 67 7 21 68 56 50 52 34 41 76 51 10 29 35 31 24 28 36 60 68 65 20 51 13 12 53 41 64 25 37 45 54 38 31 33 42 51 38 53 29 32 14 36 11 27 42 41 13 33 39 2 60 0 62 27 10 
72 74 34 38 52 50 65 20 68 50 29 55 43 83 22 74 25 61 41 65 10 44 54 11 12 55 66 9 39 67 24 29 32 14 33 53 87 58 44 46 68 56 24 60 13 42 15 49 51 22 55 55 44 37 28 59 46 39 91 67 44 43 28 53 30 64 32 51 37 59 27 53 37 61 61 27 62 0 47 64 
59 36 15 24 21 54 47 47 30 54 27 20 54 58 38 57 24 57 18 22 45 17 60 41 48 24 20 49 57 65 28 21 17 60 50 18 56 13 38 33 50 51 54 76 45 16 32 18 16 30 16 71 5 12 21 64 11 8 60 60 55 44 28 6 20 39 35 22 27 57 20 14 10 56 28 55 27 47 0 36 
27 15 46 26 15 39 16 53 14 40 35 16 45 22 45 24 52 33 54 52 57 53 45 64 71 12 31 71 51 41 58 38 47 78 46 18 23 44 26 20 18 28 58 61 69 25 55 18 20 59 50 58 33 44 51 46 47 38 27 32 46 33 59 38 36 4 35 15 27 34 47 22 39 30 8 56 10 64 36 0 
78
49
21
58
77
55
15
30
31
35
76
53
16
67
29
83
74
15
85
7
34
84
50
10
23
98
31
85
87
62
49
40
15
75
9
57
30
59
4
34
61
41
74
54
32
13
28
69
97
2
46
7
83
79
85
65
15
64
37
71
21
91
35
73
10
74
43
8
92
47
45
93
75
86
78
3
8
30
95
