50
0 65 89 192 108 76 93 66 98 79 116 114 156 102 96 101 163 106 120 71 54 111 91 93 94 98 80 124 74 75 88 159 81 90 105 118 91 104 101 107 116 108 106 67 86 14 120 116 117 97 
65 0 64 127 71 11 28 1 33 14 51 49 91 44 45 36 102 41 55 44 11 97 26 50 69 55 15 59 31 32 27 94 16 47 44 91 26 61 36 64 79 65 79 2 43 51 55 51 52 32 
89 64 0 191 19 75 92 65 84 74 115 113 140 104 19 96 166 86 119 108 75 161 90 114 5 119 75 123 95 96 91 158 76 111 108 155 90 103 100 128 27 129 143 62 107 75 109 115 112 96 
192 127 191 0 198 138 155 126 160 141 178 176 157 171 172 163 204 168 182 171 138 224 153 177 196 182 142 186 158 159 154 33 143 174 171 195 153 166 163 191 206 192 183 129 170 178 182 178 179 159 
108 71 19 198 0 60 77 72 65 75 97 98 152 103 38 97 173 67 101 115 82 143 97 96 14 125 74 120 98 97 98 165 75 112 100 154 72 84 107 135 8 130 142 73 102 94 90 97 93 78 
76 11 75 138 60 0 17 12 44 25 52 38 102 55 56 47 113 52 66 55 22 98 37 61 74 66 26 60 42 43 38 105 27 58 55 94 37 72 47 75 68 76 82 13 54 62 66 52 63 33 
93 28 92 155 77 17 0 29 61 42 69 55 119 72 73 64 130 69 83 72 39 115 54 78 91 83 43 77 59 60 55 122 44 75 72 77 54 89 64 92 83 93 65 30 71 79 83 69 80 50 
66 1 65 126 72 12 29 0 34 15 52 50 92 45 46 37 103 42 56 45 12 98 27 51 70 56 16 60 32 33 28 93 17 48 45 90 27 62 37 65 80 66 80 3 44 52 56 52 53 33 
98 33 84 160 65 44 61 34 0 47 32 82 100 77 78 45 120 74 36 69 44 78 59 83 79 60 48 92 64 65 52 127 49 80 35 108 7 94 69 97 57 98 96 35 76 84 32 32 29 13 
79 14 74 141 75 25 42 15 47 0 65 63 77 30 55 22 110 27 50 58 25 111 40 44 79 65 1 73 25 24 41 108 2 39 58 100 40 55 43 78 83 57 88 12 37 65 41 65 38 46 
116 51 115 178 97 52 69 52 32 65 0 89 132 95 96 77 118 92 54 60 62 84 77 101 111 66 66 110 82 83 43 145 67 98 41 107 25 88 87 115 89 116 95 53 94 102 62 38 61 19 
114 49 113 176 98 38 55 50 82 63 89 0 140 93 94 85 151 90 104 93 60 135 75 99 112 104 64 22 80 81 76 143 65 96 92 62 75 110 85 113 106 114 74 51 92 100 104 89 101 70 
156 91 140 157 152 102 119 92 100 77 132 140 0 92 132 55 143 104 123 135 102 157 117 115 145 114 78 127 102 101 118 185 79 116 135 167 107 125 120 155 156 134 165 89 108 142 74 98 71 113 
102 44 104 171 103 55 72 45 77 30 95 93 92 0 85 37 125 52 80 88 48 94 70 23 109 44 29 103 28 29 71 138 28 44 88 110 70 34 71 101 110 51 114 42 16 88 56 72 53 76 
96 45 19 172 38 56 73 46 78 55 96 94 132 85 0 77 147 82 100 89 56 142 71 95 24 100 56 104 76 77 72 139 57 92 89 136 71 106 81 109 46 110 124 43 88 82 96 96 93 77 
101 36 96 163 97 47 64 37 45 22 77 85 55 37 77 0 88 49 68 80 47 102 62 60 101 59 23 72 47 46 63 130 24 61 80 112 52 70 65 100 101 79 110 34 53 87 19 43 16 58 
163 102 166 204 173 113 130 103 120 110 118 151 143 125 147 88 0 137 137 92 113 171 105 134 171 128 111 160 133 134 75 171 112 149 92 139 120 145 115 166 170 148 127 104 127 149 88 112 91 114 
106 41 86 168 67 52 69 42 74 27 92 90 104 52 82 49 137 0 77 85 52 100 67 29 81 64 26 100 48 49 68 135 27 64 85 125 67 54 68 105 59 71 113 39 36 92 68 92 65 73 
120 55 119 182 101 66 83 56 36 50 54 104 123 80 100 68 137 77 0 91 66 100 81 88 115 53 51 112 75 74 74 149 52 89 57 72 29 99 91 119 93 107 60 57 81 106 49 25 52 35 
71 44 108 171 115 55 72 45 69 58 60 93 135 88 89 80 92 85 91 0 55 121 70 94 113 99 59 87 75 76 17 138 60 91 34 47 62 105 80 108 123 56 35 46 87 57 99 75 96 56 
54 11 75 138 82 22 39 12 44 25 62 60 102 48 56 47 113 52 66 55 0 108 37 39 80 44 26 70 20 21 38 105 27 36 55 102 37 50 47 53 90 54 90 13 32 40 66 62 63 43 
111 97 161 224 143 98 115 98 78 111 84 135 157 94 142 102 171 100 100 121 108 0 80 71 157 106 112 156 90 91 104 191 113 106 87 168 71 96 90 161 135 113 156 99 78 125 83 84 86 65 
91 26 90 153 97 37 54 27 59 40 77 75 117 70 71 62 105 67 81 70 37 80 0 76 95 81 41 85 57 58 53 120 42 73 70 117 52 53 10 90 105 91 105 28 69 77 81 77 78 58 
93 50 114 177 96 61 78 51 83 44 101 99 115 23 95 60 134 29 88 94 39 71 76 0 110 35 43 106 19 20 77 144 42 35 94 101 76 25 68 92 88 42 113 52 7 79 75 63 76 82 
94 69 5 196 14 74 91 70 79 79 111 112 145 109 24 101 171 81 115 113 80 157 95 110 0 124 80 128 100 101 96 163 81 116 113 160 86 98 105 133 22 134 148 67 112 80 104 111 107 92 
98 55 119 182 125 66 83 56 60 65 66 104 114 44 100 59 128 64 53 99 44 106 81 35 124 0 64 114 40 41 82 149 63 56 69 122 53 46 89 97 117 63 113 57 28 84 40 28 43 47 
80 15 75 142 74 26 43 16 48 1 66 64 78 29 56 23 111 26 51 59 26 112 41 43 80 64 0 74 24 23 42 109 1 38 59 99 41 54 42 79 82 56 87 13 36 66 42 66 39 47 
124 59 123 186 120 60 77 60 92 73 110 22 127 103 104 72 160 100 112 87 70 156 85 106 128 114 74 0 90 91 86 153 75 106 103 40 85 117 95 123 128 124 52 61 99 110 91 110 88 91 
74 31 95 158 98 42 59 32 64 25 82 80 102 28 76 47 133 48 75 75 20 90 57 19 100 40 24 90 0 1 58 125 23 16 75 82 57 30 66 73 106 34 94 33 12 60 66 68 63 63 
75 32 96 159 97 43 60 33 65 24 83 81 101 29 77 46 134 49 74 76 21 91 58 20 101 41 23 91 1 0 59 126 22 15 76 81 58 31 65 74 105 33 93 34 13 61 65 69 62 64 
88 27 91 154 98 38 55 28 52 41 43 76 118 71 72 63 75 68 74 17 38 104 53 77 96 82 42 86 58 59 0 121 43 74 17 64 45 88 63 91 106 73 52 29 70 74 82 58 79 39 
159 94 158 33 165 105 122 93 127 108 145 143 185 138 139 130 171 135 149 138 105 191 120 144 163 149 109 153 125 126 121 0 110 141 138 162 120 155 130 158 173 159 150 96 137 145 149 145 146 126 
81 16 76 143 75 27 44 17 49 2 67 65 79 28 57 24 112 27 52 60 27 113 42 42 81 63 1 75 23 22 43 110 0 37 60 98 42 53 43 80 83 55 86 14 35 67 43 67 40 48 
90 47 111 174 112 58 75 48 80 39 98 96 116 44 92 61 149 64 89 91 36 106 73 35 116 56 38 106 16 15 74 141 37 0 91 96 73 46 80 89 120 48 108 49 28 76 80 84 77 79 
105 44 108 171 100 55 72 45 35 58 41 92 135 88 89 80 92 85 57 34 55 87 70 94 113 69 59 103 75 76 17 138 60 91 0 81 28 105 80 108 92 90 69 46 87 91 65 41 64 22 
118 91 155 195 154 94 77 90 108 100 107 62 167 110 136 112 139 125 72 47 102 168 117 101 160 122 99 40 82 81 64 162 98 96 81 0 101 112 127 155 160 103 12 93 94 104 121 97 124 103 
91 26 90 153 72 37 54 27 7 40 25 75 107 70 71 52 120 67 29 62 37 71 52 76 86 53 41 85 57 58 45 120 42 73 28 101 0 87 62 90 64 91 89 28 69 77 39 25 36 6 
104 61 103 166 84 72 89 62 94 55 88 110 125 34 106 70 145 54 99 105 50 96 53 25 98 46 54 117 30 31 88 155 53 46 105 112 87 0 43 103 76 53 124 63 18 90 86 74 86 93 
101 36 100 163 107 47 64 37 69 43 87 85 120 71 81 65 115 68 91 80 47 90 10 68 105 89 42 95 66 65 63 130 43 80 80 127 62 43 0 100 115 96 115 38 61 87 84 87 81 68 
107 64 128 191 135 75 92 65 97 78 115 113 155 101 109 100 166 105 119 108 53 161 90 92 133 97 79 123 73 74 91 158 80 89 108 155 90 103 100 0 143 107 143 66 85 93 119 115 116 96 
116 79 27 206 8 68 83 80 57 83 89 106 156 110 46 101 170 59 93 123 90 135 105 88 22 117 82 128 106 105 106 173 83 120 92 160 64 76 115 143 0 129 148 81 94 102 82 89 85 70 
108 65 129 192 130 76 93 66 98 57 116 114 134 51 110 79 148 71 107 56 54 113 91 42 134 63 56 124 34 33 73 159 55 48 90 103 91 53 96 107 129 0 91 67 35 94 92 91 89 97 
106 79 143 183 142 82 65 80 96 88 95 74 165 114 124 110 127 113 60 35 90 156 105 113 148 113 87 52 94 93 52 150 86 108 69 12 89 124 115 143 148 91 0 81 106 92 109 85 112 91 
67 2 62 129 73 13 30 3 35 12 53 51 89 42 43 34 104 39 57 46 13 99 28 52 67 57 13 61 33 34 29 96 14 49 46 93 28 63 38 66 81 67 81 0 45 53 53 53 50 34 
86 43 107 170 102 54 71 44 76 37 94 92 108 16 88 53 127 36 81 87 32 78 69 7 112 28 36 99 12 13 70 137 35 28 87 94 69 18 61 85 94 35 106 45 0 72 68 56 69 75 
14 51 75 178 94 62 79 52 84 65 102 100 142 88 82 87 149 92 106 57 40 125 77 79 80 84 66 110 60 61 74 145 67 76 91 104 77 90 87 93 102 94 92 53 72 0 106 102 103 83 
120 55 109 182 90 66 83 56 32 41 62 104 74 56 96 19 88 68 49 99 66 83 81 75 104 40 42 91 66 65 82 149 43 80 65 121 39 86 84 119 82 92 109 53 68 106 0 24 3 43 
116 51 115 178 97 52 69 52 32 65 38 89 98 72 96 43 112 92 25 75 62 84 77 63 111 28 66 110 68 69 58 145 67 84 41 97 25 74 87 115 89 91 85 53 56 102 24 0 27 19 
117 52 112 179 93 63 80 53 29 38 61 101 71 53 93 16 91 65 52 96 63 86 78 76 107 43 39 88 63 62 79 146 40 77 64 124 36 86 81 116 85 89 112 50 69 103 3 27 0 42 
97 32 96 159 78 33 50 33 13 46 19 70 113 76 77 58 114 73 35 56 43 65 58 82 92 47 47 91 63 64 39 126 48 79 22 103 6 93 68 96 70 97 91 34 75 83 43 19 42 0 
77
5
32
93
63
90
25
36
85
79
58
97
8
41
99
11
74
13
16
52
83
97
22
11
44
66
59
74
28
9
22
59
57
18
41
67
14
72
94
11
43
63
34
28
67
96
49
14
33
