80
0 78 39 67 67 62 29 72 32 41 36 47 63 45 55 68 58 49 76 67 39 49 6 59 51 9 35 48 21 39 40 63 61 47 8 46 60 53 91 75 9 43 69 41 79 77 84 12 6 47 58 70 61 56 19 42 34 49 63 12 54 15 38 75 14 13 51 52 44 78 2 42 78 42 22 71 17 49 17 55 
78 0 63 20 25 26 58 63 61 57 60 66 38 57 62 31 31 30 8 47 52 45 72 60 33 81 64 59 60 66 39 30 32 31 70 32 23 67 13 56 78 46 9 43 56 48 11 70 75 62 58 61 18 23 64 48 59 41 16 69 25 83 64 57 67 80 27 27 34 35 76 36 15 37 57 36 62 33 77 24 
39 63 0 60 41 37 11 87 53 59 4 8 32 62 16 38 32 38 56 74 11 19 39 76 51 48 4 9 40 61 28 61 61 39 37 38 53 14 75 86 47 17 56 48 88 82 73 27 33 66 19 85 45 48 20 15 53 55 53 40 39 54 59 86 26 51 41 41 38 77 38 35 55 29 36 71 26 30 52 41 
67 20 60 0 34 31 53 43 44 39 56 64 45 38 64 40 33 22 25 27 49 45 61 40 16 68 60 59 47 48 33 10 12 22 59 23 7 68 29 37 65 43 13 27 37 29 20 61 65 42 61 41 19 12 57 45 42 22 8 56 22 70 45 38 58 67 19 19 24 20 65 27 32 31 45 17 53 31 62 20 
67 25 41 34 0 5 40 74 61 61 39 42 13 62 38 7 9 25 17 58 31 22 63 69 38 72 43 35 54 69 27 41 43 28 61 29 31 43 36 70 70 26 22 45 71 63 36 56 62 67 33 72 15 28 49 27 60 46 26 61 18 76 66 70 53 73 25 24 31 54 65 30 14 25 50 51 50 18 71 19 
62 26 37 31 5 0 36 71 56 56 35 40 14 57 36 10 5 20 19 55 27 19 58 64 33 67 39 33 49 64 22 38 40 23 56 24 28 41 38 67 65 22 21 40 68 60 36 52 58 62 32 69 12 24 45 23 55 41 23 56 13 71 61 67 49 68 20 19 26 51 60 25 18 20 45 48 46 13 66 14 
29 58 11 53 40 36 0 76 42 48 7 19 34 51 26 39 31 31 54 64 10 20 29 65 42 38 9 19 29 50 20 53 52 31 27 30 46 25 71 75 37 14 50 37 78 73 67 17 23 55 29 74 40 41 10 13 42 44 47 30 33 44 48 76 16 41 34 34 29 69 28 26 54 22 25 62 16 25 42 35 
72 63 87 43 74 71 76 0 40 31 83 94 84 27 96 80 71 53 68 16 78 79 66 13 38 70 85 89 53 36 60 33 32 51 65 51 43 98 68 7 67 73 56 39 10 16 58 73 73 26 95 2 59 48 74 75 38 33 49 60 59 68 36 6 71 66 52 53 51 29 70 53 75 61 54 27 67 64 60 57 
32 61 53 44 61 56 42 40 0 9 49 61 66 13 67 66 54 36 63 35 49 54 27 27 29 30 51 60 14 8 36 37 35 33 26 32 39 67 73 43 27 47 52 18 47 45 64 34 34 15 69 38 48 38 35 48 2 22 45 21 43 28 6 43 32 26 37 38 30 49 31 31 67 38 17 42 28 45 20 42 
41 57 59 39 61 56 48 31 9 0 55 67 66 4 71 66 54 36 60 26 52 56 35 19 24 39 57 64 22 9 37 31 29 33 34 32 34 73 68 34 36 50 48 16 38 36 59 42 42 7 72 29 47 35 43 51 7 17 41 29 43 37 7 34 40 35 36 37 30 41 39 31 66 39 23 34 36 45 29 42 
36 60 4 56 39 35 7 83 49 55 0 12 31 58 19 38 30 34 54 70 8 18 36 72 47 45 4 12 36 57 24 57 57 35 34 34 49 18 73 82 44 14 53 44 84 78 70 24 30 62 22 81 42 44 17 12 49 51 50 37 36 51 55 82 23 48 37 37 34 73 35 31 53 25 32 67 23 27 49 38 
47 66 8 64 42 40 19 94 61 67 12 0 31 70 8 38 35 43 59 80 16 21 47 84 57 56 12 7 48 69 34 67 67 44 45 44 57 6 78 92 55 21 59 55 94 88 76 35 41 74 13 92 48 52 28 19 61 61 57 48 43 62 67 92 34 59 46 45 44 82 46 41 56 34 44 77 34 34 60 45 
63 38 32 45 13 14 34 84 66 66 31 31 0 67 25 8 13 31 30 69 24 14 60 77 46 69 35 24 56 74 30 52 54 34 58 35 42 30 49 81 68 21 35 50 82 74 49 51 57 72 20 82 26 38 44 21 65 53 37 61 26 75 71 81 50 72 32 31 36 65 62 35 27 28 52 62 47 21 72 28 
45 57 62 38 62 57 51 27 13 4 58 70 67 0 74 67 55 37 60 23 55 58 39 15 24 43 60 67 26 11 39 29 27 34 38 33 34 76 67 30 40 52 48 17 34 32 58 46 46 5 74 25 48 35 47 54 11 16 41 33 44 41 9 30 44 39 37 38 31 38 43 32 66 40 27 31 40 46 33 43 
55 62 16 64 38 36 26 96 67 71 19 8 25 74 0 33 32 45 55 82 19 19 55 87 59 64 20 7 54 75 36 68 69 46 53 46 58 5 74 94 63 23 57 58 96 90 72 43 49 78 5 94 46 53 36 21 67 63 56 56 42 70 73 94 42 67 47 46 46 83 54 43 52 36 51 78 42 34 68 44 
68 31 38 40 7 10 39 80 66 66 38 38 8 67 33 0 12 30 23 64 30 20 65 74 43 74 41 31 57 74 30 47 49 33 63 34 37 38 41 76 73 26 29 50 77 69 42 56 62 72 28 78 21 34 49 26 65 51 32 64 23 79 71 76 55 76 30 29 36 60 67 35 19 28 53 57 52 21 74 24 
58 31 32 33 9 5 31 71 54 54 30 35 13 55 32 12 0 18 24 56 22 14 54 64 33 63 34 28 45 62 18 39 41 21 52 22 29 36 43 68 61 17 25 38 69 61 41 47 53 60 28 69 14 25 40 18 53 40 25 52 13 67 59 68 44 64 19 18 24 53 56 23 23 16 41 49 41 9 62 15 
49 30 38 22 25 20 31 53 36 36 34 43 31 37 45 30 18 0 28 39 27 26 44 46 15 52 38 38 32 44 11 24 25 3 42 4 15 47 43 51 49 22 21 20 53 46 37 41 46 42 42 51 13 10 36 24 35 22 16 40 7 55 41 51 38 52 3 3 6 40 47 7 32 9 29 34 33 11 49 7 
76 8 56 25 17 19 54 68 63 60 54 59 30 60 55 23 24 28 0 52 46 38 71 65 36 80 58 52 59 69 36 35 37 30 69 31 26 60 19 62 77 40 12 45 62 54 19 67 73 65 50 66 15 25 61 42 61 44 19 68 22 82 66 63 64 79 27 26 33 42 74 35 7 34 56 42 60 29 76 21 
67 47 74 27 58 55 64 16 35 26 70 80 69 23 82 64 56 39 52 0 64 64 61 15 24 65 73 75 46 34 46 17 16 37 59 37 27 84 52 12 62 59 40 27 14 10 42 64 67 24 80 14 43 32 63 61 33 20 33 55 43 63 32 12 62 61 37 38 36 17 65 39 59 46 45 11 57 50 55 41 
39 52 11 49 31 27 10 78 49 52 8 16 24 55 19 30 22 27 46 64 0 10 38 68 41 47 12 12 36 57 18 51 51 28 36 28 42 21 65 76 46 6 45 39 78 72 62 27 33 59 20 76 34 37 20 4 48 45 42 39 28 53 54 76 26 50 30 30 28 67 38 25 45 18 32 61 25 19 51 30 
49 45 19 45 22 19 20 79 54 56 18 21 14 58 19 20 14 26 38 64 10 0 47 70 41 56 21 14 44 62 19 49 50 28 45 28 39 23 57 76 55 8 38 41 78 71 55 37 43 63 16 77 27 34 30 7 54 46 37 47 23 62 60 76 36 59 28 27 28 64 48 26 36 18 40 59 34 15 59 25 
6 72 39 61 63 58 29 66 27 35 36 47 60 39 55 65 54 44 71 61 38 47 0 54 45 9 35 48 15 34 36 57 55 41 2 40 54 53 85 69 8 39 63 35 73 71 78 12 8 41 58 64 56 50 19 40 28 43 57 6 50 15 32 69 13 12 45 46 38 72 4 37 74 38 16 65 13 45 14 50 
59 60 76 40 69 64 65 13 27 19 72 84 77 15 87 74 64 46 65 15 68 70 54 0 31 57 74 80 41 23 51 30 28 43 53 43 39 89 67 16 54 64 53 29 20 22 57 61 61 13 86 11 54 41 62 66 26 24 46 48 52 55 23 16 59 53 45 46 42 32 58 44 72 52 42 26 55 56 47 50 
51 33 51 16 38 33 42 38 29 24 47 57 46 24 59 43 33 15 36 24 41 41 45 31 0 52 50 52 31 33 23 12 11 13 43 13 10 61 44 36 49 36 24 11 38 31 36 47 50 29 57 36 24 11 44 38 27 8 17 40 21 54 31 36 44 51 14 15 13 28 49 16 42 23 29 21 39 26 46 19 
9 81 48 68 72 67 38 70 30 39 45 56 69 43 64 74 63 52 80 65 47 56 9 57 52 0 44 57 21 34 45 63 61 50 11 49 62 62 94 73 3 48 72 41 77 75 87 21 15 44 67 68 65 59 28 49 32 49 66 12 58 6 34 73 22 5 54 55 47 78 10 45 83 47 24 71 22 54 10 59 
35 64 4 60 43 39 9 85 51 57 4 12 35 60 20 41 34 38 58 73 12 21 35 74 50 44 0 13 37 59 27 60 60 38 33 37 53 18 77 84 43 18 57 46 87 81 74 23 29 64 23 83 46 48 16 16 51 53 54 36 40 50 57 85 22 47 41 41 37 76 34 34 57 29 34 70 23 31 48 42 
48 59 9 59 35 33 19 89 60 64 12 7 24 67 7 31 28 38 52 75 12 14 48 80 52 57 13 0 47 68 29 62 62 39 46 39 52 9 71 87 56 16 52 51 89 83 69 36 42 71 10 87 41 47 29 14 60 56 51 49 37 63 66 87 35 60 41 40 39 77 47 36 49 29 44 72 35 28 61 39 
21 60 40 47 54 49 29 53 14 22 36 48 56 26 54 57 45 32 59 46 36 44 15 41 31 21 37 47 0 22 27 42 40 29 13 28 41 54 73 55 18 36 51 20 59 56 66 20 21 28 56 51 44 38 21 37 15 28 45 9 38 23 20 55 18 20 33 34 26 57 19 25 63 29 4 50 14 36 17 38 
39 66 61 48 69 64 50 36 8 9 57 69 74 11 75 74 62 44 69 34 57 62 34 23 33 34 59 68 22 0 44 40 38 41 33 40 43 75 77 39 32 55 57 24 43 43 68 42 41 10 77 34 56 44 43 56 9 26 50 28 51 32 3 39 40 30 44 45 38 49 38 39 75 46 25 42 36 53 24 50 
40 39 28 33 27 22 20 60 36 37 24 34 30 39 36 30 18 11 36 46 18 19 36 51 23 45 27 29 27 44 0 33 33 11 34 10 26 38 52 58 43 13 30 22 60 54 47 31 37 44 35 58 21 21 25 15 35 27 27 34 14 49 41 58 28 46 14 14 10 49 38 7 38 2 23 43 24 9 44 15 
63 30 61 10 41 38 53 33 37 31 57 67 52 29 68 47 39 24 35 17 51 49 57 30 12 63 60 62 42 40 33 0 2 23 55 23 10 71 38 29 60 46 23 22 30 22 29 59 62 32 65 31 26 15 56 48 35 15 16 51 26 65 38 29 56 62 22 22 24 16 61 27 42 33 41 10 51 34 57 24 
61 32 61 12 43 40 52 32 35 29 57 67 54 27 69 49 41 25 37 16 51 50 55 28 11 61 60 62 40 38 33 2 0 23 53 23 12 71 40 27 58 46 25 20 29 21 31 58 61 30 66 30 28 16 55 48 33 13 18 49 28 63 36 28 55 60 22 23 23 17 59 26 44 33 39 10 50 35 55 26 
47 31 39 22 28 23 31 51 33 33 35 44 34 34 46 33 21 3 30 37 28 28 41 43 13 50 38 39 29 41 11 23 23 0 39 1 15 48 44 49 47 23 22 17 51 44 38 39 44 39 44 49 15 10 35 25 32 19 17 38 10 52 38 49 36 49 4 5 3 39 45 5 34 10 26 33 31 13 46 9 
8 70 37 59 61 56 27 65 26 34 34 45 58 38 53 63 52 42 69 59 36 45 2 53 43 11 33 46 13 33 34 55 53 39 0 38 52 51 83 68 10 37 61 33 72 69 76 11 8 40 56 63 54 48 17 38 27 41 55 5 48 17 31 68 11 14 43 44 36 70 6 35 72 36 14 63 11 43 15 48 
46 32 38 23 29 24 30 51 32 32 34 44 35 33 46 34 22 4 31 37 28 28 40 43 13 49 37 39 28 40 10 23 23 1 38 0 16 48 45 49 46 23 23 16 51 44 39 38 43 38 44 49 16 11 34 25 31 19 18 37 11 51 37 49 35 48 5 6 2 39 44 4 35 10 25 33 30 14 45 10 
60 23 53 7 31 28 46 43 39 34 49 57 42 34 58 37 29 15 26 27 42 39 54 39 10 62 53 52 41 43 26 10 12 15 52 16 0 61 34 39 59 36 14 21 40 32 26 54 58 39 55 41 16 5 50 38 37 18 7 50 16 64 41 39 51 61 12 12 17 25 58 20 33 24 38 20 46 24 56 14 
53 67 14 68 43 41 25 98 67 73 18 6 30 76 5 38 36 47 60 84 21 23 53 89 61 62 18 9 54 75 38 71 71 48 51 48 61 0 79 96 61 25 61 60 98 92 77 41 47 80 10 96 50 56 34 23 67 65 60 54 46 68 73 96 40 65 50 49 48 86 52 45 57 38 50 81 40 37 66 48 
91 13 75 29 36 38 71 68 73 68 73 78 49 67 74 41 43 43 19 52 65 57 85 67 44 94 77 71 73 77 52 38 40 44 83 45 34 79 0 61 91 59 22 55 60 52 10 83 88 70 69 66 31 36 77 61 71 51 29 82 38 96 74 62 80 93 40 40 47 39 89 49 23 50 70 41 75 46 90 37 
75 56 86 37 70 67 75 7 43 34 82 92 81 30 94 76 68 51 62 12 76 76 69 16 36 73 84 87 55 39 58 29 27 49 68 49 39 96 61 0 70 71 50 38 4 9 51 74 76 29 92 7 55 43 74 73 41 31 45 63 55 71 39 1 72 69 49 50 48 22 73 51 69 58 55 20 68 62 63 53 
9 78 47 65 70 65 37 67 27 36 44 55 68 40 63 73 61 49 77 62 46 55 8 54 49 3 43 56 18 32 43 60 58 47 10 46 59 61 91 70 0 47 69 38 74 72 84 20 14 41 66 65 62 56 27 48 29 46 63 9 55 7 31 70 21 4 51 52 44 75 9 42 81 45 21 68 21 52 8 56 
43 46 17 43 26 22 14 73 47 50 14 21 21 52 23 26 17 22 40 59 6 8 39 64 36 48 18 16 36 55 13 46 46 23 37 23 36 25 59 71 47 0 39 35 73 67 56 31 37 57 22 71 28 31 24 2 46 40 36 40 22 54 52 71 29 51 25 24 23 61 41 20 40 13 32 56 26 13 51 24 
69 9 56 13 22 21 50 56 52 48 53 59 35 48 57 29 25 21 12 40 45 38 63 53 24 72 57 52 51 57 30 23 25 22 61 23 14 61 22 50 69 39 0 34 50 42 17 61 66 53 53 54 11 14 55 41 50 32 7 60 17 74 55 51 58 71 18 18 25 32 67 27 19 28 48 30 53 26 68 15 
41 43 48 27 45 40 37 39 18 16 44 55 50 17 58 50 38 20 45 27 39 41 35 29 11 41 46 51 20 24 22 22 20 17 33 16 21 60 55 38 38 35 34 0 41 37 47 38 41 22 57 37 32 20 36 37 16 8 27 29 27 43 21 39 35 40 20 21 14 37 39 15 51 23 19 30 30 29 35 26 
79 56 88 37 71 68 78 10 47 38 84 94 82 34 96 77 69 53 62 14 78 78 73 20 38 77 87 89 59 43 60 30 29 51 72 51 40 98 60 4 74 73 50 41 0 8 50 78 80 33 94 10 56 45 77 75 45 34 45 67 56 75 43 4 76 73 51 52 50 21 77 53 69 60 59 20 71 64 67 54 
77 48 82 29 63 60 73 16 45 36 78 88 74 32 90 69 61 46 54 10 72 71 71 22 31 75 81 83 56 43 54 22 21 44 69 44 32 92 52 9 72 67 42 37 8 0 42 74 77 33 87 15 48 37 73 69 43 29 37 65 48 73 41 10 72 71 43 44 44 13 75 47 61 54 55 12 67 56 65 46 
84 11 73 20 36 36 67 58 64 59 70 76 49 58 72 42 41 37 19 42 62 55 78 57 36 87 74 69 66 68 47 29 31 38 76 39 26 77 10 51 84 56 17 47 50 42 0 77 82 61 68 56 28 28 72 58 62 42 21 75 34 89 65 52 74 86 34 34 40 29 82 43 26 45 63 31 69 43 82 32 
12 70 27 61 56 52 17 73 34 42 24 35 51 46 43 56 47 41 67 64 27 37 12 61 47 21 23 36 20 42 31 59 58 39 11 38 54 41 83 74 20 31 61 38 78 74 77 0 6 48 46 71 52 49 7 30 35 46 56 15 45 27 40 74 3 24 43 44 37 75 11 34 69 33 19 68 8 39 26 46 
6 75 33 65 62 58 23 73 34 42 30 41 57 46 49 62 53 46 73 67 33 43 8 61 50 15 29 42 21 41 37 62 61 44 8 43 58 47 88 76 14 37 66 41 80 77 82 6 0 48 52 71 58 54 13 36 35 49 61 13 51 21 39 76 9 18 48 49 42 78 5 39 75 39 22 71 13 45 22 52 
47 62 66 42 67 62 55 26 15 7 62 74 72 5 78 72 60 42 65 24 59 63 41 13 29 44 64 71 28 10 44 32 30 39 40 38 39 80 70 29 41 57 53 22 33 33 61 48 48 0 79 24 53 40 49 58 13 21 46 35 49 42 10 29 46 40 42 43 36 40 45 37 71 45 30 33 42 51 34 48 
58 58 19 61 33 32 29 95 69 72 22 13 20 74 5 28 28 42 50 80 20 16 58 86 57 67 23 10 56 77 35 65 66 44 56 44 55 10 69 92 66 22 53 57 94 87 68 46 52 79 0 93 42 50 39 21 68 62 53 59 39 73 74 92 45 70 44 43 44 80 57 42 47 34 52 75 45 31 71 41 
70 61 85 41 72 69 74 2 38 29 81 92 82 25 94 78 69 51 66 14 76 77 64 11 36 68 83 87 51 34 58 31 30 49 63 49 41 96 66 7 65 71 54 37 10 15 56 71 71 24 93 0 57 46 72 73 36 31 47 58 57 66 34 6 69 64 50 51 49 28 68 51 73 59 52 25 65 62 58 55 
61 18 45 19 15 12 40 59 48 47 42 48 26 48 46 21 14 13 15 43 34 27 56 54 24 65 46 41 44 56 21 26 28 15 54 16 16 50 31 55 62 28 11 32 56 48 28 52 58 53 42 57 0 13 46 30 47 32 11 53 7 67 53 55 49 64 12 11 18 39 59 20 19 19 41 36 45 15 61 6 
56 23 48 12 28 24 41 48 38 35 44 52 38 35 53 34 25 10 25 32 37 34 50 41 11 59 48 47 38 44 21 15 16 10 48 11 5 56 36 43 56 31 14 20 45 37 28 49 54 40 50 46 13 0 45 33 36 19 7 47 12 61 41 44 46 58 7 7 12 30 54 15 31 19 35 25 41 19 55 10 
19 64 20 57 49 45 10 74 35 43 17 28 44 47 36 49 40 36 61 63 20 30 19 62 44 28 16 29 21 43 25 56 55 35 17 34 50 34 77 74 27 24 55 36 77 73 72 7 13 49 39 72 46 45 0 23 36 44 52 20 39 34 41 75 6 31 39 39 33 72 18 30 63 27 20 65 7 33 32 40 
42 48 15 45 27 23 13 75 48 51 12 19 21 54 21 26 18 24 42 61 4 7 40 66 38 49 16 14 37 56 15 48 48 25 38 25 38 23 61 73 48 2 41 37 75 69 58 30 36 58 21 73 30 33 23 0 48 42 38 40 24 55 54 73 29 52 27 26 25 63 41 22 41 15 33 58 27 15 52 26 
34 59 53 42 60 55 42 38 2 7 49 61 65 11 67 65 53 35 61 33 48 54 28 26 27 32 51 60 15 9 35 35 33 32 27 31 37 67 71 41 29 46 50 16 45 43 62 35 35 13 68 36 47 36 36 48 0 20 43 22 42 30 6 41 33 28 36 37 29 47 32 30 66 37 17 40 29 44 22 41 
49 41 55 22 46 41 44 33 22 17 51 61 53 16 63 51 40 22 44 20 45 46 43 24 8 49 53 56 28 26 27 15 13 19 41 19 18 65 51 31 46 40 32 8 34 29 42 46 49 21 62 31 32 19 44 42 20 0 25 37 28 50 23 32 43 47 21 22 18 29 47 20 50 28 27 22 38 32 42 27 
63 16 53 8 26 23 47 49 45 41 50 57 37 41 56 32 25 16 19 33 42 37 57 46 17 66 54 51 45 50 27 16 18 17 55 18 7 60 29 45 63 36 7 27 45 37 21 56 61 46 53 47 11 7 52 38 43 25 0 54 14 68 48 45 53 65 13 13 19 28 61 22 26 25 42 25 48 23 62 12 
12 69 40 56 61 56 30 60 21 29 37 48 61 33 56 64 52 40 68 55 39 47 6 48 40 12 36 49 9 28 34 51 49 38 5 37 50 54 82 63 9 40 60 29 67 65 75 15 13 35 59 58 53 47 20 40 22 37 54 0 46 15 26 63 15 12 42 43 35 66 10 33 72 36 12 59 14 43 12 47 
54 25 39 22 18 13 33 59 43 43 36 43 26 44 42 23 13 7 22 43 28 23 50 52 21 58 40 37 38 51 14 26 28 10 48 11 16 46 38 55 55 22 17 27 56 48 34 45 51 49 39 57 7 12 39 24 42 28 14 46 0 61 48 55 42 58 7 6 13 41 52 13 26 12 35 36 38 9 55 2 
15 83 54 70 76 71 44 68 28 37 51 62 75 41 70 79 67 55 82 63 53 62 15 55 54 6 50 63 23 32 49 65 63 52 17 51 64 68 96 71 7 54 74 43 75 73 89 27 21 42 73 66 67 61 34 55 30 50 68 15 61 0 32 71 28 3 56 57 49 77 16 48 86 51 27 70 28 58 8 61 
38 64 59 45 66 61 48 36 6 7 55 67 71 9 73 71 59 41 66 32 54 60 32 23 31 34 57 66 20 3 41 38 36 38 31 37 41 73 74 39 31 52 55 21 43 41 65 40 39 10 74 34 53 41 41 54 6 23 48 26 48 32 0 39 38 30 41 42 35 47 36 36 72 43 23 40 34 50 24 47 
75 57 86 38 70 67 76 6 43 34 82 92 81 30 94 76 68 51 63 12 76 76 69 16 36 73 85 87 55 39 58 29 28 49 68 49 39 96 62 1 70 71 51 39 4 10 52 74 76 29 92 6 55 44 75 73 41 32 45 63 55 71 39 0 72 69 49 50 48 23 73 51 70 58 55 21 68 62 63 53 
14 67 26 58 53 49 16 71 32 40 23 34 50 44 42 55 44 38 64 62 26 36 13 59 44 22 22 35 18 40 28 56 55 36 11 35 51 40 80 72 21 29 58 35 76 72 74 3 9 46 45 69 49 46 6 29 33 43 53 15 42 28 38 72 0 25 40 41 34 72 12 31 66 30 17 65 5 36 26 43 
13 80 51 67 73 68 41 66 26 35 48 59 72 39 67 76 64 52 79 61 50 59 12 53 51 5 47 60 20 30 46 62 60 49 14 48 61 65 93 69 4 51 71 40 73 71 86 24 18 40 70 64 64 58 31 52 28 47 65 12 58 3 30 69 25 0 53 54 46 75 13 45 83 48 24 68 25 55 6 58 
51 27 41 19 25 20 34 52 37 36 37 46 32 37 47 30 19 3 27 37 30 28 45 45 14 54 41 41 33 44 14 22 22 4 43 5 12 50 40 49 51 25 18 20 51 43 34 43 48 42 44 50 12 7 39 27 36 21 13 42 7 56 41 49 40 53 0 1 7 37 49 9 31 12 30 32 35 13 50 6 
52 27 41 19 24 19 34 53 38 37 37 45 31 38 46 29 18 3 26 38 30 27 46 46 15 55 41 40 34 45 14 22 23 5 44 6 12 49 40 50 52 24 18 21 52 44 34 44 49 43 43 51 11 7 39 26 37 22 13 43 6 57 42 50 41 54 1 0 8 37 50 10 30 12 31 32 36 12 51 5 
44 34 38 24 31 26 29 51 30 30 34 44 36 31 46 36 24 6 33 36 28 28 38 42 13 47 37 39 26 38 10 24 23 3 36 2 17 48 47 48 44 23 25 14 50 44 40 37 42 36 44 49 18 12 33 25 29 18 19 35 13 49 35 48 34 46 7 8 0 40 42 3 37 10 23 33 29 15 43 12 
78 35 77 20 54 51 69 29 49 41 73 82 65 38 83 60 53 40 42 17 67 64 72 32 28 78 76 77 57 49 49 16 17 39 70 39 25 86 39 22 75 61 32 37 21 13 29 75 78 40 80 28 39 30 72 63 47 29 28 66 41 77 47 23 72 75 37 37 40 0 76 43 49 49 56 7 67 49 69 39 
2 76 38 65 65 60 28 70 31 39 35 46 62 43 54 67 56 47 74 65 38 48 4 58 49 10 34 47 19 38 38 61 59 45 6 44 58 52 89 73 9 41 67 39 77 75 82 11 5 45 57 68 59 54 18 41 32 47 61 10 52 16 36 73 12 13 49 50 42 76 0 40 76 40 20 69 15 47 17 53 
42 36 35 27 30 25 26 53 31 31 31 41 35 32 43 35 23 7 35 39 25 26 37 44 16 45 34 36 25 39 7 27 26 5 35 4 20 45 49 51 42 20 27 15 53 47 43 34 39 37 42 51 20 15 30 22 30 20 22 33 13 48 36 51 31 45 9 10 3 43 40 0 39 8 22 36 26 14 42 14 
78 15 55 32 14 18 54 75 67 66 53 56 27 66 52 19 23 32 7 59 45 36 74 72 42 83 57 49 63 75 38 42 44 34 72 35 33 57 23 69 81 40 19 51 69 61 26 69 75 71 47 73 19 31 63 41 66 50 26 72 26 86 72 70 66 83 31 30 37 49 76 39 0 36 60 49 62 30 80 25 
42 37 29 31 25 20 22 61 38 39 25 34 28 40 36 28 16 9 34 46 18 18 38 52 23 47 29 29 29 46 2 33 33 10 36 10 24 38 50 58 45 13 28 23 60 54 45 33 39 45 34 59 19 19 27 15 37 28 25 36 12 51 43 58 30 48 12 12 10 49 40 8 36 0 25 43 26 7 46 13 
22 57 36 45 50 45 25 54 17 23 32 44 52 27 51 53 41 29 56 45 32 40 16 42 29 24 34 44 4 25 23 41 39 26 14 25 38 50 70 55 21 32 48 19 59 55 63 19 22 30 52 52 41 35 20 33 17 27 42 12 35 27 23 55 17 24 30 31 23 56 20 22 60 25 0 49 13 32 21 35 
71 36 71 17 51 48 62 27 42 34 67 77 62 31 78 57 49 34 42 11 61 59 65 26 21 71 70 72 50 42 43 10 10 33 63 33 20 81 41 20 68 56 30 30 20 12 31 68 71 33 75 25 36 25 65 58 40 22 25 59 36 70 40 21 65 68 32 32 33 7 69 36 49 43 49 0 60 44 62 34 
17 62 26 53 50 46 16 67 28 36 23 34 47 40 42 52 41 33 60 57 25 34 13 55 39 22 23 35 14 36 24 51 50 31 11 30 46 40 75 68 21 26 53 30 71 67 69 8 13 42 45 65 45 41 7 27 29 38 48 14 38 28 34 68 5 25 35 36 29 67 15 26 62 26 13 60 0 33 26 39 
49 33 30 31 18 13 25 64 45 45 27 34 21 46 34 21 9 11 29 50 19 15 45 56 26 54 31 28 36 53 9 34 35 13 43 14 24 37 46 62 52 13 26 29 64 56 43 39 45 51 31 62 15 19 33 15 44 32 23 43 9 58 50 62 36 55 13 12 15 49 47 14 30 7 32 44 33 0 53 11 
17 77 52 62 71 66 42 60 20 29 49 60 72 33 68 74 62 49 76 55 51 59 14 47 46 10 48 61 17 24 44 57 55 46 15 45 56 66 90 63 8 51 68 35 67 65 82 26 22 34 71 58 61 55 32 52 22 42 62 12 55 8 24 63 26 6 50 51 43 69 17 42 80 46 21 62 26 53 0 55 
55 24 41 20 19 14 35 57 42 42 38 45 28 43 44 24 15 7 21 41 30 25 50 50 19 59 42 39 38 50 15 24 26 9 48 10 14 48 37 53 56 24 15 26 54 46 32 46 52 48 41 55 6 10 40 26 41 27 12 47 2 61 47 53 43 58 6 5 12 39 53 14 25 13 35 34 39 11 55 0 
100
72
64
38
70
84
13
3
57
8
19
84
56
50
62
9
17
99
39
42
34
45
27
20
41
26
45
43
58
45
12
16
18
5
26
23
85
17
53
29
100
15
4
58
39
72
28
94
66
60
97
50
20
39
10
91
39
63
55
47
67
100
94
2
45
59
17
60
33
10
49
46
92
72
53
76
80
96
6
