55
0 44 90 106 78 68 102 109 101 76 75 14 47 99 92 77 87 119 54 95 68 103 96 94 85 62 60 55 33 125 117 141 93 72 116 108 169 41 61 5 100 65 125 98 64 120 101 87 88 94 132 107 86 58 92 
44 0 72 120 114 50 127 105 97 62 119 58 81 55 75 33 93 104 98 91 24 131 52 76 96 48 42 99 67 142 125 127 124 116 101 134 151 85 105 39 70 109 121 109 98 132 93 83 132 80 147 87 69 44 88 
90 72 0 108 137 28 115 118 114 50 104 76 62 108 66 54 81 127 116 109 63 107 77 64 67 36 30 117 76 140 103 115 92 134 124 112 139 103 65 95 98 83 104 54 112 150 81 101 117 63 128 81 60 32 105 
106 120 108 0 179 86 91 64 72 88 31 99 153 97 102 102 27 105 79 79 111 11 113 44 117 84 78 78 139 128 91 163 66 81 102 100 119 72 53 111 82 71 96 104 109 133 57 86 44 116 116 99 96 80 81 
78 114 137 179 0 146 161 161 153 137 148 92 117 111 133 147 160 135 132 147 138 181 110 172 70 140 138 133 103 104 195 211 121 150 132 186 190 119 139 75 126 143 177 83 134 163 159 139 161 172 178 143 127 136 144 
68 50 28 86 146 0 93 96 97 28 85 54 90 91 44 32 59 105 94 93 41 97 55 42 95 14 8 95 85 143 75 93 97 112 102 84 117 81 85 73 76 88 88 82 112 133 59 89 98 46 100 59 38 10 88 
102 127 115 91 161 93 0 67 62 65 60 88 136 75 81 103 84 26 111 66 112 102 92 101 91 87 85 112 122 64 100 115 72 30 29 109 87 101 110 107 60 125 38 104 57 60 34 58 73 105 75 72 75 83 63 
109 105 118 64 161 96 67 0 8 83 95 102 102 50 99 112 37 41 62 15 121 75 110 54 91 94 88 63 91 79 109 109 76 91 38 104 96 75 63 104 35 81 32 102 45 69 101 22 108 59 84 52 93 90 17 
101 97 114 72 153 97 62 8 0 75 103 109 97 42 91 106 45 46 69 22 115 83 102 62 83 91 89 70 83 84 105 101 84 92 43 96 101 82 71 96 27 89 24 94 37 63 96 14 116 51 89 44 85 87 9 
76 62 50 88 137 28 65 83 75 0 57 62 71 63 16 40 71 77 95 69 49 99 27 54 104 22 20 96 57 115 103 101 69 95 74 112 129 89 78 81 48 60 96 104 84 105 31 61 70 54 120 31 10 18 66 
75 119 104 31 148 85 60 95 103 57 0 68 122 120 73 97 58 86 54 101 106 42 84 75 115 79 77 55 108 97 117 158 64 90 89 108 138 41 73 80 105 91 98 102 117 120 26 109 13 111 135 88 67 75 112 
14 58 76 99 92 54 88 102 109 62 68 0 61 113 78 66 73 106 40 87 75 89 89 80 99 48 46 41 47 139 103 127 79 58 109 94 155 27 47 19 108 51 122 112 78 106 93 95 81 80 127 93 72 44 100 
47 81 62 153 117 90 136 102 97 71 122 61 0 111 87 111 134 115 101 87 105 150 98 125 122 93 91 102 14 78 138 172 140 119 112 147 170 88 108 42 96 112 121 116 101 132 102 83 135 125 113 102 81 89 88 
99 55 108 97 111 91 75 50 42 63 120 113 111 0 79 88 70 49 83 36 79 108 90 87 41 85 83 84 97 87 117 105 92 105 46 110 104 96 96 94 15 114 66 54 51 77 94 28 133 75 92 32 73 81 33 
92 75 66 102 133 44 81 99 91 16 73 78 87 79 0 56 87 93 91 85 65 104 23 70 120 38 36 92 73 131 119 117 85 111 90 128 145 104 62 97 64 44 112 120 100 121 47 77 86 70 136 47 6 34 82 
77 33 54 102 147 32 103 112 106 40 97 66 111 88 56 0 75 116 106 109 9 113 67 58 121 26 24 107 97 154 107 105 91 124 113 116 133 93 101 72 88 100 100 108 124 144 71 101 110 55 132 71 50 22 97 
87 93 81 27 160 59 84 37 45 71 58 73 134 70 87 75 0 78 78 52 84 38 98 17 90 57 51 79 120 116 118 136 39 54 75 127 92 91 26 92 55 44 69 77 82 106 77 59 71 89 121 72 81 53 54 
119 104 127 105 135 105 26 41 46 77 86 106 115 49 93 116 78 0 87 40 125 104 104 91 65 99 97 88 101 38 74 141 98 56 3 83 61 79 104 114 34 122 64 78 55 34 60 32 99 79 49 46 87 95 37 
54 98 116 79 132 94 111 62 69 95 54 40 101 83 91 106 78 87 0 47 115 68 68 95 90 88 86 1 87 125 89 167 39 88 84 80 142 13 87 59 68 91 93 77 78 66 77 55 67 102 114 85 85 84 60 
95 91 109 79 147 93 66 15 22 69 101 87 87 36 85 109 52 40 47 0 115 90 96 51 77 91 85 48 77 78 99 123 86 96 37 90 95 60 78 90 21 96 46 89 31 57 100 8 114 55 83 38 79 87 13 
68 24 63 111 138 41 112 121 115 49 106 75 105 79 65 9 84 125 115 115 0 122 76 67 120 35 33 116 91 163 116 114 100 133 122 125 142 102 110 63 94 109 109 117 122 153 80 107 119 64 141 80 59 31 106 
103 131 107 11 181 97 102 75 83 99 42 89 150 108 104 113 38 104 68 90 122 0 124 55 128 95 89 67 136 136 80 174 77 92 107 89 130 81 42 108 93 60 107 115 120 132 68 97 55 127 105 110 107 91 92 
96 52 77 113 110 55 92 110 102 27 84 89 98 90 23 67 98 104 68 96 76 124 0 81 131 49 47 69 84 142 130 128 96 104 101 139 156 81 85 91 75 67 123 131 111 132 58 88 97 81 134 58 17 45 93 
94 76 64 44 172 42 101 54 62 54 75 80 125 87 70 58 17 91 95 51 67 55 81 0 107 40 34 96 111 129 117 119 56 71 88 126 75 107 43 99 72 61 86 94 82 108 85 59 88 72 134 85 64 36 64 
85 96 67 117 70 95 91 91 83 104 115 99 122 41 120 121 90 65 90 77 120 128 131 107 0 103 97 91 108 103 133 146 51 121 62 142 120 103 116 80 56 134 107 13 71 93 89 69 128 116 108 73 114 99 74 
62 48 36 84 140 14 87 94 91 22 79 48 93 85 38 26 57 99 88 91 35 95 49 40 103 0 6 89 79 137 89 79 84 106 96 98 115 75 83 67 70 82 74 90 106 127 53 83 92 40 114 53 32 4 82 
60 42 30 78 138 8 85 88 89 20 77 46 91 83 36 24 51 97 86 85 33 89 47 34 97 6 0 87 77 135 83 85 89 104 94 92 109 73 77 65 68 80 80 84 104 125 51 81 90 38 108 51 30 2 80 
55 99 117 78 133 95 112 63 70 96 55 41 102 84 92 107 79 88 1 48 116 67 69 96 91 89 87 0 88 126 90 168 40 89 85 81 143 14 88 60 69 92 94 78 79 65 78 56 68 103 115 86 86 85 61 
33 67 76 139 103 85 122 91 83 57 108 47 14 97 73 97 120 101 87 77 91 136 84 111 108 79 77 88 0 92 124 158 126 105 98 133 156 74 94 28 82 98 107 121 87 118 88 69 121 111 99 88 67 75 74 
125 142 140 128 104 143 64 79 84 115 97 139 78 87 131 154 116 38 125 78 163 136 142 129 103 137 135 126 92 0 112 179 136 94 41 121 99 117 142 120 72 160 102 116 93 72 98 70 84 117 87 84 125 133 75 
117 125 103 91 195 75 100 109 105 103 117 103 138 117 119 107 118 74 89 99 116 80 130 117 133 89 83 90 124 112 0 168 128 94 71 9 129 76 122 122 102 140 95 146 114 102 134 91 130 121 25 114 113 85 96 
141 127 115 163 211 93 115 109 101 101 158 127 172 105 117 105 136 141 167 123 114 174 128 119 146 79 85 168 158 179 168 0 163 145 144 177 194 154 138 146 120 120 77 159 138 164 132 115 171 119 147 132 111 83 110 
93 124 92 66 121 97 72 76 84 69 64 79 140 92 85 91 39 98 39 86 100 77 96 56 51 84 89 40 126 136 128 163 0 93 101 119 109 52 65 98 94 83 108 38 96 105 38 94 77 123 147 100 79 87 93 
72 116 134 81 150 112 30 91 92 95 90 58 119 105 111 124 54 56 88 96 133 92 104 71 121 106 104 89 105 94 94 145 93 0 59 103 117 85 80 77 90 98 68 126 87 90 64 88 103 135 69 102 105 102 93 
116 101 124 102 132 102 29 38 43 74 89 109 112 46 90 113 75 3 84 37 122 107 101 88 62 96 94 85 98 41 71 144 101 59 0 80 58 82 101 111 31 119 67 75 52 31 63 29 102 76 46 43 84 92 34 
108 134 112 100 186 84 109 104 96 112 108 94 147 110 128 116 127 83 80 90 125 89 139 126 142 98 92 81 133 121 9 177 119 103 80 0 138 67 131 113 95 145 104 155 105 111 134 82 121 129 34 112 122 94 87 
169 151 139 119 190 117 87 96 101 129 138 155 170 104 145 133 92 61 142 95 142 130 156 75 120 115 109 143 156 99 129 194 109 117 58 138 0 140 118 169 89 136 125 133 110 89 121 87 151 134 104 101 139 111 92 
41 85 103 72 119 81 101 75 82 89 41 27 88 96 104 93 91 79 13 60 102 81 81 107 103 75 73 14 74 117 76 154 52 85 82 67 140 0 74 46 81 78 106 90 91 79 67 68 54 107 101 98 98 71 73 
61 105 65 53 139 85 110 63 71 78 73 47 108 96 62 101 26 104 87 78 110 42 85 43 116 83 77 88 94 142 122 138 65 80 101 131 118 74 0 66 81 18 95 103 108 105 99 85 60 115 147 98 68 79 80 
5 39 95 111 75 73 107 104 96 81 80 19 42 94 97 72 92 114 59 90 63 108 91 99 80 67 65 60 28 120 122 146 98 77 111 113 169 46 66 0 95 70 120 93 59 119 106 82 93 99 127 112 91 63 87 
100 70 98 82 126 76 60 35 27 48 105 108 96 15 64 88 55 34 68 21 94 93 75 72 56 70 68 69 82 72 102 120 94 90 31 95 89 81 81 95 0 99 51 69 36 62 79 13 118 60 77 17 58 66 18 
65 109 83 71 143 88 125 81 89 60 91 51 112 114 44 100 44 122 91 96 109 60 67 61 134 82 80 92 98 160 140 120 83 98 119 145 136 78 18 70 99 0 113 121 126 123 91 103 78 114 165 91 50 78 98 
125 121 104 96 177 88 38 32 24 96 98 122 121 66 112 100 69 64 93 46 109 107 123 86 107 74 80 94 107 102 95 77 108 68 67 104 125 106 95 120 51 113 0 118 61 87 72 38 111 75 70 68 106 78 33 
98 109 54 104 83 82 104 102 94 104 102 112 116 54 120 108 77 78 77 89 117 115 131 94 13 90 84 78 121 116 146 159 38 126 75 155 133 90 103 93 69 121 118 0 58 106 76 81 115 117 121 86 114 86 85 
64 98 112 109 134 112 57 45 37 84 117 78 101 51 100 124 82 55 78 31 122 120 111 82 71 106 104 79 87 93 114 138 96 87 52 105 110 91 108 59 36 126 61 58 0 60 91 23 130 70 98 53 94 102 28 
120 132 150 133 163 133 60 69 63 105 120 106 132 77 121 144 106 34 66 57 153 132 132 108 93 127 125 65 118 72 102 164 105 90 31 111 89 79 105 119 62 123 87 106 60 0 94 49 133 96 77 74 115 123 54 
101 93 81 57 159 59 34 101 96 31 26 93 102 94 47 71 77 60 77 100 80 68 58 85 89 53 51 78 88 98 134 132 38 64 63 134 121 67 99 106 79 91 72 76 91 94 0 92 39 85 109 62 41 49 97 
87 83 101 86 139 89 58 22 14 61 109 95 83 28 77 101 59 32 55 8 107 97 88 59 69 83 81 56 69 70 91 115 94 88 29 82 87 68 85 82 13 103 38 81 23 49 92 0 122 47 75 30 71 79 5 
88 132 117 44 161 98 73 108 116 70 13 81 135 133 86 110 71 99 67 114 119 55 97 88 128 92 90 68 121 84 130 171 77 103 102 121 151 54 60 93 118 78 111 115 130 133 39 122 0 124 148 101 80 88 125 
94 80 63 116 172 46 105 59 51 54 111 80 125 75 70 55 89 79 102 55 64 127 81 72 116 40 38 103 111 117 121 119 123 135 76 129 134 107 115 99 60 114 75 117 70 96 85 47 124 0 122 77 64 36 42 
132 147 128 116 178 100 75 84 89 120 135 127 113 92 136 132 121 49 114 83 141 105 134 134 108 114 108 115 99 87 25 147 147 69 46 34 104 101 147 127 77 165 70 121 98 77 109 75 148 122 0 89 130 110 80 
107 87 81 99 143 59 72 52 44 31 88 93 102 32 47 71 72 46 85 38 80 110 58 85 73 53 51 86 88 84 114 132 100 102 43 112 101 98 98 112 17 91 68 86 53 74 62 30 101 77 89 0 41 49 35 
86 69 60 96 127 38 75 93 85 10 67 72 81 73 6 50 81 87 85 79 59 107 17 64 114 32 30 86 67 125 113 111 79 105 84 122 139 98 68 91 58 50 106 114 94 115 41 71 80 64 130 41 0 28 76 
58 44 32 80 136 10 83 90 87 18 75 44 89 81 34 22 53 95 84 87 31 91 45 36 99 4 2 85 75 133 85 83 87 102 92 94 111 71 79 63 66 78 78 86 102 123 49 79 88 36 110 49 28 0 78 
92 88 105 81 144 88 63 17 9 66 112 100 88 33 82 97 54 37 60 13 106 92 93 64 74 82 80 61 74 75 96 110 93 93 34 87 92 73 80 87 18 98 33 85 28 54 97 5 125 42 80 35 76 78 0 
2
100
1
5
74
62
55
47
75
75
10
11
94
96
57
41
3
62
88
51
44
74
64
30
60
95
62
23
85
51
44
22
71
51
39
20
4
17
40
36
3
8
88
53
38
89
88
34
86
36
1
20
37
6
