20
0 142 158 101 222 105 82 71 99 134 127 258 198 133 84 100 38 164 171 134 
142 0 164 243 325 188 224 213 223 8 214 155 95 189 193 242 180 255 151 276 
158 164 0 202 197 107 84 172 59 172 50 129 69 25 128 102 139 166 13 235 
101 243 202 0 247 161 183 96 200 235 152 314 254 177 140 201 63 106 215 33 
222 325 197 247 0 137 231 151 206 333 197 290 230 172 158 249 184 313 210 280 
105 188 107 161 137 0 187 131 166 196 157 153 93 132 21 205 98 267 120 194 
82 224 84 183 231 187 0 153 93 216 84 213 153 59 166 18 120 82 97 155 
71 213 172 96 151 131 153 0 170 205 122 284 224 147 110 171 33 202 185 129 
99 223 59 200 206 166 93 170 0 231 59 177 128 34 183 111 137 175 72 233 
134 8 172 235 333 196 216 205 231 0 222 149 103 197 201 234 172 263 159 268 
127 214 50 152 197 157 84 122 59 222 0 171 119 25 160 102 89 166 63 185 
258 155 129 314 290 153 213 284 177 149 171 0 60 154 174 231 251 235 116 308 
198 95 69 254 230 93 153 224 128 103 119 60 0 94 114 171 191 235 56 287 
133 189 25 177 172 132 59 147 34 197 25 154 94 0 153 77 114 141 38 210 
84 193 128 140 158 21 166 110 183 201 160 174 114 153 0 184 77 246 141 173 
100 242 102 201 249 205 18 171 111 234 102 231 171 77 184 0 138 100 115 173 
38 180 139 63 184 98 120 33 137 172 89 251 191 114 77 138 0 169 152 96 
164 255 166 106 313 267 82 202 175 263 166 235 235 141 246 100 169 0 179 73 
171 151 13 215 210 120 97 185 72 159 63 116 56 38 141 115 152 179 0 248 
134 276 235 33 280 194 155 129 233 268 185 308 287 210 173 173 96 73 248 0 
54
34
16
76
15
6
21
71
7
1
42
42
94
82
9
22
15
19
70
