50
0 34 51 64 95 47 82 88 72 114 60 74 88 33 76 95 38 107 113 97 103 87 67 33 96 42 48 8 86 56 72 89 63 31 60 94 62 82 25 57 93 93 83 98 71 75 13 112 25 84 
34 0 60 82 93 13 97 78 88 86 78 92 105 51 90 102 36 95 111 63 81 105 33 41 62 32 66 26 93 74 90 81 81 39 26 90 80 99 43 65 86 100 49 68 89 83 21 139 59 92 
51 60 0 98 127 47 95 73 57 94 95 59 73 18 61 82 70 106 145 116 98 94 93 68 89 66 33 43 91 91 57 76 97 66 34 107 96 67 60 92 98 84 57 83 56 110 48 132 76 79 
64 82 98 0 159 90 97 25 77 131 89 91 52 80 57 86 102 62 177 102 84 98 115 81 41 104 65 56 95 93 41 28 56 79 81 75 55 46 73 102 96 88 94 35 88 123 61 106 73 75 
95 93 127 159 0 80 126 140 159 134 155 161 167 128 144 131 57 155 132 156 174 128 126 128 129 61 135 103 122 151 124 143 156 106 93 168 155 161 120 111 115 129 116 135 158 62 108 199 120 126 
47 13 47 90 80 0 84 65 85 73 91 105 92 64 77 89 23 82 98 76 94 97 46 54 49 19 79 39 80 87 81 68 76 52 13 95 75 86 56 78 73 87 36 55 102 96 34 126 72 92 
82 97 95 97 126 84 0 72 104 110 56 116 99 105 80 13 69 37 144 77 59 21 109 95 68 65 90 90 4 52 66 75 91 113 97 50 90 93 83 71 11 11 120 62 113 87 95 133 107 62 
88 78 73 25 140 65 72 0 52 106 84 66 27 55 32 61 83 37 158 77 59 73 107 101 16 79 40 80 70 88 16 3 31 103 56 50 30 21 67 77 71 63 69 10 63 126 85 81 98 50 
72 88 57 77 159 85 104 52 0 122 60 50 40 39 64 93 108 69 183 107 89 95 55 89 36 104 24 64 102 64 48 55 83 87 91 82 82 46 81 100 103 95 114 42 47 131 69 113 97 82 
114 86 94 131 134 73 110 106 122 0 62 118 133 112 138 101 77 109 152 123 105 89 115 127 122 73 127 106 106 58 122 103 77 125 60 96 76 127 89 151 113 99 37 116 121 106 107 187 139 146 
60 78 95 89 155 91 56 84 60 62 0 110 100 77 96 47 98 47 173 61 43 35 53 77 80 102 84 52 52 4 100 87 73 75 104 34 72 105 35 101 59 45 99 74 107 101 57 145 85 110 
74 92 59 91 161 105 116 66 50 118 110 0 66 41 84 121 112 103 187 109 91 129 105 91 82 113 26 66 112 114 50 69 97 89 93 100 96 60 83 115 105 119 81 76 3 133 71 125 99 102 
88 105 73 52 167 92 99 27 40 133 100 66 0 55 59 88 110 64 185 104 86 100 95 105 43 106 40 80 97 104 43 30 58 103 83 77 57 6 94 104 98 90 96 37 63 147 85 108 113 77 
33 51 18 80 128 64 105 55 39 112 77 41 55 0 43 100 71 92 146 98 80 104 84 50 71 75 15 25 101 73 39 58 80 48 52 89 79 49 42 74 94 102 75 65 38 92 30 114 58 61 
76 90 61 57 144 77 80 32 64 138 96 84 59 43 0 73 87 49 162 89 71 85 119 69 28 91 58 68 76 100 48 35 63 91 88 62 62 53 85 45 69 75 101 22 81 94 73 93 101 18 
95 102 82 86 131 89 13 61 93 101 47 121 88 100 73 0 74 24 149 64 46 12 100 100 57 70 95 91 9 43 71 64 82 110 102 37 81 82 74 76 16 2 120 51 118 78 92 122 120 67 
38 36 70 102 57 23 69 83 108 77 98 112 110 71 87 74 0 98 75 99 117 82 69 71 72 4 86 46 65 94 67 86 99 69 36 111 98 104 63 95 58 72 59 78 109 113 51 142 63 69 
107 95 106 62 155 82 37 37 69 109 47 103 64 92 49 24 98 0 173 40 22 36 100 118 33 94 77 99 33 51 53 40 68 122 93 13 67 58 82 94 40 26 106 27 100 102 104 98 124 67 
113 111 145 177 132 98 144 158 183 152 173 187 185 146 162 149 75 173 0 174 192 157 144 146 147 79 161 121 140 169 142 161 174 144 111 186 173 179 138 157 133 147 134 153 184 108 126 138 138 144 
97 63 116 102 156 76 77 77 107 123 61 109 104 98 89 64 99 40 174 0 18 76 96 104 73 95 83 89 73 65 93 80 108 102 89 27 107 98 96 128 80 66 112 67 106 142 84 138 122 107 
103 81 98 84 174 94 59 59 89 105 43 91 86 80 71 46 117 22 192 18 0 58 96 120 55 113 65 95 55 47 75 62 90 118 107 9 89 80 78 116 62 48 128 49 88 124 100 120 128 89 
87 105 94 98 128 97 21 73 95 89 35 129 100 104 85 12 82 36 157 76 58 0 88 104 69 78 103 79 17 31 79 76 90 102 110 49 89 94 62 84 24 10 126 63 126 66 84 134 112 75 
67 33 93 115 126 46 109 107 55 115 53 105 95 84 119 100 69 100 144 96 96 88 0 74 91 65 79 59 105 57 103 110 114 72 59 87 113 101 76 98 112 98 82 97 102 116 54 168 73 125 
33 41 68 81 128 54 95 101 89 127 77 91 105 50 69 100 71 118 146 104 120 104 74 0 88 73 65 25 91 73 89 104 80 38 67 111 79 99 42 24 84 98 90 91 88 73 20 145 58 51 
96 62 89 41 129 49 68 16 36 122 80 82 43 71 28 57 72 33 147 73 55 69 91 88 0 68 56 88 66 84 32 19 47 101 62 46 46 37 83 64 73 59 85 6 79 113 83 77 114 46 
42 32 66 104 61 19 65 79 104 73 102 113 106 75 91 70 4 94 79 95 113 78 65 73 68 0 87 50 61 98 63 82 95 71 32 107 94 100 67 97 54 68 55 74 110 115 53 138 67 73 
48 66 33 65 135 79 90 40 24 127 84 26 40 15 58 95 86 77 161 83 65 103 79 65 56 87 0 40 86 88 24 43 71 63 67 74 70 34 57 89 79 93 90 50 23 107 45 99 73 76 
8 26 43 56 103 39 90 80 64 106 52 66 80 25 68 91 46 99 121 89 95 79 59 25 88 50 40 0 94 48 64 81 55 23 52 86 54 74 17 49 101 89 75 90 63 67 5 120 33 76 
86 93 91 95 122 80 4 70 102 106 52 112 97 101 76 9 65 33 140 73 55 17 105 91 66 61 86 94 0 48 62 73 87 117 93 46 86 91 79 67 7 7 116 60 109 83 99 131 111 58 
56 74 91 93 151 87 52 88 64 58 4 114 104 73 100 43 94 51 169 65 47 31 57 73 84 98 88 48 48 0 104 91 69 71 100 38 68 109 31 97 55 41 95 78 111 97 53 149 81 106 
72 90 57 41 124 81 66 16 48 122 100 50 43 39 48 71 67 53 142 93 75 79 103 89 32 63 24 64 62 104 0 19 47 87 72 66 46 37 81 93 55 69 85 26 47 131 69 75 97 66 
89 81 76 28 143 68 75 3 55 103 87 69 30 58 35 64 86 40 161 80 62 76 110 104 19 82 43 81 73 91 19 0 28 104 59 53 27 24 64 80 74 66 66 13 66 129 86 84 101 53 
63 81 97 56 156 76 91 31 83 77 73 97 58 80 63 82 99 68 174 108 90 90 114 80 47 95 71 55 87 69 47 28 0 78 63 81 1 52 38 104 94 80 40 41 94 122 60 112 88 81 
31 39 66 79 106 52 113 103 87 125 75 89 103 48 91 110 69 122 144 102 118 102 72 38 101 71 63 23 117 71 87 104 78 0 65 109 77 97 40 62 122 112 88 107 86 44 18 143 56 89 
60 26 34 81 93 13 97 56 91 60 104 93 83 52 88 102 36 93 111 89 107 110 59 67 62 32 67 52 93 100 72 59 63 65 0 106 62 77 69 91 86 100 23 66 90 109 47 137 85 105 
94 90 107 75 168 95 50 50 82 96 34 100 77 89 62 37 111 13 186 27 9 49 87 111 46 107 74 86 46 38 66 53 81 109 106 0 80 71 69 107 53 39 119 40 97 115 91 111 119 80 
62 80 96 55 155 75 90 30 82 76 72 96 57 79 62 81 98 67 173 107 89 89 113 79 46 94 70 54 86 68 46 27 1 77 62 80 0 51 37 103 93 79 39 40 93 121 59 111 87 80 
82 99 67 46 161 86 93 21 46 127 105 60 6 49 53 82 104 58 179 98 80 94 101 99 37 100 34 74 91 109 37 24 52 97 77 71 51 0 88 98 92 84 90 31 57 141 79 102 107 71 
25 43 60 73 120 56 83 67 81 89 35 83 94 42 85 74 63 82 138 96 78 62 76 42 83 67 57 17 79 31 81 64 38 40 69 69 37 88 0 66 86 72 76 77 80 84 22 137 50 93 
57 65 92 102 111 78 71 77 100 151 101 115 104 74 45 76 95 94 157 128 116 84 98 24 64 97 89 49 67 97 93 80 104 62 91 107 103 98 66 0 60 74 114 67 112 49 44 138 82 27 
93 86 98 96 115 73 11 71 103 113 59 105 98 94 69 16 58 40 133 80 62 24 112 84 73 54 79 101 7 55 55 74 94 122 86 53 93 92 86 60 0 14 109 67 102 90 104 130 118 51 
93 100 84 88 129 87 11 63 95 99 45 119 90 102 75 2 72 26 147 66 48 10 98 98 59 68 93 89 7 41 69 66 80 112 100 39 79 84 72 74 14 0 118 53 116 76 94 124 118 65 
83 49 57 94 116 36 120 69 114 37 99 81 96 75 101 120 59 106 134 112 128 126 82 90 85 55 90 75 116 95 85 66 40 88 23 119 39 90 76 114 109 118 0 79 84 132 70 150 108 119 
98 68 83 35 135 55 62 10 42 116 74 76 37 65 22 51 78 27 153 67 49 63 97 91 6 74 50 90 60 78 26 13 41 107 66 40 40 31 77 67 67 53 79 0 73 116 89 71 108 40 
71 89 56 88 158 102 113 63 47 121 107 3 63 38 81 118 109 100 184 106 88 126 102 88 79 110 23 63 109 111 47 66 94 86 90 97 93 57 80 112 102 116 84 73 0 130 68 122 96 99 
75 83 110 123 62 96 87 126 131 106 101 133 147 92 94 78 113 102 108 142 124 66 116 73 113 115 107 67 83 97 131 129 122 44 109 115 121 141 84 49 90 76 132 116 130 0 62 187 100 76 
13 21 48 61 108 34 95 85 69 107 57 71 85 30 73 92 51 104 126 84 100 84 54 20 83 53 45 5 99 53 69 86 60 18 47 91 59 79 22 44 104 94 70 89 68 62 0 125 38 71 
112 139 132 106 199 126 133 81 113 187 145 125 108 114 93 122 142 98 138 138 120 134 168 145 77 138 99 120 131 149 75 84 112 143 137 111 111 102 137 138 130 124 150 71 122 187 125 0 137 111 
25 59 76 73 120 72 107 98 97 139 85 99 113 58 101 120 63 124 138 122 128 112 73 58 114 67 73 33 111 81 97 101 88 56 85 119 87 107 50 82 118 118 108 108 96 100 38 137 0 109 
84 92 79 75 126 92 62 50 82 146 110 102 77 61 18 67 69 67 144 107 89 75 125 51 46 73 76 76 58 106 66 53 81 89 105 80 80 71 93 27 51 65 119 40 99 76 71 111 109 0 
66
48
32
72
80
54
7
36
37
65
57
1
94
94
78
53
33
42
43
23
61
23
33
39
78
4
50
8
26
31
59
26
85
9
25
48
58
19
82
90
55
96
46
67
65
23
55
13
79
