60
0 92 86 104 107 41 87 101 96 92 94 73 89 72 61 103 60 63 69 63 110 84 59 45 18 85 66 100 24 79 56 28 76 87 83 15 88 68 19 47 94 24 79 90 75 56 80 72 78 74 115 91 84 55 72 64 78 70 100 108 
92 0 120 138 120 51 96 135 143 91 128 102 84 99 97 112 89 72 68 45 114 96 68 81 74 72 83 82 110 83 106 64 95 69 82 107 83 94 105 133 104 103 113 72 111 85 114 122 78 56 115 119 93 37 90 63 77 106 118 19 
86 120 0 30 116 69 92 29 95 73 22 51 63 46 39 85 67 68 68 91 88 127 64 55 82 95 70 102 62 57 30 72 50 97 54 101 62 46 67 85 88 72 7 68 53 63 6 46 124 84 68 53 63 83 86 69 59 114 14 113 
104 138 30 0 143 87 119 47 113 103 40 69 81 64 57 103 97 98 98 109 106 102 94 73 100 113 88 132 80 75 48 90 68 115 84 119 80 64 85 103 106 90 25 86 71 93 24 64 142 102 86 83 81 101 116 99 89 84 44 143 
107 120 116 143 0 100 24 136 147 85 103 116 96 86 104 40 94 48 62 122 151 115 52 120 123 148 135 124 83 92 95 113 90 110 76 122 97 98 88 106 102 87 118 81 118 90 119 111 121 97 105 101 69 114 66 57 71 133 102 101 
41 51 69 87 100 0 76 84 102 71 77 58 61 71 46 92 38 52 48 22 78 73 48 30 23 70 51 59 65 60 55 13 72 46 62 56 60 53 60 88 53 65 62 49 60 34 63 71 55 33 113 96 73 14 63 43 57 55 83 70 
87 96 92 119 24 76 0 112 123 61 79 92 72 62 80 16 70 24 38 98 127 91 28 96 99 124 111 100 73 68 71 89 66 86 52 102 73 74 68 96 78 63 94 57 94 66 95 87 97 73 81 77 45 90 42 33 47 109 78 77 
101 135 29 47 136 84 112 0 110 79 37 66 78 61 54 100 96 88 74 106 103 144 84 70 97 82 81 118 77 72 45 87 65 112 70 116 77 61 82 100 103 87 22 83 68 92 23 61 109 99 39 82 78 98 106 79 65 126 43 123 
96 143 95 113 147 102 123 110 0 108 103 68 98 81 56 120 118 99 85 114 105 133 95 72 99 112 70 147 72 60 65 89 85 100 99 111 97 49 77 95 74 78 88 71 70 114 89 81 135 87 149 148 98 106 103 90 94 115 109 134 
92 91 73 103 85 71 61 79 108 0 95 78 57 74 66 77 109 37 23 93 115 136 33 82 94 122 96 67 78 65 75 84 70 105 19 107 58 59 73 89 83 68 80 76 80 105 79 91 102 92 118 98 58 85 55 28 14 126 59 72 
94 128 22 40 103 77 79 37 103 95 0 59 71 54 47 63 89 90 90 99 96 138 86 63 90 103 78 124 70 65 38 80 58 105 76 109 70 54 75 93 96 80 15 76 61 85 16 54 132 92 76 75 71 91 108 91 81 122 36 135 
73 102 51 69 116 58 92 66 68 78 59 0 54 37 12 76 80 69 55 80 37 82 65 28 55 68 19 117 53 30 21 45 41 70 69 88 53 19 58 70 79 63 44 41 26 84 45 37 105 57 105 104 54 72 73 60 64 64 65 104 
89 84 63 81 96 61 72 78 98 57 71 54 0 17 42 88 92 48 34 39 91 106 44 58 84 98 73 92 65 60 33 74 13 79 48 84 1 49 70 88 51 75 56 71 56 95 57 49 88 66 117 116 34 47 66 39 43 102 77 83 
72 99 46 64 86 71 62 61 81 74 54 37 17 0 25 71 75 38 51 54 74 103 42 41 68 81 56 107 48 43 16 58 4 83 65 87 16 32 53 71 42 58 39 54 39 79 40 32 103 70 100 99 17 62 56 47 60 85 60 91 
61 97 39 57 104 46 80 54 56 66 47 12 42 25 0 64 68 57 43 68 49 93 53 16 43 56 31 105 41 18 9 33 29 58 57 76 41 7 46 64 67 51 32 29 14 72 33 25 93 45 93 92 42 60 61 48 52 75 53 92 
103 112 85 103 40 92 16 100 120 77 63 76 88 71 64 0 86 40 54 114 113 75 44 80 107 120 95 116 87 82 55 97 75 102 68 118 87 71 84 110 94 79 78 73 78 82 79 71 113 89 97 61 61 106 58 49 63 93 94 93 
60 89 67 97 94 38 70 96 118 109 89 80 92 75 68 86 0 85 86 60 116 97 81 54 47 94 75 97 46 86 59 37 79 84 93 75 91 75 41 69 91 46 74 87 82 4 73 43 93 71 135 92 92 52 94 81 95 79 53 108 
63 72 68 98 48 52 24 88 99 37 90 69 48 38 57 40 85 0 14 74 103 107 4 73 75 112 88 76 49 61 54 65 42 79 28 78 49 50 44 72 54 39 75 50 71 81 74 70 73 66 105 93 21 66 18 9 23 107 54 53 
69 68 68 98 62 48 38 74 85 23 90 55 34 51 43 54 86 14 0 70 92 113 10 59 71 99 74 62 55 47 52 61 47 83 14 84 35 36 50 78 60 45 75 58 57 82 74 68 79 70 113 93 35 62 32 5 9 103 54 49 
63 45 91 109 122 22 98 106 114 93 99 80 39 54 68 114 60 74 70 0 100 67 70 52 45 92 73 53 87 54 70 35 50 40 84 78 38 65 82 110 71 87 84 43 82 56 85 86 49 27 135 90 71 8 75 65 79 77 105 64 
110 114 88 106 151 78 127 103 105 115 96 37 91 74 49 113 116 103 92 100 0 119 99 65 92 42 56 137 90 67 58 82 78 107 106 125 90 56 95 107 88 100 81 78 63 112 82 74 133 94 85 141 91 92 110 97 101 101 102 130 
84 96 127 102 115 73 91 144 133 136 138 82 106 103 93 75 97 107 113 67 119 0 103 77 70 117 63 104 108 105 102 60 107 91 127 69 105 100 103 131 126 108 125 94 107 101 126 118 100 78 160 74 120 59 112 108 122 18 113 115 
59 68 64 94 52 48 28 84 95 33 86 65 44 42 53 44 81 4 10 70 99 103 0 69 71 108 84 72 45 57 58 61 46 83 24 74 45 46 40 68 50 35 71 54 67 77 70 74 69 70 109 89 25 62 22 5 19 103 50 49 
45 81 55 73 120 30 96 70 72 82 63 28 58 41 16 80 54 73 59 52 65 77 69 0 27 40 21 89 57 34 25 17 45 74 73 60 57 23 62 80 83 67 48 45 30 58 49 41 85 61 83 100 58 44 77 64 68 59 69 100 
18 74 82 100 123 23 99 97 99 94 90 55 84 68 43 107 47 75 71 45 92 70 71 27 0 67 48 82 42 61 52 10 72 69 85 33 83 50 37 65 76 42 75 72 57 51 76 68 78 56 110 73 85 37 86 66 80 52 96 93 
85 72 95 113 148 70 124 82 112 122 103 68 98 81 56 120 94 112 99 92 42 117 108 40 67 0 61 129 97 74 65 57 85 114 113 100 97 63 102 120 123 107 88 85 70 98 89 81 125 101 43 140 98 84 117 104 108 99 109 88 
66 83 70 88 135 51 111 81 70 96 78 19 73 56 31 95 75 88 74 73 56 63 84 21 48 61 0 110 72 49 40 38 60 89 87 81 72 38 77 89 98 82 63 60 45 79 64 56 99 76 104 95 73 65 92 79 82 45 84 102 
100 82 102 132 124 59 100 118 147 67 124 117 92 107 105 116 97 76 62 53 137 104 72 89 82 129 110 0 117 91 114 72 103 77 48 115 91 98 112 118 112 107 109 80 119 93 108 117 86 64 124 127 97 45 94 67 53 114 88 101 
24 110 62 80 83 65 73 77 72 78 70 53 65 48 41 87 46 49 55 87 90 108 45 57 42 97 72 117 0 59 32 52 52 98 69 39 64 48 5 23 90 10 55 69 55 42 56 48 102 85 116 115 65 79 58 50 64 94 76 94 
79 83 57 75 92 60 68 72 60 65 65 30 60 43 18 82 86 61 47 54 67 105 57 34 61 74 49 91 59 0 27 51 47 40 56 69 59 11 64 82 85 69 50 11 32 90 51 43 75 27 111 90 60 46 43 52 51 93 71 96 
56 106 30 48 95 55 71 45 65 75 38 21 33 16 9 55 59 54 52 70 58 102 58 25 52 65 40 114 32 27 0 42 20 67 66 71 32 16 37 55 58 42 23 38 23 63 24 16 102 54 84 83 33 69 70 57 61 84 44 101 
28 64 72 90 113 13 89 87 89 84 80 45 74 58 33 97 37 65 61 35 82 60 61 17 10 57 38 72 52 51 42 0 62 59 75 43 73 40 47 75 66 52 65 62 47 41 66 58 68 46 100 83 75 27 76 56 70 42 86 83 
76 95 50 68 90 72 66 65 85 70 58 41 13 4 29 75 79 42 47 50 78 107 46 45 72 85 60 103 52 47 20 62 0 87 61 91 12 36 57 75 38 62 43 58 43 83 44 36 99 74 104 103 21 58 60 51 56 89 64 95 
87 69 97 115 110 46 86 112 100 105 105 70 79 83 58 102 84 79 83 40 107 91 83 74 69 114 89 77 98 40 67 59 87 0 96 102 78 51 103 121 99 108 90 29 72 80 91 83 73 13 151 50 100 32 61 78 91 101 89 88 
83 82 54 84 76 62 52 70 99 19 76 69 48 65 57 68 93 28 14 84 106 127 24 73 85 113 87 48 69 56 66 75 61 96 0 98 49 50 64 80 74 59 61 67 71 89 60 82 93 83 109 79 49 76 46 19 5 117 40 63 
15 107 101 119 122 56 102 116 111 107 109 88 84 87 76 118 75 78 84 78 125 69 74 60 33 100 81 115 39 69 71 43 91 102 98 0 85 80 34 62 109 39 94 80 90 71 95 87 93 89 130 106 99 70 87 79 93 85 115 123 
88 83 62 80 97 60 73 77 97 58 70 53 1 16 41 87 91 49 35 38 90 105 45 57 83 97 72 91 64 59 32 73 12 78 49 85 0 48 69 87 50 74 55 70 55 94 56 48 87 65 116 115 33 46 67 40 44 101 76 84 
68 94 46 64 98 53 74 61 49 59 54 19 49 32 7 71 75 50 36 65 56 100 46 23 50 63 38 98 48 11 16 40 36 51 50 80 48 0 53 71 74 58 39 22 21 79 40 32 86 38 100 99 49 57 54 41 45 82 60 85 
19 105 67 85 88 60 68 82 77 73 75 58 70 53 46 84 41 44 50 82 95 103 40 62 37 102 77 112 5 64 37 47 57 103 64 34 69 53 0 28 90 5 60 74 60 37 61 53 97 90 121 110 65 74 53 45 59 89 81 89 
47 133 85 103 106 88 96 100 95 89 93 70 88 71 64 110 69 72 78 110 107 131 68 80 65 120 89 118 23 82 55 75 75 121 80 62 87 71 28 0 113 33 78 92 78 65 79 71 125 108 139 138 88 102 77 73 75 117 99 117 
94 104 88 106 102 53 78 103 74 83 96 79 51 42 67 94 91 54 60 71 88 126 50 83 76 123 98 112 90 85 58 66 38 99 74 109 50 74 90 113 0 85 81 88 81 87 82 74 108 86 142 139 59 67 72 55 69 108 100 99 
24 103 72 90 87 65 63 87 78 68 80 63 75 58 51 79 46 39 45 87 100 108 35 67 42 107 82 107 10 69 42 52 62 108 59 39 74 58 5 33 85 0 65 79 65 42 66 58 102 95 126 115 60 79 57 40 54 94 85 84 
79 113 7 25 118 62 94 22 88 80 15 44 56 39 32 78 74 75 75 84 81 125 71 48 75 88 63 109 55 50 23 65 43 90 61 94 55 39 60 78 81 65 0 61 46 70 1 39 117 77 61 60 56 76 93 76 66 107 21 120 
90 72 68 86 81 49 57 83 71 76 76 41 71 54 29 73 87 50 58 43 78 94 54 45 72 85 60 80 69 11 38 62 58 29 67 80 70 22 74 92 88 79 61 0 43 83 62 54 64 16 122 79 71 35 32 59 62 104 82 91 
75 111 53 71 118 60 94 68 70 80 61 26 56 39 14 78 82 71 57 82 63 107 67 30 57 70 45 119 55 32 23 47 43 72 71 90 55 21 60 78 81 65 46 43 0 86 47 39 83 59 107 106 56 74 75 62 66 89 67 106 
56 85 63 93 90 34 66 92 114 105 85 84 95 79 72 82 4 81 82 56 112 101 77 58 51 98 79 93 42 90 63 41 83 80 89 71 94 79 37 65 87 42 70 83 86 0 69 47 89 67 131 88 96 48 90 77 91 83 49 104 
80 114 6 24 119 63 95 23 89 79 16 45 57 40 33 79 73 74 74 85 82 126 70 49 76 89 64 108 56 51 24 66 44 91 60 95 56 40 61 79 82 66 1 62 47 69 0 40 118 78 62 59 57 77 92 75 65 108 20 119 
72 122 46 64 111 71 87 61 81 91 54 37 49 32 25 71 43 70 68 86 74 118 74 41 68 81 56 117 48 43 16 58 36 83 82 87 48 32 53 71 74 58 39 54 39 47 40 0 118 70 100 99 49 85 86 73 77 100 60 117 
78 78 124 142 121 55 97 109 135 102 132 105 88 103 93 113 93 73 79 49 133 100 69 85 78 125 99 86 102 75 102 68 99 73 93 93 87 86 97 125 108 102 117 64 83 89 118 118 0 60 148 123 94 41 91 74 88 110 119 97 
74 56 84 102 97 33 73 99 87 92 92 57 66 70 45 89 71 66 70 27 94 78 70 61 56 101 76 64 85 27 54 46 74 13 83 89 65 38 90 108 86 95 77 16 59 67 78 70 60 0 138 63 87 19 48 65 78 88 98 75 
115 115 68 86 105 113 81 39 149 118 76 105 117 100 93 97 135 105 113 135 85 160 109 83 110 43 104 124 116 111 84 100 104 151 109 130 116 100 121 139 142 126 61 122 107 131 62 100 148 138 0 121 117 127 123 114 104 142 82 131 
91 119 53 83 101 96 77 82 148 98 75 104 116 99 92 61 92 93 93 90 141 74 89 100 73 140 95 127 115 90 83 83 103 50 79 106 115 99 110 138 139 115 60 79 106 88 59 99 123 63 121 0 114 82 111 94 84 92 39 138 
84 93 63 81 69 73 45 78 98 58 71 54 34 17 42 61 92 21 35 71 91 120 25 58 85 98 73 97 65 60 33 75 21 100 49 99 33 49 65 88 59 60 56 71 56 96 57 49 94 87 117 114 0 79 39 30 44 102 75 74 
55 37 83 101 114 14 90 98 106 85 91 72 47 62 60 106 52 66 62 8 92 59 62 44 37 84 65 45 79 46 69 27 58 32 76 70 46 57 74 102 67 79 76 35 74 48 77 85 41 19 127 82 79 0 67 57 71 69 97 56 
72 90 86 116 66 63 42 106 103 55 108 73 66 56 61 58 94 18 32 75 110 112 22 77 86 117 92 94 58 43 70 76 60 61 46 87 67 54 53 77 72 57 93 32 75 90 92 86 91 48 123 111 39 67 0 27 41 118 72 71 
64 63 69 99 57 43 33 79 90 28 91 60 39 47 48 49 81 9 5 65 97 108 5 64 66 104 79 67 50 52 57 56 51 78 19 79 40 41 45 73 55 40 76 59 62 77 75 73 74 65 114 94 30 57 27 0 14 98 55 44 
78 77 59 89 71 57 47 65 94 14 81 64 43 60 52 63 95 23 9 79 101 122 19 68 80 108 82 53 64 51 61 70 56 91 5 93 44 45 59 75 69 54 66 62 66 91 65 77 88 78 104 84 44 71 41 14 0 112 45 58 
70 106 114 84 133 55 109 126 115 126 122 64 102 85 75 93 79 107 103 77 101 18 103 59 52 99 45 114 94 93 84 42 89 101 117 85 101 82 89 117 108 94 107 104 89 83 108 100 110 88 142 92 102 69 118 98 112 0 128 125 
100 118 14 44 102 83 78 43 109 59 36 65 77 60 53 94 53 54 54 105 102 113 50 69 96 109 84 88 76 71 44 86 64 89 40 115 76 60 81 99 100 85 21 82 67 49 20 60 119 98 82 39 75 97 72 55 45 128 0 99 
108 19 113 143 101 70 77 123 134 72 135 104 83 91 92 93 108 53 49 64 130 115 49 100 93 88 102 101 94 96 101 83 95 88 63 123 84 85 89 117 99 84 120 91 106 104 119 117 97 75 131 138 74 56 71 44 58 125 99 0 
6
59
87
86
57
28
65
86
7
11
63
98
24
70
91
56
63
63
14
83
82
89
80
23
56
11
2
91
44
55
22
86
65
53
71
64
63
28
16
2
44
67
98
37
50
31
72
56
57
51
50
7
69
58
74
56
84
22
50
