90
0 32 37 63 78 81 59 30 61 76 29 21 7 35 79 44 25 51 55 82 44 81 62 48 48 20 34 47 32 84 32 46 59 83 36 64 86 52 37 55 43 27 36 49 51 45 83 52 76 17 74 44 80 57 72 34 65 31 64 23 26 39 10 64 39 58 28 67 36 48 83 11 78 59 49 71 68 43 30 37 71 69 53 71 30 41 7 62 28 41 
32 0 5 53 82 81 37 4 71 81 30 35 25 6 58 72 7 68 28 73 34 88 67 26 48 31 61 69 18 74 46 46 75 62 65 61 83 79 64 82 20 8 31 52 24 52 74 68 62 15 67 68 80 56 77 19 75 60 50 32 13 62 22 82 22 74 7 67 35 64 68 39 83 49 51 68 48 37 25 12 52 56 26 51 14 42 35 38 55 53 
37 5 0 51 83 80 33 8 73 82 32 39 30 4 54 76 12 72 24 71 33 89 68 22 49 35 65 73 19 71 50 47 79 58 70 60 81 83 68 86 17 13 32 53 20 54 72 72 59 20 65 72 79 56 78 19 76 65 47 36 18 66 27 86 20 78 11 67 37 68 64 44 84 47 52 67 44 38 27 10 48 53 22 47 18 43 40 34 59 55 
63 53 51 0 38 30 29 49 41 37 34 43 62 47 34 71 55 50 38 20 19 48 30 32 20 43 63 54 35 21 39 20 52 36 70 13 30 69 60 71 35 59 27 24 39 29 21 49 14 57 14 57 29 14 36 34 41 69 11 40 63 52 61 60 31 51 47 20 27 46 23 57 39 4 22 17 26 20 33 41 25 9 39 28 66 23 58 34 59 33 
78 82 83 38 0 10 66 78 23 2 55 58 81 79 70 67 83 38 74 31 51 11 16 68 34 61 63 46 64 34 46 36 33 70 70 25 20 58 59 58 69 87 51 31 75 34 30 37 44 82 28 51 12 28 6 65 19 72 48 58 91 50 82 38 64 33 76 18 48 39 51 69 2 40 32 21 63 47 58 74 62 44 75 65 94 41 71 71 62 37 
81 81 80 30 10 0 59 77 31 12 54 60 82 76 61 73 82 45 68 21 47 21 21 62 34 61 69 53 63 24 50 35 41 61 76 20 10 66 65 66 65 86 50 32 69 37 20 44 35 81 19 57 2 25 14 62 27 78 40 58 90 56 82 47 60 41 75 14 47 45 41 73 12 34 33 13 54 44 57 70 53 35 69 56 93 40 75 64 68 41 
59 37 33 29 66 59 0 35 67 65 37 48 55 31 21 86 42 70 10 45 23 76 58 11 41 45 75 73 27 44 52 39 75 25 81 41 58 87 75 89 17 45 31 46 13 50 46 70 31 47 42 74 58 41 64 25 69 79 20 44 50 69 53 83 20 74 34 48 35 66 33 60 67 26 44 46 11 29 32 25 15 26 12 14 51 38 58 5 69 52 
30 4 8 49 78 77 35 0 67 77 26 31 23 5 56 68 7 64 27 69 30 84 63 24 44 27 57 65 14 70 42 42 71 60 62 57 79 75 60 78 18 10 27 48 23 48 70 64 58 13 63 64 76 52 73 15 71 57 46 28 15 58 20 78 18 70 3 63 31 60 65 36 79 45 47 64 46 33 21 10 50 52 25 49 17 38 32 37 51 49 
61 71 73 41 23 31 67 67 0 21 42 42 65 69 75 44 71 15 72 45 45 21 12 64 26 45 40 23 54 48 29 28 12 77 47 30 40 37 36 37 63 75 41 21 71 19 45 14 53 67 38 28 31 27 17 55 4 49 52 42 77 27 66 19 57 12 64 25 36 16 61 51 23 42 23 31 66 39 46 64 66 50 72 69 81 31 54 72 40 20 
76 81 82 37 2 12 65 77 21 0 53 56 79 78 70 65 81 36 73 32 50 11 14 67 33 59 61 44 63 35 44 35 31 70 68 24 22 56 57 56 68 85 50 29 74 32 31 35 44 80 28 49 13 27 4 64 17 70 48 56 89 48 80 36 63 31 74 17 46 37 51 67 2 39 31 21 63 45 56 73 62 44 74 65 92 39 69 70 60 35 
29 30 32 34 55 54 37 26 42 53 0 11 28 28 55 49 29 40 36 53 16 60 39 29 21 9 38 41 14 55 18 19 47 58 45 36 58 52 39 55 24 33 7 24 33 23 54 40 47 27 45 40 53 29 49 16 46 42 36 7 36 34 28 54 19 46 23 40 7 36 55 24 55 30 23 43 44 14 6 25 46 40 35 47 40 14 24 42 33 23 
21 35 39 43 58 60 48 31 42 56 11 0 23 35 66 39 31 35 45 62 27 62 42 38 27 4 28 34 22 64 13 26 42 69 34 44 66 44 29 47 33 35 18 28 42 24 63 35 56 26 54 33 60 37 52 24 46 31 47 4 36 27 24 49 29 41 28 47 16 31 65 14 58 39 28 51 55 24 16 32 57 50 44 58 40 21 15 52 22 22 
7 25 30 62 81 82 55 23 65 79 28 23 0 28 75 51 18 57 49 81 43 85 65 44 49 21 40 53 28 83 36 47 64 79 43 64 86 58 43 61 38 20 35 51 45 47 82 57 75 10 73 50 81 57 75 30 69 38 63 24 19 45 3 70 35 63 22 68 35 53 82 17 81 58 50 71 64 42 29 31 67 68 47 67 23 42 13 58 34 45 
35 6 4 47 79 76 31 5 69 78 28 35 28 0 52 72 12 68 22 67 29 85 64 20 45 31 61 69 15 68 46 43 75 56 66 56 77 79 64 82 14 14 28 49 18 50 68 68 56 18 61 68 75 52 74 15 72 61 44 32 19 62 25 82 16 74 7 63 33 64 62 40 80 43 48 63 42 34 23 6 46 50 20 45 20 39 37 32 55 51 
79 58 54 34 70 61 21 56 75 70 55 66 75 52 0 102 63 83 30 40 39 81 64 32 53 63 91 87 47 38 68 52 86 4 98 46 54 102 91 104 38 66 48 57 34 62 41 82 26 68 42 89 59 48 69 45 75 96 24 62 71 84 74 94 40 85 55 53 51 79 21 78 72 34 55 49 11 44 50 46 10 26 32 8 72 52 77 20 86 66 
44 72 76 71 67 73 86 68 44 65 49 39 51 72 102 0 67 29 84 83 63 64 53 77 52 42 11 21 61 86 34 52 35 105 8 65 83 11 11 14 72 70 55 48 81 42 84 30 85 60 75 16 74 59 61 63 48 13 80 43 70 19 54 34 68 34 65 65 51 28 94 34 67 70 49 71 91 58 55 71 93 80 83 94 74 50 38 91 17 38 
25 7 12 55 83 82 42 7 71 81 29 31 18 12 63 67 0 65 34 75 36 88 67 31 49 27 56 65 20 76 43 47 72 67 59 62 84 74 59 77 25 4 32 52 30 52 76 65 65 8 69 63 81 57 77 21 75 54 53 29 8 58 15 79 25 71 8 68 35 61 72 33 83 51 51 69 53 38 25 17 57 59 32 56 11 42 29 44 50 51 
51 68 72 50 38 45 70 64 15 36 40 35 57 68 83 29 65 0 74 58 47 35 25 66 30 39 25 8 54 61 22 32 8 85 32 41 55 22 21 23 64 69 42 26 73 21 58 1 63 61 51 13 46 36 32 56 19 34 59 36 71 13 59 14 58 7 61 38 37 4 72 41 38 49 28 44 72 41 46 65 73 59 74 75 75 32 44 75 26 18 
55 28 24 38 74 68 10 27 72 73 36 45 49 22 30 84 34 74 0 54 27 83 64 8 46 42 73 76 23 53 53 44 80 34 79 49 67 88 74 91 12 36 32 51 4 54 55 74 41 40 51 76 67 47 71 21 74 76 29 41 41 70 47 88 17 79 27 56 37 70 43 56 75 34 49 55 21 33 30 18 25 35 2 23 42 42 54 10 67 56 
82 73 71 20 31 21 45 69 45 32 53 62 81 67 40 83 75 58 54 0 39 42 33 51 35 62 75 65 55 3 54 36 57 40 82 18 14 80 72 81 54 79 46 35 56 41 1 57 15 77 8 69 19 25 33 54 44 82 25 59 83 64 80 64 51 57 67 20 46 57 20 76 33 24 35 14 37 39 52 61 34 19 56 37 86 41 77 48 72 45 
44 34 33 19 51 47 23 30 45 50 16 27 43 29 39 63 36 47 27 39 0 59 38 19 19 25 52 50 16 40 29 17 53 42 59 27 49 64 52 66 18 40 9 24 26 27 40 47 32 38 33 51 46 23 47 15 47 57 20 23 44 46 42 61 13 52 28 34 12 43 39 40 52 15 22 34 28 6 14 23 30 25 27 31 47 15 40 28 47 29 
81 88 89 48 11 21 76 84 21 11 60 62 85 85 81 64 88 35 83 42 59 0 21 76 40 65 60 43 70 45 49 42 29 81 67 35 31 55 56 54 77 92 57 36 83 38 41 34 55 87 39 48 23 36 12 71 17 69 59 62 96 48 86 31 71 30 81 28 53 37 62 72 9 50 38 32 74 53 63 80 73 55 84 76 99 46 74 81 61 40 
62 67 68 30 16 21 58 63 12 14 39 42 65 64 64 53 67 25 64 33 38 21 0 57 19 45 48 33 49 36 30 21 24 65 55 18 30 47 44 48 56 71 36 15 64 18 33 24 41 66 26 37 21 17 10 50 11 57 41 42 75 35 66 31 50 24 60 13 32 25 49 53 16 32 17 19 56 32 42 59 55 38 64 58 78 25 55 63 47 21 
48 26 22 32 68 62 11 24 64 67 29 38 44 20 32 77 31 66 8 51 19 76 57 0 38 35 66 68 16 50 45 36 72 36 72 43 62 80 67 83 6 34 24 43 7 46 52 66 38 36 46 68 61 40 64 14 66 69 26 34 39 62 42 80 10 71 23 50 29 62 42 49 69 28 41 49 22 25 23 14 26 32 8 25 40 34 47 14 60 48 
48 48 49 20 34 34 41 44 26 33 21 27 49 45 53 52 49 30 46 35 19 40 19 38 0 28 43 35 30 38 19 2 34 55 50 17 39 50 41 52 37 53 17 5 45 10 36 30 34 48 27 38 33 10 29 31 28 49 29 25 57 33 49 42 31 33 42 20 14 27 43 41 35 19 3 24 42 13 24 40 43 29 46 45 60 7 42 46 39 14 
20 31 35 43 61 61 45 27 45 59 9 4 21 31 63 42 27 39 42 62 25 65 45 35 28 0 31 38 19 64 17 26 46 67 37 44 66 48 33 51 30 31 16 30 39 27 63 39 56 23 54 37 60 37 55 21 49 34 45 3 33 31 22 53 26 45 24 47 16 35 64 15 61 39 29 51 52 23 13 29 55 49 41 55 37 21 15 49 26 25 
34 61 65 63 63 69 75 57 40 61 38 28 40 61 91 11 56 25 73 75 52 60 48 66 43 31 0 18 50 78 24 43 32 94 7 57 78 18 5 21 61 59 44 40 70 34 76 26 77 49 67 13 69 51 57 52 44 9 70 32 59 13 43 35 57 31 54 58 40 24 86 23 63 61 41 64 80 48 44 60 82 72 72 83 63 40 27 80 6 30 
47 69 73 54 46 53 73 65 23 44 41 34 53 69 87 21 65 8 76 65 50 43 33 68 35 38 18 0 55 68 23 36 14 89 24 47 63 15 13 17 65 69 44 31 74 25 65 9 68 60 57 5 54 41 40 57 27 26 63 37 70 8 56 17 59 13 62 45 39 8 77 36 46 53 32 51 76 44 47 66 77 63 76 79 74 35 40 78 21 21 
32 18 19 35 64 63 27 14 54 63 14 22 28 15 47 61 20 54 23 55 16 70 49 16 30 19 50 55 0 56 32 28 60 51 56 43 65 65 51 68 11 24 13 34 20 35 56 54 47 22 49 54 62 38 59 2 57 53 35 18 28 48 27 68 7 59 12 49 18 50 54 33 65 31 33 50 36 19 8 11 39 40 22 39 31 24 31 30 44 36 
84 74 71 21 34 24 44 70 48 35 55 64 83 68 38 86 76 61 53 3 40 45 36 50 38 64 78 68 56 0 57 38 60 37 85 21 17 83 75 84 54 80 48 38 55 44 4 60 13 78 11 72 22 28 36 55 47 85 24 61 84 67 82 67 52 60 68 23 48 60 17 78 36 25 38 17 35 41 54 62 32 18 55 35 87 43 79 47 75 48 
32 46 50 39 46 50 52 42 29 44 18 13 36 46 68 34 43 22 53 54 29 49 30 45 19 17 24 23 32 57 0 19 29 71 31 36 58 35 23 38 42 47 21 19 51 13 55 22 53 39 46 23 50 29 40 34 33 30 46 14 49 17 37 36 36 28 39 38 17 18 62 23 46 37 19 43 57 24 24 43 59 48 53 60 53 16 25 57 20 9 
46 46 47 20 36 35 39 42 28 35 19 26 47 43 52 52 47 32 44 36 17 42 21 36 2 26 43 36 28 38 19 0 36 54 50 18 40 51 42 53 35 51 15 7 43 11 37 31 34 46 28 39 34 11 31 29 30 49 28 23 55 33 47 44 29 35 40 21 12 28 43 40 37 18 5 25 41 11 22 38 42 29 44 44 58 5 41 44 39 15 
59 75 79 52 33 41 75 71 12 31 47 42 64 75 86 35 72 8 80 57 53 29 24 72 34 46 32 14 60 60 29 36 0 88 38 41 51 26 27 26 70 76 48 29 79 26 57 7 64 68 50 19 42 38 27 62 14 40 62 43 78 21 66 8 64 1 68 37 43 11 73 48 32 52 31 43 76 47 52 71 76 61 80 79 82 38 52 80 34 24 
83 62 58 36 70 61 25 60 77 70 58 69 79 56 4 105 67 85 34 40 42 81 65 36 55 67 94 89 51 37 71 54 88 0 101 47 54 104 94 106 42 70 51 59 38 64 41 84 26 72 42 92 59 50 69 49 76 99 26 65 75 87 78 96 44 87 59 54 54 81 20 82 72 36 57 49 15 47 54 50 12 27 36 12 76 55 81 24 89 68 
36 65 70 70 70 76 81 62 47 68 45 34 43 66 98 8 59 32 79 82 59 67 55 72 50 37 7 24 56 85 31 50 38 101 0 64 85 19 11 22 67 62 50 47 76 41 83 33 84 52 74 19 76 58 64 58 51 5 77 38 62 20 46 40 63 37 59 65 47 31 93 26 70 68 48 71 87 55 50 66 89 79 78 90 66 47 30 86 12 37 
64 61 60 13 25 20 41 57 30 24 36 44 64 56 46 65 62 41 49 18 27 35 18 43 17 44 57 47 43 21 36 18 41 47 64 0 22 62 54 64 45 66 31 17 50 23 19 40 23 62 10 51 19 7 23 42 29 64 24 41 70 46 64 49 40 41 55 7 29 39 32 58 26 15 17 7 39 24 37 50 38 20 50 41 73 23 59 46 54 27 
86 83 81 30 20 10 58 79 40 22 58 66 86 77 54 83 84 55 67 14 49 31 30 62 39 66 78 63 65 17 58 40 51 54 85 22 0 76 74 76 65 88 53 39 69 45 13 54 29 84 16 67 9 29 24 64 37 86 38 63 92 65 86 57 61 51 77 20 51 55 34 80 22 34 39 15 51 46 59 71 48 32 68 51 95 45 81 62 76 49 
52 79 83 69 58 66 87 75 37 56 52 44 58 79 102 11 74 22 88 80 64 55 47 80 50 48 18 15 65 83 35 51 26 104 19 62 76 0 15 3 76 77 56 46 85 40 80 23 83 67 72 13 67 56 52 67 39 24 78 47 77 18 61 24 71 25 72 60 52 23 92 41 58 68 47 66 91 58 58 76 92 78 87 94 81 50 45 92 24 36 
37 64 68 60 59 65 75 60 36 57 39 29 43 64 91 11 59 21 74 72 52 56 44 67 41 33 5 13 51 75 23 42 27 94 11 54 74 15 0 18 62 62 44 37 71 31 73 22 74 52 64 8 65 48 53 53 40 13 69 33 62 9 46 30 58 26 57 55 40 20 83 26 59 59 38 61 80 47 45 61 82 69 73 83 66 39 30 80 9 27 
55 82 86 71 58 66 89 78 37 56 55 47 61 82 104 14 77 23 91 81 66 54 48 83 52 51 21 17 68 84 38 53 26 106 22 64 76 3 18 0 79 80 59 48 88 42 81 24 85 70 74 15 67 58 52 70 39 27 80 50 80 21 64 23 74 25 75 61 54 25 94 44 58 70 49 67 93 61 61 79 94 80 90 96 84 52 48 94 27 38 
43 20 17 35 69 65 17 18 63 68 24 33 38 14 38 72 25 64 12 54 18 77 56 6 37 30 61 65 11 54 42 35 70 42 67 45 65 76 62 79 0 28 22 42 9 44 55 64 42 30 49 64 64 41 65 9 65 64 30 29 33 58 36 78 6 69 17 52 27 60 48 44 70 31 40 52 28 24 18 8 32 36 11 31 34 32 42 20 55 46 
27 8 13 59 87 86 45 10 75 85 33 35 20 14 66 70 4 69 36 79 40 92 71 34 53 31 59 69 24 80 47 51 76 70 62 66 88 77 62 80 28 0 36 56 32 56 80 69 68 10 73 67 85 61 81 25 79 57 56 33 5 61 17 83 28 75 12 72 39 65 75 36 87 55 55 73 56 42 29 20 60 62 34 59 7 46 32 46 53 55 
36 31 32 27 51 50 31 27 41 50 7 18 35 28 48 55 32 42 32 46 9 57 36 24 17 16 44 44 13 48 21 15 48 51 50 31 53 56 44 59 22 36 0 21 31 22 47 42 40 32 39 44 49 25 46 14 44 48 29 14 40 38 34 56 16 47 25 36 5 38 48 31 52 23 20 38 37 7 7 23 39 33 32 40 43 11 31 36 38 24 
49 52 53 24 31 32 46 48 21 29 24 28 51 49 57 48 52 26 51 35 24 36 15 43 5 30 40 31 34 38 19 7 29 59 47 17 39 46 37 48 42 56 21 0 50 6 36 25 38 51 27 34 32 11 25 35 23 47 33 27 60 29 52 37 36 29 45 19 17 23 47 41 31 23 2 24 47 18 27 44 47 33 51 50 63 10 43 51 37 10 
51 24 20 39 75 69 13 23 71 74 33 42 45 18 34 81 30 73 4 56 26 83 64 7 45 39 70 74 20 55 51 43 79 38 76 50 69 85 71 88 9 32 31 50 0 53 57 73 43 36 53 73 68 47 71 18 73 73 31 38 37 67 43 87 15 78 23 57 36 69 46 53 76 35 48 56 24 32 27 14 28 37 2 27 38 41 51 14 64 55 
45 52 54 29 34 37 50 48 19 32 23 24 47 50 62 42 52 21 54 41 27 38 18 46 10 27 34 25 35 44 13 11 26 64 41 23 45 40 31 42 44 56 22 6 53 0 42 20 43 49 33 28 37 17 28 36 23 41 38 24 59 23 48 34 38 25 45 25 17 17 52 36 34 28 7 30 52 21 27 45 52 38 54 55 63 12 38 55 31 4 
83 74 72 21 30 20 46 70 45 31 54 63 82 68 41 84 76 58 55 1 40 41 33 52 36 63 76 65 56 4 55 37 57 41 83 19 13 80 73 81 55 80 47 36 57 42 0 57 16 78 9 69 18 26 32 55 44 83 26 60 84 65 81 64 52 57 68 20 47 57 21 77 32 25 36 14 38 40 53 62 35 20 57 38 87 42 78 49 73 46 
52 68 72 49 37 44 70 64 14 35 40 35 57 68 82 30 65 1 74 57 47 34 24 66 30 39 26 9 54 60 22 31 7 84 33 40 54 23 22 24 64 69 42 25 73 20 57 0 62 61 50 14 45 35 31 56 18 35 58 36 71 14 59 14 58 6 61 37 37 4 71 41 37 48 27 43 72 41 46 65 72 58 74 75 75 32 45 75 27 18 
76 62 59 14 44 35 31 58 53 44 47 56 75 56 26 85 65 63 41 15 32 55 41 38 34 56 77 68 47 13 53 34 64 26 84 23 29 83 74 85 42 68 40 38 43 43 16 62 0 69 16 71 33 27 43 45 52 83 12 53 73 66 74 72 40 64 57 28 40 60 9 70 46 17 36 23 22 33 46 50 19 7 42 22 75 37 71 34 73 47 
17 15 20 57 82 81 47 13 67 80 27 26 10 18 68 60 8 61 40 77 38 87 66 36 48 23 49 60 22 78 39 46 68 72 52 62 84 67 52 70 30 10 32 51 36 49 78 61 69 0 70 57 80 56 76 24 71 47 57 25 10 52 7 75 29 67 13 67 34 57 76 26 82 53 50 69 58 38 25 22 61 62 38 61 14 41 22 49 43 47 
74 67 65 14 28 19 42 63 38 28 45 54 73 61 42 75 69 51 51 8 33 39 26 46 27 54 67 57 49 11 46 28 50 42 74 10 16 72 64 74 49 73 39 27 53 33 9 50 16 70 0 61 17 17 27 48 37 74 22 51 77 56 73 57 45 50 61 13 38 49 23 68 30 18 27 7 35 32 45 55 34 16 52 37 80 33 69 46 64 37 
44 68 72 57 51 57 74 64 28 49 40 33 50 68 89 16 63 13 76 69 51 48 37 68 38 37 13 5 54 72 23 39 19 92 19 51 67 13 8 15 64 67 44 34 73 28 69 14 71 57 61 0 58 45 45 56 32 21 66 36 67 6 53 22 59 18 61 49 39 12 80 33 51 56 35 55 78 46 46 65 80 66 75 81 71 37 37 79 17 24 
80 80 79 29 12 2 58 76 31 13 53 60 81 75 59 74 81 46 67 19 46 23 21 61 33 60 69 54 62 22 50 34 42 59 76 19 9 67 65 67 64 85 49 32 68 37 18 45 33 80 17 58 0 24 15 61 28 78 39 57 89 56 81 48 59 42 74 13 46 46 39 73 14 33 32 12 52 43 56 69 51 33 68 54 92 39 74 63 68 41 
57 56 56 14 28 25 41 52 27 27 29 37 57 52 48 59 57 36 47 25 23 36 17 40 10 37 51 41 38 28 29 11 38 50 58 7 29 56 48 58 41 61 25 11 47 17 26 35 27 56 17 45 24 0 24 38 28 58 25 34 65 40 57 46 36 37 50 11 22 33 36 51 29 15 10 14 39 19 32 46 39 23 48 42 68 16 52 46 48 21 
72 77 78 36 6 14 64 73 17 4 49 52 75 74 69 61 77 32 71 33 47 12 10 64 29 55 57 40 59 36 40 31 27 69 64 23 24 52 53 52 65 81 46 25 71 28 32 31 43 76 27 45 15 24 0 60 13 66 47 52 85 44 76 33 60 27 70 16 42 33 50 63 6 38 27 20 62 42 52 69 61 43 72 64 88 35 65 69 56 31 
34 19 19 34 65 62 25 15 55 64 16 24 30 15 45 63 21 56 21 54 15 71 50 14 31 21 52 57 2 55 34 29 62 49 58 42 64 67 53 70 9 25 14 35 18 36 55 56 45 24 48 56 61 38 60 0 58 55 33 20 29 50 29 70 5 61 13 49 19 52 52 35 66 30 34 49 34 19 10 9 37 38 20 37 32 25 33 28 46 38 
65 75 76 41 19 27 69 71 4 17 46 46 69 72 75 48 75 19 74 44 47 17 11 66 28 49 44 27 57 47 33 30 14 76 51 29 37 39 40 39 65 79 44 23 73 23 44 18 52 71 37 32 28 28 13 58 0 53 52 46 81 31 70 20 59 14 68 24 40 20 60 55 19 43 25 30 67 41 50 67 66 49 74 69 85 33 58 74 44 24 
31 60 65 69 72 78 79 57 49 70 42 31 38 61 96 13 54 34 76 82 57 69 57 69 49 34 9 26 53 85 30 49 40 99 5 64 86 24 13 27 64 57 48 47 73 41 83 35 83 47 74 21 78 58 66 55 53 0 76 35 57 22 41 43 60 39 54 66 45 33 92 21 72 67 48 71 85 53 47 62 87 78 75 88 61 46 25 83 10 37 
64 50 47 11 48 40 20 46 52 48 36 47 63 44 24 80 53 59 29 25 20 59 41 26 29 45 70 63 35 24 46 28 62 26 77 24 38 78 69 80 30 56 29 33 31 38 26 58 12 57 22 66 39 25 47 33 52 76 0 43 61 61 62 70 28 62 45 31 31 55 19 60 50 10 31 27 15 23 34 38 14 6 31 17 63 30 60 24 66 42 
23 32 36 40 58 58 44 28 42 56 7 4 24 32 62 43 29 36 41 59 23 62 42 34 25 3 32 37 18 61 14 23 43 65 38 41 63 47 33 50 29 33 14 27 38 24 60 36 53 25 51 36 57 34 52 20 46 35 43 0 35 30 25 50 25 42 25 44 13 32 61 18 58 36 26 48 51 20 12 29 53 46 40 54 39 18 18 48 26 22 
26 13 18 63 91 90 50 15 77 89 36 36 19 19 71 70 8 71 41 83 44 96 75 39 57 33 59 70 28 84 49 55 78 75 62 70 92 77 62 80 33 5 40 60 37 59 84 71 73 10 77 67 89 65 85 29 81 57 61 35 0 62 16 85 33 77 16 76 43 67 80 36 91 59 59 77 61 46 33 25 65 67 39 64 4 50 32 51 53 57 
39 62 66 52 50 56 69 58 27 48 34 27 45 62 84 19 58 13 70 64 46 48 35 62 33 31 13 8 48 67 17 33 21 87 20 46 65 18 9 21 58 61 38 29 67 23 65 14 66 52 56 6 56 40 44 50 31 22 61 30 62 0 48 25 53 20 55 46 34 11 75 28 50 51 30 52 73 40 40 59 75 61 69 76 66 32 32 74 13 19 
10 22 27 61 82 82 53 20 66 80 28 24 3 25 74 54 15 59 47 80 42 86 66 42 49 22 43 56 27 82 37 47 66 78 46 64 86 61 46 64 36 17 34 52 43 48 81 59 74 7 73 53 81 57 76 29 70 41 62 25 16 48 0 73 34 65 20 68 35 55 81 20 82 57 51 71 63 41 28 29 66 67 45 66 20 42 16 56 37 46 
64 82 86 60 38 47 83 78 19 36 54 49 70 82 94 34 79 14 88 64 61 31 31 80 42 53 35 17 68 67 36 44 8 96 40 49 57 24 30 23 78 83 56 37 87 34 64 14 72 75 57 22 48 46 33 70 20 43 70 50 85 25 73 0 72 9 75 44 51 18 80 53 37 60 39 50 84 55 60 79 84 69 88 87 89 46 57 88 38 32 
39 22 20 31 64 60 20 18 57 63 19 29 35 16 40 68 25 58 17 51 13 71 50 10 31 26 57 59 7 52 36 29 64 44 63 40 61 71 58 74 6 28 16 36 15 38 52 58 40 29 45 59 59 36 60 5 59 60 28 25 33 53 34 72 0 63 17 47 21 54 47 40 65 27 34 47 29 18 13 10 32 34 17 32 35 26 38 24 51 40 
58 74 78 51 33 41 74 70 12 31 46 41 63 74 85 34 71 7 79 57 52 30 24 71 33 45 31 13 59 60 28 35 1 87 37 41 51 25 26 25 69 75 47 29 78 25 57 6 64 67 50 18 42 37 27 61 14 39 62 42 77 20 65 9 63 0 67 37 42 10 73 47 33 52 31 43 75 46 51 70 76 60 79 78 81 37 51 79 33 23 
28 7 11 47 76 75 34 3 64 74 23 28 22 7 55 65 8 61 27 67 28 81 60 23 42 24 54 62 12 68 39 40 68 59 59 55 77 72 57 75 17 12 25 45 23 45 68 61 57 13 61 61 74 50 70 13 68 54 45 25 16 55 20 75 17 67 0 61 28 57 64 33 76 43 44 62 45 31 18 9 49 51 25 48 19 35 30 36 48 46 
67 67 67 20 18 14 48 63 25 17 40 47 68 63 53 65 68 38 56 20 34 28 13 50 20 47 58 45 49 23 38 21 37 54 65 7 20 60 55 61 52 72 36 19 57 25 20 37 28 67 13 49 13 11 16 49 24 66 31 44 76 46 68 44 47 37 61 0 33 37 36 60 19 22 19 6 46 30 43 57 45 27 57 48 79 26 61 53 56 29 
36 35 37 27 48 47 35 31 36 46 7 16 35 33 51 51 35 37 37 46 12 53 32 29 14 16 40 39 18 48 17 12 43 54 47 29 51 52 40 54 27 39 5 17 36 17 47 37 40 34 38 39 46 22 42 19 40 45 31 13 43 34 35 51 21 42 28 33 0 33 49 30 48 23 16 36 40 8 10 28 42 34 37 43 46 7 31 40 35 19 
48 64 68 46 39 45 66 60 16 37 36 31 53 64 79 28 61 4 70 57 43 37 25 62 27 35 24 8 50 60 18 28 11 81 31 39 55 23 20 25 60 65 38 23 69 17 57 4 60 57 49 12 46 33 33 52 20 33 55 32 67 11 55 18 54 10 57 37 33 0 69 37 39 45 24 43 69 37 42 61 69 55 70 72 71 28 41 71 24 14 
83 68 64 23 51 41 33 65 61 51 55 65 82 62 21 94 72 72 43 20 39 62 49 42 43 64 86 77 54 17 62 43 73 20 93 32 34 92 83 94 48 75 48 47 46 52 21 71 9 76 23 80 39 36 50 52 60 92 19 61 80 75 81 80 47 73 64 36 49 69 0 79 53 26 45 30 23 41 53 56 19 15 45 21 82 46 79 34 82 56 
11 39 44 57 69 73 60 36 51 67 24 14 17 40 78 34 33 41 56 76 40 72 53 49 41 15 23 36 33 78 23 40 48 82 26 58 80 41 26 44 44 36 31 41 53 36 77 41 70 26 68 33 73 51 63 35 55 21 60 18 36 28 20 53 40 47 33 60 30 37 79 0 69 53 41 65 67 38 28 41 70 64 55 70 40 35 4 63 17 32 
78 83 84 39 2 12 67 79 23 2 55 58 81 80 72 67 83 38 75 33 52 9 16 69 35 61 63 46 65 36 46 37 32 72 70 26 22 58 59 58 70 87 52 31 76 34 32 37 46 82 30 51 14 29 6 66 19 72 50 58 91 50 82 37 65 33 76 19 48 39 53 69 0 41 33 23 65 47 58 75 64 46 76 67 94 41 71 72 62 37 
59 49 47 4 40 34 26 45 42 39 30 39 58 43 34 70 51 49 34 24 15 50 32 28 19 39 61 53 31 25 37 18 52 36 68 15 34 68 59 70 31 55 23 23 35 28 25 48 17 53 18 56 33 15 38 30 43 67 10 36 59 51 57 60 27 52 43 22 23 45 26 53 41 0 21 21 24 16 29 37 24 11 35 27 62 21 54 31 57 32 
49 51 52 22 32 33 44 47 23 31 23 28 50 48 55 49 51 28 49 35 22 38 17 41 3 29 41 32 33 38 19 5 31 57 48 17 39 47 38 49 40 55 20 2 48 7 36 27 36 50 27 35 32 10 27 34 25 48 31 26 59 30 51 39 34 31 44 19 16 24 45 41 33 21 0 24 45 16 26 43 45 31 49 48 62 9 42 49 38 11 
71 68 67 17 21 13 46 64 31 21 43 51 71 63 49 71 69 44 55 14 34 32 19 49 24 51 64 51 50 17 43 25 43 49 71 7 15 66 61 67 52 73 38 24 56 30 14 43 23 69 7 55 12 14 20 49 30 71 27 48 77 52 71 50 47 43 62 6 36 43 30 65 23 21 24 0 42 31 44 57 41 23 56 44 80 30 66 51 61 34 
68 48 44 26 63 54 11 46 66 63 44 55 64 42 11 91 53 72 21 37 28 74 56 22 42 52 80 76 36 35 57 41 76 15 87 39 51 91 80 93 28 56 37 47 24 52 38 72 22 58 35 78 52 39 62 34 67 85 15 51 61 73 63 84 29 75 45 46 40 69 23 67 65 24 45 42 0 33 39 36 4 19 23 3 62 41 66 12 75 55 
43 37 38 20 47 44 29 33 39 45 14 24 42 34 44 58 38 41 33 39 6 53 32 25 13 23 48 44 19 41 24 11 47 47 55 24 46 58 47 61 24 42 7 18 32 21 40 41 33 38 32 46 43 19 42 19 41 53 23 20 46 40 41 55 18 46 31 30 8 37 41 38 47 16 16 31 33 0 13 28 35 26 33 36 49 9 38 34 43 23 
30 25 27 33 58 57 32 21 46 56 6 16 29 23 50 55 25 46 30 52 14 63 42 23 24 13 44 47 8 54 24 22 52 54 50 37 59 58 45 61 18 29 7 27 27 27 53 46 46 25 45 46 56 32 52 10 50 47 34 12 33 40 28 60 13 51 18 43 10 42 53 28 58 29 26 44 39 13 0 19 42 39 29 42 36 17 27 36 38 28 
37 12 10 41 74 70 25 10 64 73 25 32 31 6 46 71 17 65 18 61 23 80 59 14 40 29 60 66 11 62 43 38 71 50 66 50 71 76 61 79 8 20 23 44 14 45 62 65 50 22 55 65 69 46 69 9 67 62 38 29 25 59 29 79 10 70 9 57 28 61 56 41 75 37 43 57 36 28 19 0 40 44 16 39 26 34 38 27 54 47 
71 52 48 25 62 53 15 50 66 62 46 57 67 46 10 93 57 73 25 34 30 73 55 26 43 55 82 77 39 32 59 42 76 12 89 38 48 92 82 94 32 60 39 47 28 52 35 72 19 61 34 80 51 39 61 37 66 87 14 53 65 75 66 84 32 76 49 45 42 69 19 70 64 24 45 41 4 35 42 40 0 18 27 3 66 43 69 16 77 56 
69 56 53 9 44 35 26 52 50 44 40 50 68 50 26 80 59 59 35 19 25 55 38 32 29 49 72 63 40 18 48 29 61 27 79 20 32 78 69 80 36 62 33 33 37 38 20 58 7 62 16 66 33 23 43 38 49 78 6 46 67 61 67 69 34 60 51 27 34 55 15 64 46 11 31 23 19 26 39 44 18 0 37 21 69 32 64 30 68 42 
53 26 22 39 75 69 12 25 72 74 35 44 47 20 32 83 32 74 2 56 27 84 64 8 46 41 72 76 22 55 53 44 80 36 78 50 68 87 73 90 11 34 32 51 2 54 57 74 42 38 52 75 68 48 72 20 74 75 31 40 39 69 45 88 17 79 25 57 37 70 45 55 76 35 49 56 23 33 29 16 27 37 0 25 40 42 53 12 66 56 
71 51 47 28 65 56 14 49 69 65 47 58 67 45 8 94 56 75 23 37 31 76 58 25 45 55 83 79 39 35 60 44 79 12 90 41 51 94 83 96 31 59 40 50 27 55 38 75 22 61 37 81 54 42 64 37 69 88 17 54 64 76 66 87 32 78 48 48 43 72 21 70 67 27 48 44 3 36 42 39 3 21 25 0 65 44 69 13 78 58 
30 14 18 66 94 93 51 17 81 92 40 40 23 20 72 74 11 75 42 86 47 99 78 40 60 37 63 74 31 87 53 58 82 76 66 73 95 81 66 84 34 7 43 63 38 63 87 75 75 14 80 71 92 68 88 32 85 61 63 39 4 66 20 89 35 81 19 79 46 71 82 40 94 62 62 80 62 49 36 26 66 69 40 65 0 53 36 52 57 61 
41 42 43 23 41 40 38 38 31 39 14 21 42 39 52 50 42 32 42 41 15 46 25 34 7 21 40 35 24 43 16 5 38 55 47 23 45 50 39 52 32 46 11 10 41 12 42 32 37 41 33 37 39 16 35 25 33 46 30 18 50 32 42 46 26 37 35 26 7 28 46 35 41 21 9 30 41 9 17 34 43 32 42 44 53 0 36 43 36 14 
7 35 40 58 71 75 58 32 54 69 24 15 13 37 77 38 29 44 54 77 40 74 55 47 42 15 27 40 31 79 25 41 52 81 30 59 81 45 30 48 42 32 31 43 51 38 78 45 71 22 69 37 74 52 65 33 58 25 60 18 32 32 16 57 38 51 30 61 31 41 79 4 71 54 42 66 66 38 27 38 69 64 53 69 36 36 0 61 21 34 
62 38 34 34 71 64 5 37 72 70 42 52 58 32 20 91 44 75 10 48 28 81 63 14 46 49 80 78 30 47 57 44 80 24 86 46 62 92 80 94 20 46 36 51 14 55 49 75 34 49 46 79 63 46 69 28 74 83 24 48 51 74 56 88 24 79 36 53 40 71 34 63 72 31 49 51 12 34 36 27 16 30 12 13 52 43 61 0 74 57 
28 55 59 59 62 68 69 51 40 60 33 22 34 55 86 17 50 26 67 72 47 61 47 60 39 26 6 21 44 75 20 39 34 89 12 54 76 24 9 27 55 53 38 37 64 31 73 27 73 43 64 17 68 48 56 46 44 10 66 26 53 13 37 38 51 33 48 56 35 24 82 17 62 57 38 61 75 43 38 54 77 68 66 78 57 36 21 74 0 27 
41 53 55 33 37 41 52 49 20 35 23 22 45 51 66 38 51 18 56 45 29 40 21 48 14 25 30 21 36 48 9 15 24 68 37 27 49 36 27 38 46 55 24 10 55 4 46 18 47 47 37 24 41 21 31 38 24 37 42 22 57 19 46 32 40 23 46 29 19 14 56 32 37 32 11 34 55 23 28 47 56 42 56 58 61 14 34 57 27 0 
18
11
66
19
44
95
13
54
36
54
5
34
36
52
18
40
31
56
13
57
13
25
64
74
37
6
95
52
14
82
61
98
70
69
34
18
60
1
40
93
100
93
63
8
46
49
69
46
43
32
17
61
51
44
72
80
55
70
37
50
88
66
11
74
76
28
49
7
31
25
61
45
37
18
34
7
42
75
99
76
5
48
12
99
28
70
69
57
90
