40
0 101 105 110 78 163 148 170 118 43 66 14 123 42 69 97 92 78 64 117 106 52 66 74 151 146 105 86 92 115 73 89 152 90 51 77 162 56 95 5 
101 0 52 83 84 135 144 132 130 118 65 115 122 59 96 49 91 86 71 132 53 112 80 73 166 160 111 33 39 67 88 95 119 78 50 24 130 52 110 96 
105 52 0 87 42 139 92 131 105 97 60 103 117 63 94 53 95 39 75 111 57 65 84 52 145 164 69 37 43 71 67 53 123 82 54 28 123 104 70 100 
110 83 87 0 61 140 62 112 124 121 100 124 157 94 95 54 126 121 73 155 30 147 85 108 189 165 88 50 44 72 111 72 65 113 85 59 104 54 89 115 
78 84 42 61 0 141 101 144 63 80 48 92 105 72 82 55 104 69 79 94 31 95 86 56 128 166 27 51 45 71 50 11 126 102 63 60 136 115 28 83 
163 135 139 140 141 0 202 156 106 179 152 149 209 146 153 106 178 173 158 219 110 187 137 160 253 217 168 102 96 124 175 152 205 165 137 111 148 187 169 168 
148 144 92 62 101 202 0 162 164 128 91 134 148 115 125 110 147 70 133 142 92 96 104 83 176 184 128 112 106 128 98 112 75 142 106 120 154 116 120 152 
170 132 131 112 144 156 162 0 190 150 113 156 170 137 147 109 169 92 155 164 113 118 140 105 198 220 171 105 99 127 120 150 147 162 128 108 8 166 142 174 
118 130 105 124 63 106 164 190 0 75 101 132 158 95 101 101 127 122 113 149 94 148 119 109 183 199 90 97 91 119 105 74 187 125 86 106 182 141 89 113 
43 118 97 121 80 179 128 150 75 0 53 57 103 75 26 93 109 58 88 74 97 84 71 45 108 151 107 89 83 111 30 69 139 107 68 94 142 99 52 38 
66 65 60 100 48 152 91 113 101 53 0 80 57 24 34 66 56 21 42 67 70 47 48 8 101 128 75 50 56 84 23 37 86 54 15 41 105 70 45 61 
14 115 103 124 92 149 134 156 132 57 80 0 137 56 83 111 106 64 78 131 120 38 80 77 165 160 116 100 106 129 87 103 166 104 65 91 148 70 109 19 
123 122 117 157 105 209 148 170 158 103 57 137 0 81 91 123 113 78 99 75 127 104 105 65 158 185 132 107 113 141 80 94 143 111 72 98 162 127 102 118 
42 59 63 94 72 146 115 137 95 75 24 56 81 0 58 55 50 45 36 91 64 71 24 32 125 104 99 44 50 73 47 61 110 48 9 35 129 64 69 37 
69 96 94 95 82 153 125 147 101 26 34 83 91 58 0 67 90 55 76 100 71 81 72 42 134 152 109 63 57 85 56 71 120 88 49 72 139 104 78 64 
97 49 53 54 55 106 110 109 101 93 66 111 123 55 67 0 92 87 72 116 24 113 31 74 150 111 62 16 10 18 72 66 119 79 51 25 101 101 83 92 
92 91 95 126 104 178 147 169 127 109 56 106 113 50 90 92 0 77 68 123 96 103 74 64 157 154 131 76 82 110 79 93 128 80 41 67 161 96 101 87 
78 86 39 121 69 173 70 92 122 58 21 64 78 45 55 87 77 0 63 72 91 26 69 13 106 149 96 71 77 105 28 58 107 75 36 62 84 91 50 82 
64 71 75 73 79 158 133 155 113 88 42 78 99 36 76 72 68 63 0 102 76 89 60 50 136 140 106 56 62 90 58 68 128 66 27 47 147 82 51 69 
117 132 111 155 94 219 142 164 149 74 67 131 75 91 100 116 123 72 102 0 125 98 85 59 121 165 121 117 123 134 44 83 153 121 82 108 156 137 66 112 
106 53 57 30 31 110 92 113 94 97 70 120 127 64 71 24 96 91 76 125 0 117 55 78 159 135 58 20 14 42 81 42 95 83 55 29 105 84 59 101 
52 112 65 147 95 187 96 118 148 84 47 38 104 71 81 113 103 26 89 98 117 0 95 39 132 175 122 97 103 131 54 84 133 101 62 88 110 108 76 57 
66 80 84 85 86 137 104 140 119 71 48 80 105 24 72 31 74 69 60 85 55 95 0 56 119 80 93 47 41 49 41 80 134 72 33 56 132 88 63 61 
74 73 52 108 56 160 83 105 109 45 8 77 65 32 42 74 64 13 50 59 78 39 56 0 93 136 83 58 64 92 15 45 94 62 23 49 97 78 37 69 
151 166 145 189 128 253 176 198 183 108 101 165 158 125 134 150 157 106 136 121 159 132 119 93 0 199 155 151 157 168 78 117 187 155 116 142 190 171 100 146 
146 160 164 165 166 217 184 220 199 151 128 160 185 104 152 111 154 149 140 165 135 175 80 136 199 0 173 127 121 129 121 160 214 152 113 136 212 168 143 141 
105 111 69 88 27 168 128 171 90 107 75 116 132 99 109 62 131 96 106 121 58 122 93 83 155 173 0 78 72 44 77 38 153 129 90 87 163 142 55 110 
86 33 37 50 51 102 112 105 97 89 50 100 107 44 63 16 76 71 56 117 20 97 47 58 151 127 78 0 6 34 73 62 104 63 35 9 97 85 79 81 
92 39 43 44 45 96 106 99 91 83 56 106 113 50 57 10 82 77 62 123 14 103 41 64 157 121 72 6 0 28 79 56 109 69 41 15 91 91 73 87 
115 67 71 72 71 124 128 127 119 111 84 129 141 73 85 18 110 105 90 134 42 131 49 92 168 129 44 34 28 0 90 82 137 97 69 43 119 111 99 110 
73 88 67 111 50 175 98 120 105 30 23 87 80 47 56 72 79 28 58 44 81 54 41 15 78 121 77 73 79 90 0 39 109 77 38 64 112 93 22 68 
89 95 53 72 11 152 112 150 74 69 37 103 94 61 71 66 93 58 68 83 42 84 80 45 117 160 38 62 56 82 39 0 123 91 52 71 142 107 17 94 
152 119 123 65 126 205 75 147 187 139 86 166 143 110 120 119 128 107 128 153 95 133 134 94 187 214 153 104 109 137 109 123 0 140 101 95 139 119 131 147 
90 78 82 113 102 165 142 162 125 107 54 104 111 48 88 79 80 75 66 121 83 101 72 62 155 152 129 63 69 97 77 91 140 0 39 54 159 94 99 85 
51 50 54 85 63 137 106 128 86 68 15 65 72 9 49 51 41 36 27 82 55 62 33 23 116 113 90 35 41 69 38 52 101 39 0 26 120 55 60 46 
77 24 28 59 60 111 120 108 106 94 41 91 98 35 72 25 67 62 47 108 29 88 56 49 142 136 87 9 15 43 64 71 95 54 26 0 106 76 86 72 
162 130 123 104 136 148 154 8 182 142 105 148 162 129 139 101 161 84 147 156 105 110 132 97 190 212 163 97 91 119 112 142 139 159 120 106 0 158 134 166 
56 52 104 54 115 187 116 166 141 99 70 70 127 64 104 101 96 91 82 137 84 108 88 78 171 168 142 85 91 111 93 107 119 94 55 76 158 0 115 61 
95 110 70 89 28 169 120 142 89 52 45 109 102 69 78 83 101 50 51 66 59 76 63 37 100 143 55 79 73 99 22 17 131 99 60 86 134 115 0 90 
5 96 100 115 83 168 152 174 113 38 61 19 118 37 64 92 87 82 69 112 101 57 61 69 146 141 110 81 87 110 68 94 147 85 46 72 166 61 90 0 
95
43
93
7
91
38
12
15
60
43
52
82
94
90
22
76
94
1
52
65
95
22
72
56
14
23
26
77
8
92
88
33
12
25
96
4
67
22
67
