90
0 60 43 54 79 48 112 10 62 47 44 44 30 58 97 29 54 82 37 98 20 37 48 26 98 68 56 61 41 18 59 77 81 68 47 83 68 12 55 64 93 54 59 5 41 116 33 18 44 54 75 66 60 30 82 74 34 31 62 81 69 13 26 61 21 86 38 46 67 57 68 100 50 66 25 68 48 63 20 53 73 100 71 76 77 69 25 97 55 74 
60 0 58 14 69 65 78 51 69 71 20 68 33 74 49 41 11 22 49 56 61 37 46 43 52 28 6 33 36 51 40 65 69 66 63 54 61 52 58 27 65 72 5 55 21 80 46 42 69 23 34 29 34 62 32 17 45 29 14 82 82 57 45 72 57 66 57 28 15 63 76 70 67 48 50 43 12 78 40 70 13 55 31 52 18 13 35 56 71 56 
43 58 0 64 38 7 77 47 19 13 58 11 32 16 75 23 61 75 10 69 25 22 16 23 74 48 52 37 22 26 31 37 40 26 5 51 28 51 13 45 58 14 62 42 39 82 15 40 12 39 53 45 36 16 63 64 15 42 52 38 27 30 22 19 22 50 5 30 56 14 26 65 9 32 19 39 50 21 46 12 69 74 50 42 68 59 40 68 13 38 
54 14 64 0 81 71 91 45 77 76 10 73 34 80 63 43 3 31 54 70 60 42 54 45 66 41 18 45 43 50 51 77 81 76 69 67 72 45 66 40 78 78 9 49 25 94 51 37 74 34 47 42 46 64 46 30 50 25 27 92 90 55 47 80 57 79 62 36 29 71 84 83 73 60 52 56 14 85 34 76 23 69 44 65 31 27 31 70 77 69 
79 69 38 81 0 37 44 80 24 44 80 44 59 35 55 52 78 76 42 45 63 46 31 54 52 45 63 36 43 61 30 5 3 12 35 27 11 83 25 44 27 38 73 77 60 49 46 70 45 47 42 43 35 54 53 65 46 69 56 17 33 68 54 28 60 17 43 47 59 24 23 33 36 21 54 28 68 33 76 36 74 50 43 21 69 62 68 44 35 15 
48 65 7 71 37 0 79 53 15 8 65 7 39 10 80 30 68 82 17 74 28 29 22 30 79 54 59 43 29 32 36 38 40 25 3 55 29 57 15 51 61 7 69 48 46 84 22 46 8 46 58 51 42 18 69 71 22 49 59 34 21 35 28 13 27 51 11 37 63 13 21 67 2 37 25 44 57 15 52 5 76 79 56 46 75 66 46 73 7 41 
112 78 77 91 44 79 0 110 67 86 94 86 85 79 34 83 89 73 76 23 99 75 64 86 30 51 74 54 71 94 53 42 41 55 77 29 50 113 65 54 19 81 83 109 79 5 79 99 87 64 44 52 54 92 47 64 79 91 64 59 77 101 87 72 95 28 82 69 63 66 67 12 78 46 87 44 82 77 102 78 75 26 48 36 67 65 94 23 78 39 
10 51 47 45 80 53 110 0 66 52 35 49 25 63 91 28 45 73 39 93 25 36 49 26 92 62 48 56 40 21 58 78 82 70 52 81 69 4 57 58 92 59 50 6 34 114 34 11 49 48 69 60 56 35 76 66 34 23 55 84 74 18 26 66 26 87 42 41 60 60 73 99 55 66 28 66 39 68 11 58 64 94 65 75 69 61 17 92 60 75 
62 69 19 77 24 15 67 66 0 21 73 22 49 12 72 41 74 82 28 65 43 37 23 42 70 52 63 41 35 45 33 25 26 12 15 46 18 70 11 49 49 14 73 61 53 72 33 59 22 47 54 49 40 33 65 71 33 59 60 19 13 49 41 5 41 39 24 41 64 6 7 55 14 30 38 38 63 11 65 12 78 70 53 37 75 67 58 64 11 31 
47 71 13 76 44 8 86 52 21 0 69 3 43 12 88 33 73 88 22 82 27 34 29 32 87 61 65 50 35 31 44 45 47 32 11 63 36 56 23 58 68 8 74 47 51 91 26 47 3 52 66 58 49 17 76 77 26 52 65 38 22 34 30 17 26 58 14 43 69 20 25 74 8 45 26 52 62 17 53 9 82 87 63 54 81 72 48 81 10 49 
44 20 58 10 80 65 94 35 73 69 0 66 26 74 67 36 10 39 48 73 51 37 50 37 70 43 20 44 38 41 50 76 80 72 63 67 69 35 62 40 78 72 16 39 20 97 43 28 67 33 50 42 45 56 50 37 43 17 30 88 85 46 39 76 48 78 55 33 33 67 80 85 67 59 44 55 12 79 24 70 30 73 46 64 38 33 22 73 71 68 
44 68 11 73 44 7 86 49 22 3 66 0 40 14 86 30 70 85 19 80 24 31 27 29 85 59 62 48 32 28 42 45 47 32 9 61 36 53 21 56 67 10 71 44 48 91 23 44 1 49 64 56 47 14 74 74 23 49 62 40 25 31 27 19 23 58 11 40 66 20 27 74 8 43 23 50 59 19 50 10 79 85 61 52 78 69 45 79 12 47 
30 33 32 34 59 39 85 25 49 43 26 40 0 48 67 10 32 54 22 68 28 13 28 11 68 38 28 31 16 18 33 56 60 51 37 56 48 28 39 34 67 46 33 25 12 89 17 14 41 24 45 36 31 30 52 46 17 10 33 67 59 25 13 50 24 63 29 16 38 43 56 74 41 42 18 41 21 53 17 44 45 70 41 50 49 40 9 67 45 51 
58 74 16 80 35 10 79 63 12 12 74 14 48 0 83 39 77 89 26 77 38 38 29 39 82 61 68 50 38 42 42 37 38 24 11 58 30 67 19 58 61 4 78 58 55 84 31 56 14 53 64 58 49 28 75 79 31 58 66 27 11 45 38 7 37 51 21 46 71 14 14 67 8 40 35 48 66 5 62 5 84 82 62 49 82 73 56 76 3 43 
97 49 75 63 55 80 34 91 72 88 67 86 67 83 0 69 60 39 69 12 90 61 59 72 4 29 47 39 58 81 44 51 53 60 77 28 54 94 65 33 32 84 54 92 58 35 70 81 87 43 23 31 39 86 17 33 69 70 38 72 83 88 74 77 85 40 77 51 34 69 73 32 80 43 77 36 56 83 82 81 43 8 26 35 35 36 74 13 81 42 
29 41 23 43 52 30 83 28 41 33 36 30 10 39 69 0 41 61 13 69 22 8 21 3 70 40 36 32 12 12 30 50 54 43 28 54 41 31 31 36 64 37 43 26 20 87 8 18 31 27 47 38 31 21 55 52 8 20 39 59 50 19 5 41 17 59 19 18 44 35 48 71 32 38 9 39 31 44 24 35 53 72 43 47 55 46 17 68 36 47 
54 11 61 3 78 68 89 45 74 73 10 70 32 77 60 41 0 30 51 67 59 39 51 43 63 38 15 42 40 49 48 74 78 73 66 64 69 45 63 37 75 75 7 49 22 91 48 37 71 31 45 39 43 62 43 28 47 24 25 89 87 54 45 77 56 76 59 33 26 68 81 81 70 57 50 53 11 82 34 73 21 66 41 62 29 24 30 67 74 66 
82 22 75 31 76 82 73 73 82 88 39 85 54 89 39 61 30 0 66 50 82 55 60 64 43 31 26 41 53 72 49 71 74 75 79 54 69 73 72 33 64 88 23 77 42 74 64 64 86 36 34 34 42 81 26 11 63 51 23 90 95 79 66 86 78 67 74 45 19 77 87 68 83 55 70 48 34 92 62 85 9 47 33 55 7 16 57 50 86 61 
37 49 10 54 42 17 76 39 28 22 48 19 22 26 69 13 51 66 0 66 23 12 12 14 69 42 43 31 13 19 26 40 44 31 15 49 31 43 18 38 57 24 52 35 29 81 5 31 20 30 47 39 30 17 57 55 5 32 43 46 37 26 13 28 19 50 8 21 47 22 35 64 19 30 12 35 40 31 37 22 60 70 44 40 59 50 30 65 23 38 
98 56 69 70 45 74 23 93 65 82 73 80 68 77 12 69 67 50 66 0 89 61 54 72 8 31 53 37 57 81 40 41 43 53 71 19 47 96 59 35 20 78 61 93 60 24 68 82 81 45 24 33 38 82 24 41 67 72 43 62 76 88 74 70 84 29 72 52 41 63 66 20 74 37 76 31 62 76 84 75 52 5 28 28 44 43 76 1 75 34 
20 61 25 60 63 28 99 25 43 27 51 24 28 38 90 22 59 82 23 89 0 29 35 19 90 62 56 52 32 10 49 62 65 51 29 72 53 29 38 58 80 34 61 20 40 104 21 25 24 49 68 59 51 10 77 74 22 35 61 62 49 7 17 41 5 73 20 40 66 39 49 87 30 53 13 58 49 43 31 33 73 92 64 63 77 68 29 88 35 61 
37 37 22 42 46 29 75 36 37 34 37 31 13 38 61 8 39 55 12 61 29 0 15 11 62 33 31 24 4 20 22 44 48 38 27 46 35 39 26 29 56 36 40 34 17 79 9 25 32 20 39 30 23 26 48 45 8 23 32 54 49 27 13 39 24 51 20 11 37 31 44 63 31 30 16 31 28 43 30 34 48 64 35 39 48 39 22 60 35 39 
48 46 16 54 31 22 64 49 23 29 50 27 28 29 59 21 51 60 12 54 35 15 0 23 58 32 40 21 12 30 15 29 33 23 19 37 20 52 12 29 45 28 50 46 30 69 15 39 28 24 37 29 20 28 47 50 15 38 37 39 36 37 23 26 31 38 18 18 42 17 30 52 23 18 23 23 40 32 45 25 55 58 34 28 53 44 37 53 26 26 
26 43 23 45 54 30 86 26 42 32 37 29 11 39 72 3 43 64 14 72 19 11 23 0 73 43 38 35 15 9 33 52 56 45 28 57 43 29 32 39 67 37 44 23 22 90 9 17 30 30 50 41 34 19 58 55 9 20 42 60 50 16 2 42 14 61 19 21 47 36 49 74 32 41 7 42 32 44 23 35 55 75 46 50 58 49 17 71 36 49 
98 52 74 66 52 79 30 92 70 87 70 85 68 82 4 70 63 43 69 8 90 62 58 73 0 30 50 39 58 82 43 48 50 58 76 25 52 95 64 34 28 83 57 93 59 31 70 82 86 44 23 32 39 86 20 36 69 71 41 69 81 89 75 75 85 37 76 52 37 68 71 28 79 42 77 35 59 81 83 80 46 4 27 33 38 39 75 9 80 40 
68 28 48 41 45 54 51 62 52 61 43 59 38 61 29 40 38 31 42 31 62 33 32 43 30 0 23 11 30 52 19 40 43 44 51 26 38 65 42 4 37 60 33 63 29 54 42 52 60 14 7 3 12 59 15 20 41 41 14 59 65 59 45 56 57 38 50 22 14 47 57 43 55 24 49 17 31 62 53 57 29 32 3 25 24 17 45 30 58 30 
56 6 52 18 63 59 74 48 63 65 20 62 28 68 47 36 15 26 43 53 56 31 40 38 50 23 0 27 30 46 34 59 63 60 57 49 55 49 52 22 60 66 10 51 16 77 40 38 63 17 30 24 28 57 30 18 39 25 10 76 76 53 40 66 52 61 51 22 13 57 70 66 61 42 45 38 9 72 37 64 17 53 26 47 21 13 31 53 65 51 
61 33 37 45 36 43 54 56 41 50 44 48 31 50 39 32 42 41 31 37 52 24 21 35 39 11 27 0 20 44 8 32 36 34 40 25 28 59 31 8 36 49 37 56 26 58 31 45 49 11 16 8 1 48 26 30 30 38 20 49 54 51 37 45 47 34 39 15 23 36 46 43 44 15 39 11 32 51 48 46 38 40 13 20 34 26 40 36 47 24 
41 36 22 43 43 29 71 40 35 35 38 32 16 38 58 12 40 53 13 57 32 4 12 15 58 30 30 20 0 24 18 40 44 35 27 42 32 43 24 26 52 36 40 38 18 75 12 29 33 17 36 27 19 29 45 42 11 26 30 51 48 31 17 38 27 47 21 8 34 29 42 59 31 26 19 27 29 43 33 34 47 60 32 35 46 37 25 56 35 35 
18 51 26 50 61 32 94 21 45 31 41 28 18 42 81 12 49 72 19 81 10 20 30 9 82 52 46 44 24 0 42 59 63 50 31 66 50 25 37 48 75 38 51 16 30 99 15 16 29 39 59 50 43 15 67 64 16 25 51 63 53 7 8 45 7 68 21 30 56 39 52 82 34 48 7 51 39 47 22 37 63 84 55 58 67 58 19 80 39 56 
59 40 31 51 30 36 53 58 33 44 50 42 33 42 44 30 48 49 26 40 49 22 15 33 43 19 34 8 18 42 0 26 30 26 33 24 21 61 23 16 34 41 44 56 30 57 28 47 43 17 22 16 7 43 33 38 27 40 28 42 46 49 35 37 44 30 33 17 31 28 38 41 37 9 36 9 38 43 50 38 46 44 20 17 42 34 42 39 39 18 
77 65 37 77 5 38 42 78 25 45 76 45 56 37 51 50 74 71 40 41 62 44 29 52 48 40 59 32 40 59 26 0 4 13 36 23 9 81 24 39 24 39 69 75 56 47 44 68 46 43 37 38 31 53 48 60 44 66 52 21 36 66 52 30 58 14 42 43 54 25 26 30 37 17 52 23 64 36 73 37 69 46 38 16 64 57 65 40 36 10 
81 69 40 81 3 40 41 82 26 47 80 47 60 38 53 54 78 74 44 43 65 48 33 56 50 43 63 36 44 63 30 4 0 15 38 25 13 85 27 42 24 40 73 79 60 46 48 72 48 47 41 41 35 56 52 63 48 70 55 19 36 70 56 31 62 14 45 47 57 27 26 30 39 21 56 26 68 36 77 38 72 48 42 20 67 60 69 42 37 13 
68 66 26 76 12 25 55 70 12 32 72 32 51 24 60 43 73 75 31 53 51 38 23 45 58 44 60 34 35 50 26 13 15 0 23 34 6 74 13 42 37 26 70 66 52 60 36 61 33 43 44 42 33 42 55 64 36 61 54 16 23 56 44 17 48 27 31 40 57 12 13 43 24 20 43 28 62 23 67 24 72 58 44 25 68 60 60 52 23 19 
47 63 5 69 35 3 77 52 15 11 63 9 37 11 77 28 66 79 15 71 29 27 19 28 76 51 57 40 27 31 33 36 38 23 0 52 27 56 12 48 58 9 67 47 44 82 20 45 10 43 55 48 39 19 66 69 20 47 56 34 22 34 27 14 26 49 10 35 61 11 21 65 4 34 24 41 55 16 51 7 74 76 53 43 72 63 45 70 8 38 
83 54 51 67 27 55 29 81 46 63 67 61 56 58 28 54 64 54 49 19 72 46 37 57 25 26 49 25 42 66 24 23 25 34 52 0 28 84 40 27 11 59 59 80 51 33 52 70 62 36 20 25 25 65 29 44 51 63 40 44 57 73 59 51 68 13 55 40 40 44 47 18 55 19 60 15 55 57 73 56 54 24 23 9 47 43 65 18 56 15 
68 61 28 72 11 29 50 69 18 36 69 36 48 30 54 41 69 69 31 47 53 35 20 43 52 38 55 28 32 50 21 9 13 6 27 28 0 72 15 36 32 31 65 66 49 55 35 59 37 38 38 36 27 44 49 58 35 58 48 21 29 57 43 23 49 22 33 36 51 16 19 38 28 14 43 22 58 29 65 28 66 52 38 19 62 54 57 46 28 13 
12 52 51 45 83 57 113 4 70 56 35 53 28 67 94 31 45 73 43 96 29 39 52 29 95 65 49 59 43 25 61 81 85 74 56 84 72 0 61 61 95 63 50 9 36 117 38 14 53 51 72 63 59 39 78 67 38 24 57 88 78 22 30 70 30 90 46 44 62 64 77 102 59 69 32 69 40 72 12 62 64 97 68 78 70 62 20 95 64 78 
55 58 13 66 25 15 65 57 11 23 62 21 39 19 65 31 63 72 18 59 38 26 12 32 64 42 52 31 24 37 23 24 27 13 12 40 15 61 0 39 46 19 62 53 42 70 23 49 22 36 45 39 30 29 56 61 23 49 49 28 24 43 31 14 35 37 18 30 54 5 18 53 15 22 30 29 52 20 55 16 67 64 43 31 65 56 48 58 16 26 
64 27 45 40 44 51 54 58 49 58 40 56 34 58 33 36 37 33 38 35 58 29 29 39 34 4 22 8 26 48 16 39 42 42 48 27 36 61 39 0 38 57 32 59 25 57 38 48 57 10 11 2 9 55 19 22 37 37 13 57 62 55 41 53 53 39 46 18 15 44 54 45 52 23 45 16 28 59 49 54 30 36 7 25 26 18 41 34 55 29 
93 65 58 78 27 61 19 92 49 68 78 67 67 61 32 64 75 64 57 20 80 56 45 67 28 37 60 36 52 75 34 24 24 37 58 11 32 95 46 38 0 63 70 90 62 24 60 81 68 47 31 36 36 73 38 54 60 74 51 43 60 82 68 54 76 10 63 51 51 48 50 7 60 27 68 26 66 60 84 60 65 25 34 17 57 54 76 19 60 20 
54 72 14 78 38 7 81 59 14 8 72 10 46 4 84 37 75 88 24 78 34 36 28 37 83 60 66 49 36 38 41 39 40 26 9 59 31 63 19 57 63 0 76 54 53 86 29 53 10 52 63 57 48 24 74 78 29 56 65 31 15 41 35 10 33 53 18 44 70 15 18 69 5 41 32 48 64 9 59 3 83 83 61 50 81 72 53 77 3 44 
59 5 62 9 73 69 83 50 73 74 16 71 33 78 54 43 7 23 52 61 61 40 50 44 57 33 10 37 40 51 44 69 73 70 67 59 65 50 62 32 70 76 0 54 23 85 49 41 72 27 39 34 38 63 37 21 48 28 19 86 86 57 46 76 57 71 60 32 20 67 80 75 71 52 51 48 12 82 39 74 14 60 36 57 22 18 34 61 75 61 
5 55 42 49 77 48 109 6 61 47 39 44 25 58 92 26 49 77 35 93 20 34 46 23 93 63 51 56 38 16 56 75 79 66 47 80 66 9 53 59 90 54 54 0 36 113 31 13 44 49 70 61 56 30 77 69 31 26 57 79 69 13 23 61 21 84 37 41 62 55 68 97 50 64 23 65 43 63 15 53 68 95 66 73 72 64 20 92 55 72 
41 21 39 25 60 46 79 34 53 51 20 48 12 55 58 20 22 42 29 60 40 17 30 22 59 29 16 26 18 30 30 56 60 52 44 51 49 36 42 25 62 53 23 36 0 82 26 23 49 15 36 27 26 41 42 34 25 12 21 68 66 37 24 56 36 59 37 13 26 47 60 69 48 39 29 36 11 60 24 51 33 61 32 45 37 28 17 59 52 48 
116 80 82 94 49 84 5 114 72 91 97 91 89 84 35 87 91 74 81 24 104 79 69 90 31 54 77 58 75 99 57 47 46 60 82 33 55 117 70 57 24 86 85 113 82 0 84 103 92 67 47 55 58 97 48 65 84 94 67 64 82 106 92 77 100 33 87 73 65 71 72 17 83 51 92 48 85 82 106 83 76 27 51 41 68 67 98 25 83 44 
33 46 15 51 46 22 79 34 33 26 43 23 17 31 70 8 48 64 5 68 21 9 15 9 70 42 40 31 12 15 28 44 48 36 20 52 35 38 23 38 60 29 49 31 26 84 0 26 24 29 47 39 31 17 57 54 1 27 41 51 42 22 8 33 16 53 12 20 46 27 40 67 24 33 8 37 37 36 32 27 57 71 44 43 57 48 25 67 28 41 
18 42 40 37 70 46 99 11 59 47 28 44 14 56 81 18 37 64 31 82 25 25 39 17 82 52 38 45 29 16 47 68 72 61 45 70 59 14 49 48 81 53 41 13 23 103 26 0 44 38 59 50 45 31 65 56 26 13 44 77 67 18 18 59 23 76 35 30 49 53 66 88 48 55 21 55 30 61 6 51 55 84 55 64 59 51 7 81 53 64 
44 69 12 74 45 8 87 49 22 3 67 1 41 14 87 31 71 86 20 81 24 32 28 30 86 60 63 49 33 29 43 46 48 33 10 62 37 53 22 57 68 10 72 44 49 92 24 44 0 50 65 57 48 14 75 75 24 50 63 40 25 31 28 19 23 59 12 41 67 21 27 75 9 44 23 51 60 19 50 10 80 86 62 53 79 70 46 80 12 48 
54 23 39 34 47 46 64 48 47 52 33 49 24 53 43 27 31 36 30 45 49 20 24 30 44 14 17 11 17 39 17 43 47 43 43 36 38 51 36 10 47 52 27 49 15 67 29 38 50 0 21 12 12 46 28 26 28 27 13 59 60 46 32 50 44 45 38 9 18 41 54 54 47 26 36 22 21 56 39 49 31 46 17 31 29 20 31 44 50 35 
75 34 53 47 42 58 44 69 54 66 50 64 45 64 23 47 45 34 47 24 68 39 37 50 23 7 30 16 36 59 22 37 41 44 55 20 38 72 45 11 31 63 39 70 36 47 47 59 65 21 0 9 17 64 11 24 46 48 20 58 67 66 52 58 63 33 55 29 20 50 57 36 59 24 55 16 38 64 60 60 34 25 4 21 27 23 52 23 61 28 
66 29 45 42 43 51 52 60 49 58 42 56 36 58 31 38 39 34 39 33 59 30 29 41 32 3 24 8 27 50 16 38 41 42 48 25 36 63 39 2 36 57 34 61 27 55 39 50 57 12 9 0 9 56 18 23 38 39 15 57 62 57 43 53 54 37 47 20 16 44 54 43 52 22 46 15 30 59 51 54 31 34 5 23 27 19 43 32 55 28 
60 34 36 46 35 42 54 56 40 49 45 47 31 49 39 31 43 42 30 38 51 23 20 34 39 12 28 1 19 43 7 31 35 33 39 25 27 59 30 9 36 48 38 56 26 58 31 45 48 12 17 9 0 47 27 31 30 38 21 48 53 50 36 44 46 33 38 15 24 35 45 43 43 14 38 10 33 50 48 45 39 41 14 19 35 27 40 37 46 23 
30 62 16 64 54 18 92 35 33 17 56 14 30 28 86 21 62 81 17 82 10 26 28 19 86 59 57 48 29 15 43 53 56 42 19 65 44 39 29 55 73 24 63 30 41 97 17 31 14 46 64 56 47 0 74 71 18 39 58 52 39 17 17 31 9 66 11 37 63 30 39 80 20 46 12 51 51 33 37 23 74 86 61 56 74 65 34 81 25 54 
82 32 63 46 53 69 47 76 65 76 50 74 52 75 17 55 43 26 57 24 77 48 47 58 20 15 30 26 45 67 33 48 52 55 66 29 49 78 56 19 38 74 37 77 42 48 57 65 75 28 11 18 27 74 0 17 56 54 21 69 78 74 60 69 72 42 65 37 17 61 68 42 70 35 64 27 39 75 66 71 28 23 13 32 20 19 59 24 72 39 
74 17 64 30 65 71 64 66 71 77 37 74 46 79 33 52 28 11 55 41 74 45 50 55 36 20 18 30 42 64 38 60 63 64 69 44 58 67 61 22 54 78 21 69 34 65 54 56 75 26 24 23 31 71 17 0 53 43 13 79 84 71 57 75 69 57 63 34 8 66 76 59 73 44 61 37 27 81 55 75 11 40 22 44 4 6 49 41 76 50 
34 45 15 50 46 22 79 34 33 26 43 23 17 31 69 8 47 63 5 67 22 8 15 9 69 41 39 30 11 16 27 44 48 36 20 51 35 38 23 37 60 29 48 31 25 84 1 26 24 28 46 38 30 18 56 53 0 27 40 51 42 23 8 33 17 53 12 19 45 27 40 67 24 33 9 36 36 36 32 27 56 70 43 43 56 47 25 66 28 41 
31 29 42 25 69 49 91 23 59 52 17 49 10 58 70 20 24 51 32 72 35 23 38 20 71 41 25 38 26 25 40 66 70 61 47 63 58 24 49 37 74 56 28 26 12 94 27 13 50 27 48 39 38 39 54 43 27 0 33 77 69 30 22 60 32 70 39 23 38 53 66 81 51 49 27 48 17 63 12 54 42 73 44 57 46 38 6 71 55 58 
62 14 52 27 56 59 64 55 60 65 30 62 33 66 38 39 25 23 43 43 61 32 37 42 41 14 10 20 30 51 28 52 55 54 56 40 48 57 49 13 51 65 19 57 21 67 41 44 63 13 20 15 21 58 21 13 40 33 0 69 73 58 44 63 56 52 51 22 5 54 66 56 60 35 48 29 19 69 45 62 18 44 17 38 16 7 38 43 63 42 
81 82 38 92 17 34 59 84 19 38 88 40 67 27 72 59 89 90 46 62 62 54 39 60 69 59 76 49 51 63 42 21 19 16 34 44 21 88 28 57 43 31 86 79 68 64 51 77 40 59 58 57 48 52 69 79 51 77 69 0 20 68 59 21 60 33 43 56 72 24 13 48 32 35 56 43 78 24 83 30 87 67 59 37 83 75 76 61 28 31 
69 82 27 90 33 21 77 74 13 22 85 25 59 11 83 50 87 95 37 76 49 49 36 50 81 65 76 54 48 53 46 36 36 23 22 57 29 78 24 62 60 15 86 69 66 82 42 67 25 60 67 62 53 39 78 84 42 69 73 20 0 56 49 10 48 50 32 54 77 19 10 66 19 43 46 51 76 6 73 16 91 81 66 48 88 80 67 75 14 42 
13 57 30 55 68 35 101 18 49 34 46 31 25 45 88 19 54 79 26 88 7 27 37 16 89 59 53 51 31 7 49 66 70 56 34 73 57 22 43 55 82 41 57 13 37 106 22 18 31 46 66 57 50 17 74 71 23 30 58 68 56 0 15 48 8 75 25 37 63 44 55 89 37 55 14 58 46 50 24 40 70 91 62 65 74 65 24 87 42 63 
26 45 22 47 54 28 87 26 41 30 39 27 13 38 74 5 45 66 13 74 17 13 23 2 75 45 40 37 17 8 35 52 56 44 27 59 43 30 31 41 68 35 46 23 24 92 8 18 28 32 52 43 36 17 60 57 8 22 44 59 49 15 0 41 12 61 17 23 49 35 48 75 30 41 5 44 34 43 24 33 57 77 48 51 60 51 18 73 35 49 
61 72 19 80 28 13 72 66 5 17 76 19 50 7 77 41 77 86 28 70 41 39 26 42 75 56 66 45 38 45 37 30 31 17 14 51 23 70 14 53 54 10 76 61 56 77 33 59 19 50 58 53 44 31 69 75 33 60 63 21 10 48 41 0 40 44 24 44 68 9 8 60 11 34 38 42 66 6 65 9 81 75 57 42 79 70 58 69 7 36 
21 57 22 57 60 27 95 26 41 26 48 23 24 37 85 17 56 78 19 84 5 24 31 14 85 57 52 47 27 7 44 58 62 48 26 68 49 30 35 53 76 33 57 21 36 100 16 23 23 44 63 54 46 9 72 69 17 32 56 60 48 8 12 40 0 69 17 35 61 36 47 83 29 49 8 53 45 42 29 32 69 87 59 59 72 63 26 83 34 57 
86 66 50 79 17 51 28 87 39 58 78 58 63 51 40 59 76 67 50 29 73 51 38 61 37 38 61 34 47 68 30 14 14 27 49 13 22 90 37 39 10 53 71 84 59 33 53 76 59 45 33 37 33 66 42 57 53 70 52 33 50 75 61 44 69 0 55 47 52 38 40 16 50 21 61 23 66 50 80 50 67 34 35 14 60 55 72 28 50 12 
38 57 5 62 43 11 82 42 24 14 55 11 29 21 77 19 59 74 8 72 20 20 18 19 76 50 51 39 21 21 33 42 45 31 10 55 33 46 18 46 63 18 60 37 37 87 12 35 12 38 55 47 38 11 65 63 12 39 51 43 32 25 17 24 17 55 0 29 55 19 31 70 13 36 14 41 48 26 41 16 68 76 52 46 67 58 35 71 18 43 
46 28 30 36 47 37 69 41 41 43 33 40 16 46 51 18 33 45 21 52 40 11 18 21 52 22 22 15 8 30 17 43 47 40 35 40 36 44 30 18 51 44 32 41 13 73 20 30 41 9 29 20 15 37 37 34 19 23 22 56 54 37 23 44 35 47 29 0 26 35 48 58 39 26 27 25 22 50 33 42 39 54 25 34 38 29 25 51 43 35 
67 15 56 29 59 63 63 60 64 69 33 66 38 71 34 44 26 19 47 41 66 37 42 47 37 14 13 23 34 56 31 54 57 57 61 40 51 62 54 15 51 70 20 62 26 65 46 49 67 18 20 16 24 63 17 8 45 38 5 72 77 63 49 68 61 52 55 26 0 59 69 56 65 38 53 31 22 74 50 67 15 40 17 39 12 3 43 41 68 44 
57 63 14 71 24 13 66 60 6 20 67 20 43 14 69 35 68 77 22 63 39 31 17 36 68 47 57 36 29 39 28 25 27 12 11 44 16 64 5 44 48 15 67 55 47 71 27 53 21 41 50 44 35 30 61 66 27 53 54 24 19 44 35 9 36 38 19 35 59 0 13 54 12 26 32 34 57 15 59 12 72 68 48 35 70 61 52 62 12 29 
68 76 26 84 23 21 67 73 7 25 80 27 56 14 73 48 81 87 35 66 49 44 30 49 71 57 70 46 42 52 38 26 26 13 21 47 19 77 18 54 50 18 80 68 60 72 40 66 27 54 57 54 45 39 68 76 40 66 66 13 10 55 48 8 47 40 31 48 69 13 0 56 19 33 45 41 70 11 72 17 84 71 57 38 80 72 65 65 15 32 
100 70 65 83 33 67 12 99 55 74 85 74 74 67 32 71 81 68 64 20 87 63 52 74 28 43 66 43 59 82 41 30 30 43 65 18 38 102 53 45 7 69 75 97 69 17 67 88 75 54 36 43 43 80 42 59 67 81 56 48 66 89 75 60 83 16 70 58 56 54 56 0 66 34 75 33 73 66 91 66 70 25 40 24 62 59 83 20 66 27 
50 67 9 73 36 2 78 55 14 8 67 8 41 8 80 32 70 83 19 74 30 31 23 32 79 55 61 44 31 34 37 37 39 24 4 55 28 59 15 52 60 5 71 50 48 83 24 48 9 47 59 52 43 20 70 73 24 51 60 32 19 37 30 11 29 50 13 39 65 12 19 66 0 37 27 44 59 13 54 3 78 79 57 46 76 67 48 73 5 41 
66 48 32 60 21 37 46 66 30 45 59 43 42 40 43 38 57 55 30 37 53 30 18 41 42 24 42 15 26 48 9 17 21 20 34 19 14 69 22 23 27 41 52 64 39 51 33 55 44 26 24 22 14 46 35 44 33 49 35 35 43 55 41 34 49 21 36 26 38 26 33 34 37 0 41 8 47 40 59 38 53 42 24 10 48 41 51 36 38 9 
25 50 19 52 54 25 87 28 38 26 44 23 18 35 77 9 50 70 12 76 13 16 23 7 77 49 45 39 19 7 36 52 56 43 24 60 43 32 30 45 68 32 51 23 29 92 8 21 23 36 55 46 38 12 64 61 9 27 48 56 46 14 5 38 8 61 14 27 53 32 45 75 27 41 0 45 39 40 27 30 62 79 51 51 64 55 23 75 32 49 
68 43 39 56 28 44 44 66 38 52 55 50 41 48 36 39 53 48 35 31 58 31 23 42 35 17 38 11 27 51 9 23 26 28 41 15 22 69 29 16 26 48 48 65 36 48 37 55 51 22 16 15 10 51 27 37 36 48 29 43 51 58 44 42 53 23 41 25 31 34 41 33 44 8 45 0 43 48 58 45 46 35 16 9 41 34 50 30 45 13 
48 12 50 14 68 57 82 39 63 62 12 59 21 66 56 31 11 34 40 62 49 28 40 32 59 31 9 32 29 39 38 64 68 62 55 55 58 40 52 28 66 64 12 43 11 85 37 30 60 21 38 30 33 51 39 27 36 17 19 78 76 46 34 66 45 66 48 22 22 57 70 73 59 47 39 43 0 71 28 62 25 62 34 52 30 22 23 61 63 56 
63 78 21 85 33 15 77 68 11 17 79 19 53 5 83 44 82 92 31 76 43 43 32 44 81 62 72 51 43 47 43 36 36 23 16 57 29 72 20 59 60 9 82 63 60 82 36 61 19 56 64 59 50 33 75 81 36 63 69 24 6 50 43 6 42 50 26 50 74 15 11 66 13 40 40 48 71 0 67 10 87 81 63 48 85 76 61 75 8 42 
20 40 46 34 76 52 102 11 65 53 24 50 17 62 82 24 34 62 37 84 31 30 45 23 83 53 37 48 33 22 50 73 77 67 51 73 65 12 55 49 84 59 39 15 24 106 32 6 50 39 60 51 48 37 66 55 32 12 45 83 73 24 24 65 29 80 41 33 50 59 72 91 54 59 27 58 28 67 0 57 53 85 56 67 58 50 8 83 59 68 
53 70 12 76 36 5 78 58 12 9 70 10 44 5 81 35 73 85 22 75 33 34 25 35 80 57 64 46 34 37 38 37 38 24 7 56 28 62 16 54 60 3 74 53 51 83 27 51 10 49 60 54 45 23 71 75 27 54 62 30 16 40 33 9 32 50 16 42 67 12 17 66 3 38 30 45 62 10 57 0 80 80 58 47 78 69 51 74 2 41 
73 13 69 23 74 76 75 64 78 82 30 79 45 84 43 53 21 9 60 52 73 48 55 55 46 29 17 38 47 63 46 69 72 72 74 54 66 64 67 30 65 83 14 68 33 76 57 55 80 31 34 31 39 74 28 11 56 42 18 87 91 70 57 81 69 67 68 39 15 72 84 70 78 53 62 46 25 87 53 80 0 50 32 54 8 12 48 52 81 59 
100 55 74 69 50 79 26 94 70 87 73 85 70 82 8 72 66 47 70 5 92 64 58 75 4 32 53 40 60 84 44 46 48 58 76 24 52 97 64 36 25 83 60 95 61 27 71 84 86 46 25 34 41 86 23 40 70 73 44 67 81 91 77 75 87 34 76 54 40 68 71 25 79 42 79 35 62 81 85 80 50 0 29 33 42 42 77 6 80 39 
71 31 50 44 43 56 48 65 53 63 46 61 41 62 26 43 41 33 44 28 64 35 34 46 27 3 26 13 32 55 20 38 42 44 53 23 38 68 43 7 34 61 36 66 32 51 44 55 62 17 4 5 14 61 13 22 43 44 17 59 66 62 48 57 59 35 52 25 17 48 57 40 57 24 51 16 34 63 56 58 32 29 0 22 26 20 48 27 59 29 
76 52 42 65 21 46 36 75 37 54 64 52 50 49 35 47 62 55 40 28 63 39 28 50 33 25 47 20 35 58 17 16 20 25 43 9 19 78 31 25 17 50 57 73 45 41 43 64 53 31 21 23 19 56 32 44 43 57 38 37 48 65 51 42 59 14 46 34 39 35 38 24 46 10 51 9 52 48 67 47 54 33 22 0 48 42 59 27 47 7 
77 18 68 31 69 75 67 69 75 81 38 78 49 82 35 55 29 7 59 44 77 48 53 58 38 24 21 34 46 67 42 64 67 68 72 47 62 70 65 26 57 81 22 72 37 68 57 59 79 29 27 27 35 74 20 4 56 46 16 83 88 74 60 79 72 60 67 38 12 70 80 62 76 48 64 41 30 85 58 78 8 42 26 48 0 9 52 44 79 54 
69 13 59 27 62 66 65 61 67 72 33 69 40 73 36 46 24 16 50 43 68 39 44 49 39 17 13 26 37 58 34 57 60 60 63 43 54 62 56 18 54 72 18 64 28 67 48 51 70 20 23 19 27 65 19 6 47 38 7 75 80 65 51 70 63 55 58 29 3 61 72 59 67 41 55 34 22 76 50 69 12 42 20 42 9 0 44 43 70 47 
25 35 40 31 68 46 94 17 58 48 22 45 9 56 74 17 30 57 30 76 29 22 37 17 75 45 31 40 25 19 42 65 69 60 45 65 57 20 48 41 76 53 34 20 17 98 25 7 46 31 52 43 40 34 59 49 25 6 38 76 67 24 18 58 26 72 35 25 43 52 65 83 48 51 23 50 23 61 8 51 48 77 48 59 52 44 0 75 53 60 
97 56 68 70 44 73 23 92 64 81 73 79 67 76 13 68 67 50 65 1 88 60 53 71 9 30 53 36 56 80 39 40 42 52 70 18 46 95 58 34 19 77 61 92 59 25 67 81 80 44 23 32 37 81 24 41 66 71 43 61 75 87 73 69 83 28 71 51 41 62 65 20 73 36 75 30 61 75 83 74 52 6 27 27 44 43 75 0 74 33 
55 71 13 77 35 7 78 60 11 10 71 12 45 3 81 36 74 86 23 75 35 35 26 36 80 58 65 47 35 39 39 36 37 23 8 56 28 64 16 55 60 3 75 55 52 83 28 53 12 50 61 55 46 25 72 76 28 55 63 28 14 42 35 7 34 50 18 43 68 12 15 66 5 38 32 45 63 8 59 2 81 80 59 47 79 70 53 74 0 41 
74 56 38 69 15 41 39 75 31 49 68 47 51 43 42 47 66 61 38 34 61 39 26 49 40 30 51 24 35 56 18 10 13 19 38 15 13 78 26 29 20 44 61 72 48 44 41 64 48 35 28 28 23 54 39 50 41 58 42 31 42 63 49 36 57 12 43 35 44 29 32 27 41 9 49 13 56 42 68 41 59 39 29 7 54 47 60 33 41 0 
44
70
18
26
46
52
14
30
61
30
24
90
56
91
6
65
83
28
94
45
79
5
71
37
64
30
91
66
90
54
6
39
35
92
28
29
42
82
58
95
21
68
86
73
77
63
36
37
20
79
34
13
5
91
97
4
47
37
64
25
73
63
25
64
64
99
58
56
51
71
60
61
32
23
76
50
85
86
95
53
45
14
27
53
17
45
96
16
84
