90
0 84 71 78 46 34 52 26 33 33 77 73 81 35 27 87 45 32 25 84 69 46 34 42 81 94 51 71 80 76 42 28 40 38 91 39 21 62 31 85 31 26 47 30 52 71 47 88 41 33 49 63 25 39 56 62 88 24 40 39 35 4 25 86 56 39 53 54 30 91 87 44 35 85 85 89 83 18 68 90 50 23 76 84 62 39 51 29 82 85 
84 0 30 45 44 67 59 61 69 74 44 16 27 56 64 9 57 78 74 26 27 40 61 83 40 33 69 53 38 9 73 82 46 80 29 73 63 23 78 21 66 76 71 62 55 41 70 13 69 52 63 59 84 45 58 22 39 65 78 47 54 80 59 2 35 64 31 30 64 24 19 42 84 14 28 5 20 81 52 37 34 72 32 34 22 78 35 75 35 35 
71 30 0 17 48 46 32 58 70 74 15 14 53 57 62 38 33 57 73 52 4 43 62 85 65 60 42 23 12 21 49 81 31 56 56 75 53 17 78 48 47 75 78 44 64 61 77 42 45 49 70 30 66 40 69 25 17 62 80 32 55 67 47 30 15 67 32 30 64 21 47 27 84 20 54 32 46 77 23 19 35 55 5 13 21 80 38 75 11 14 
78 45 17 0 63 46 29 69 82 86 2 31 70 70 74 54 33 56 84 69 21 58 75 98 82 77 37 9 8 38 47 92 41 55 73 88 62 33 90 65 48 86 93 48 79 78 92 58 44 61 85 21 66 52 84 42 14 73 93 41 68 75 56 44 26 80 47 45 76 28 63 37 96 33 71 46 63 86 12 19 50 56 13 15 38 93 53 87 11 16 
46 44 48 63 0 50 56 20 25 30 61 40 35 13 22 44 49 59 32 39 44 5 17 39 36 48 62 65 60 39 60 40 30 63 46 29 27 31 35 41 47 34 30 42 17 26 29 45 56 13 22 64 59 15 22 25 65 24 34 30 12 43 28 46 38 20 16 18 22 60 43 31 41 51 39 49 39 40 62 67 13 48 53 61 28 34 10 32 59 62 
34 67 46 46 50 0 18 40 55 58 46 53 76 47 45 74 13 11 51 79 45 46 51 69 83 89 17 39 51 58 10 58 23 14 86 63 29 44 58 78 4 53 70 8 65 74 69 77 7 39 66 29 20 35 70 48 59 42 66 22 45 32 24 68 33 57 43 43 49 67 79 25 64 64 80 71 76 48 36 64 43 12 50 58 46 65 47 55 54 59 
52 59 32 29 56 18 0 51 66 69 29 44 75 57 56 67 7 27 64 76 33 51 61 81 84 86 10 21 35 50 18 72 26 26 82 74 41 36 71 74 22 66 80 22 73 77 79 70 15 48 76 11 37 41 78 44 43 53 77 26 55 49 35 60 24 67 44 43 60 53 73 25 77 52 78 63 72 64 18 48 45 30 35 42 41 76 49 68 38 43 
26 61 58 69 20 40 51 0 15 19 67 54 55 9 5 64 44 45 15 59 54 22 11 31 55 68 56 66 68 53 50 23 28 51 66 23 11 43 22 61 36 17 30 32 27 45 29 65 47 9 27 62 43 18 32 39 75 4 27 28 9 23 16 63 43 17 30 32 9 73 63 32 28 65 59 66 59 20 63 77 27 33 63 71 42 26 27 19 69 72 
33 69 70 82 25 55 66 15 0 5 80 63 58 13 10 69 59 59 9 62 66 29 8 17 53 70 71 81 81 62 65 16 43 65 69 8 26 54 11 65 51 10 15 47 22 43 15 70 62 21 17 77 55 30 25 48 87 13 12 43 15 31 31 71 56 7 39 41 6 83 67 46 16 74 62 74 63 18 78 89 36 47 75 83 51 11 34 8 81 84 
33 74 74 86 30 58 69 19 5 0 84 68 62 18 14 74 62 62 8 66 70 34 13 12 57 74 74 85 85 67 68 12 47 68 73 6 29 59 7 69 54 8 14 50 25 47 14 74 65 25 18 80 56 34 27 53 91 16 8 47 20 32 34 76 60 11 44 46 10 88 71 50 11 79 66 79 67 17 82 93 41 50 79 87 56 7 39 5 85 88 
77 44 15 2 61 46 29 67 80 84 0 29 68 68 72 53 33 56 82 67 19 56 73 96 80 75 37 10 7 36 47 90 39 55 71 86 61 31 88 63 48 84 91 47 77 76 90 57 44 59 83 21 66 50 82 40 14 71 91 40 66 74 55 43 24 78 45 43 74 27 62 36 94 32 69 45 61 85 12 19 48 56 12 14 36 91 51 85 10 15 
73 16 14 31 40 53 44 54 63 68 29 0 39 50 58 24 42 64 68 38 11 35 55 78 51 46 54 37 25 7 58 76 34 65 42 68 53 11 72 34 53 70 70 49 56 48 69 28 54 45 62 43 71 36 60 15 28 58 73 35 48 69 48 16 20 59 24 23 58 20 33 30 78 12 40 19 32 74 36 28 27 60 18 23 13 73 30 69 23 24 
81 27 53 70 35 76 75 55 58 62 68 39 0 47 56 20 71 86 66 4 50 35 51 68 13 13 84 76 64 32 85 74 54 90 11 58 61 39 69 9 74 68 53 70 37 17 52 17 81 48 45 79 91 45 37 31 66 59 63 54 47 78 60 29 51 51 33 34 56 51 11 52 73 41 4 30 8 74 74 64 34 79 57 61 35 63 32 66 62 62 
35 56 57 70 13 47 57 9 13 18 68 50 47 0 9 57 50 54 19 51 54 16 5 28 46 60 63 70 69 49 57 27 32 59 58 18 20 41 23 54 43 21 23 39 18 36 22 58 54 9 19 65 52 18 23 35 74 12 23 31 2 32 23 58 44 10 26 28 9 70 56 34 29 61 51 61 52 27 67 76 23 42 62 70 38 23 21 20 68 71 
27 64 62 74 22 45 56 5 10 14 72 58 56 9 0 66 49 49 11 60 58 24 7 26 55 69 61 71 73 57 55 19 33 55 67 18 16 47 17 63 41 13 25 37 25 45 24 67 52 13 23 67 46 22 29 43 79 3 22 33 10 24 21 66 48 13 34 36 4 77 65 37 23 69 60 69 61 18 68 81 31 37 67 75 46 21 29 14 73 76 
87 9 38 54 44 74 67 64 69 74 53 24 20 57 66 0 65 84 76 17 35 42 61 82 32 24 77 61 47 17 81 84 51 88 20 72 66 31 79 12 72 78 69 68 53 36 68 4 77 55 61 67 90 48 54 26 48 68 77 52 56 83 62 11 43 63 34 33 66 33 10 49 85 23 19 10 12 84 60 46 37 78 41 43 28 77 37 76 44 44 
45 57 33 33 49 13 7 44 59 62 33 42 71 50 49 65 0 24 57 73 33 44 54 74 78 83 13 26 38 48 16 65 19 23 80 67 34 34 64 72 15 59 73 15 66 71 72 68 12 41 69 18 33 34 71 41 46 46 70 19 48 42 28 58 22 60 38 37 53 54 71 19 70 52 75 61 70 57 23 51 39 23 37 45 38 69 43 61 41 46 
32 78 57 56 59 11 27 45 59 62 56 64 86 54 49 84 24 0 54 89 56 55 56 73 93 99 21 48 62 69 10 59 33 6 96 67 34 55 61 88 12 56 74 17 72 83 73 87 12 46 72 37 10 44 77 58 70 46 70 32 52 31 31 79 44 62 53 53 53 78 89 36 66 75 90 82 86 49 45 75 53 12 61 69 57 69 56 59 65 70 
25 74 73 84 32 51 64 15 9 8 82 68 66 19 11 76 57 54 0 70 69 34 15 19 62 78 67 81 83 67 60 8 43 60 77 14 23 58 7 73 47 2 22 43 31 52 22 77 58 24 26 75 48 33 34 53 90 11 16 43 20 24 29 76 58 16 44 46 10 88 75 47 13 79 70 79 71 9 78 92 41 42 78 86 56 15 39 5 84 87 
84 26 52 69 39 79 76 59 62 66 67 38 4 51 60 17 73 89 70 0 49 38 55 72 15 10 86 75 63 31 87 78 56 93 7 62 64 40 73 5 77 72 57 73 41 21 56 13 83 51 49 80 94 48 41 33 65 63 67 57 51 81 63 28 52 55 36 36 60 50 7 54 77 40 2 27 6 78 74 63 37 82 56 60 36 67 35 70 61 61 
69 27 4 21 44 45 33 54 66 70 19 11 50 54 58 35 33 56 69 49 0 39 59 82 61 57 43 26 16 18 49 77 29 56 53 72 51 13 74 45 46 71 74 43 60 57 73 39 45 45 66 32 65 36 65 21 21 58 77 30 52 65 45 27 13 63 28 26 60 22 44 25 80 19 51 30 43 74 25 23 31 54 9 17 17 77 34 71 15 18 
46 40 43 58 5 46 51 22 29 34 56 35 35 16 24 42 44 55 34 38 39 0 21 43 38 48 57 60 55 34 56 42 25 59 45 33 26 26 38 39 43 36 35 38 22 28 34 43 52 13 27 59 57 11 27 20 60 26 38 25 14 43 26 42 33 24 11 13 24 55 41 26 44 46 39 45 37 42 57 62 8 45 48 56 23 38 5 35 54 57 
34 61 62 75 17 51 61 11 8 13 73 55 51 5 7 61 54 56 15 55 59 21 0 23 48 63 67 75 74 54 61 23 37 62 62 13 22 46 18 58 47 17 19 43 18 38 18 62 58 14 16 70 53 23 22 40 79 10 18 36 7 31 27 63 49 6 31 33 5 75 60 39 24 66 55 66 56 23 72 81 28 44 67 75 43 18 26 15 73 76 
42 83 85 98 39 69 81 31 17 12 96 78 68 28 26 82 74 73 19 72 82 43 23 0 63 80 86 97 97 77 79 15 59 79 79 10 41 69 12 76 65 17 15 62 31 53 16 82 76 37 23 92 67 46 32 63 102 28 5 59 30 42 46 85 72 19 54 56 22 98 78 62 8 89 72 88 74 24 94 104 51 61 90 98 66 6 48 14 96 99 
81 40 65 82 36 83 84 55 53 57 80 51 13 46 55 32 78 93 62 15 61 38 48 63 0 18 91 87 76 44 92 69 61 97 18 53 63 50 64 20 81 63 48 76 32 10 47 28 88 49 40 89 95 49 31 41 78 58 58 61 46 78 64 42 61 46 40 42 53 64 22 59 68 54 14 42 21 71 85 77 40 83 69 73 45 58 37 61 74 74 
94 33 60 77 48 89 86 68 70 74 75 46 13 60 69 24 83 99 78 10 57 48 63 80 18 0 96 83 71 39 97 86 66 103 4 70 74 50 81 12 87 80 65 83 49 27 64 20 93 61 57 89 104 58 48 43 72 72 75 67 60 91 73 35 62 63 46 46 68 57 14 64 85 47 9 34 14 86 82 70 47 92 64 67 46 75 45 78 68 68 
51 69 42 37 62 17 10 56 71 74 37 54 84 63 61 77 13 21 67 86 43 57 67 86 91 96 0 28 43 60 11 75 32 18 92 79 45 46 74 84 21 69 86 24 79 84 85 80 11 54 82 16 31 47 84 54 51 58 82 32 61 49 40 70 34 73 51 50 65 62 83 32 80 62 88 73 82 65 25 56 52 29 44 50 51 81 56 72 46 51 
71 53 23 9 65 39 21 66 81 85 10 37 76 70 71 61 26 48 81 75 26 60 75 97 87 83 28 0 17 44 38 89 38 46 79 88 59 37 88 71 41 83 93 41 82 82 92 65 36 61 87 12 58 52 87 46 23 70 93 39 68 68 53 53 27 80 50 48 75 37 70 36 94 42 77 55 69 83 3 28 52 49 22 24 42 92 56 85 20 25 
80 38 12 8 60 51 35 68 81 85 7 25 64 69 73 47 38 62 83 63 16 55 74 97 76 71 43 17 0 32 53 91 41 61 67 87 63 29 89 59 53 85 90 51 76 72 89 51 50 60 82 28 71 51 81 37 8 72 92 42 67 77 57 37 25 79 44 42 75 20 57 37 95 25 65 38 57 87 19 13 47 61 7 7 33 92 50 86 3 8 
76 9 21 38 39 58 50 53 62 67 36 7 32 49 57 17 48 69 67 31 18 34 54 77 44 39 60 44 32 0 64 75 37 71 35 67 55 14 71 27 57 69 68 53 53 42 67 21 60 44 60 50 75 37 56 14 34 57 72 38 47 72 51 10 26 58 23 22 57 22 26 33 77 12 33 13 25 73 43 33 26 63 25 29 14 72 29 68 30 30 
42 73 49 47 60 10 18 50 65 68 47 58 85 57 55 81 16 10 60 87 49 56 61 79 92 97 11 38 53 64 0 67 32 8 94 73 39 50 67 86 14 62 80 18 75 84 79 84 4 49 76 27 20 45 80 56 61 52 76 31 55 40 34 74 38 67 52 51 59 70 86 33 73 68 89 77 84 57 35 66 52 19 52 60 53 75 56 65 56 61 
28 82 81 92 40 58 72 23 16 12 90 76 74 27 19 84 65 59 8 78 77 42 23 15 69 86 75 89 91 75 67 0 51 65 85 17 31 66 5 81 54 6 25 51 37 59 25 85 65 32 30 83 53 41 39 61 98 19 15 51 28 28 37 84 66 23 52 54 18 96 83 55 7 87 78 87 79 10 86 100 49 48 86 94 64 14 47 8 92 95 
40 46 31 41 30 23 26 28 43 47 39 34 54 32 33 51 19 33 43 56 29 25 37 59 61 66 32 38 41 37 32 51 0 37 63 50 22 23 50 55 21 45 55 17 47 52 54 54 28 23 50 34 39 15 52 25 48 32 55 1 30 36 16 47 16 42 21 20 37 51 56 4 56 46 58 50 53 46 35 50 21 27 36 44 24 54 24 47 42 45 
38 80 56 55 63 14 26 51 65 68 55 65 90 59 55 88 23 6 60 93 56 59 62 79 97 103 18 46 61 71 8 65 37 0 100 73 40 57 67 92 16 62 80 21 77 87 79 91 11 51 78 34 15 48 82 62 69 52 76 36 57 37 36 81 45 68 57 57 59 77 93 39 72 75 94 84 90 55 43 74 57 18 60 68 60 75 60 65 64 69 
91 29 56 73 46 86 82 66 69 73 71 42 11 58 67 20 80 96 77 7 53 45 62 79 18 4 92 79 67 35 94 85 63 100 0 69 71 46 80 8 84 79 64 80 48 26 63 16 90 58 56 85 101 55 47 39 68 70 74 64 58 88 70 31 58 62 43 43 67 53 10 61 84 43 7 30 10 85 78 66 44 89 60 63 42 74 42 77 64 64 
39 73 75 88 29 63 74 23 8 6 86 68 58 18 18 72 67 67 14 62 72 33 13 10 53 70 79 88 87 67 73 17 50 73 69 0 34 59 12 66 59 14 8 55 21 43 8 72 70 27 13 83 62 36 22 53 92 21 5 49 20 38 39 75 62 9 44 46 14 88 68 52 15 79 62 78 64 23 85 94 41 55 80 88 56 5 38 11 86 89 
21 63 53 62 27 29 41 11 26 29 61 53 61 20 16 66 34 34 23 64 51 26 22 41 63 74 45 59 63 55 39 31 22 40 71 34 0 42 30 65 25 25 41 21 38 53 40 67 36 14 38 52 33 18 43 41 70 13 37 21 18 17 6 65 38 28 32 33 20 72 67 26 36 65 65 68 63 24 56 72 29 22 58 66 41 36 30 27 64 67 
62 23 17 33 31 44 36 43 54 59 31 11 39 41 47 31 34 55 58 40 13 26 46 69 50 50 46 37 29 14 50 66 23 57 46 59 42 0 63 38 43 60 61 39 47 45 60 34 46 34 53 40 61 25 52 9 34 47 64 24 39 58 37 24 12 50 15 13 49 30 37 19 69 23 42 27 36 63 35 36 18 49 22 30 5 64 21 60 28 31 
31 78 78 90 35 58 71 22 11 7 88 72 69 23 17 79 64 61 7 73 74 38 18 12 64 81 74 88 89 71 67 5 50 67 80 12 30 63 0 76 54 5 20 50 32 54 20 80 65 29 25 82 55 38 34 57 95 18 10 50 24 30 36 80 64 18 48 50 14 92 78 54 6 83 73 83 74 13 85 97 45 49 83 91 60 10 43 3 89 92 
85 21 48 65 41 78 74 61 65 69 63 34 9 54 63 12 72 88 73 5 45 39 58 76 20 12 84 71 59 27 86 81 55 92 8 66 65 38 76 0 76 75 61 72 45 26 60 8 82 52 53 77 93 48 46 31 60 65 71 56 53 82 63 23 50 58 35 35 63 45 2 53 80 35 7 22 2 81 70 58 37 81 52 55 34 71 35 73 56 56 
31 66 47 48 47 4 22 36 51 54 48 53 74 43 41 72 15 12 47 77 46 43 47 65 81 87 21 41 53 57 14 54 21 16 84 59 25 43 54 76 0 49 66 5 61 71 65 75 11 35 62 33 19 32 66 46 61 38 62 20 41 28 20 67 33 53 41 41 45 68 77 24 60 64 78 70 74 44 38 65 41 8 51 59 45 61 44 51 55 60 
26 76 75 86 34 53 66 17 10 8 84 70 68 21 13 78 59 56 2 72 71 36 17 17 63 80 69 83 85 69 62 6 45 62 79 14 25 60 5 75 49 0 22 45 32 53 22 79 60 26 26 77 50 35 35 55 92 13 14 45 22 25 31 78 60 17 46 48 12 90 77 49 11 81 72 81 73 9 80 94 43 44 80 88 58 13 41 3 86 89 
47 71 78 93 30 70 80 30 15 14 91 70 53 23 25 69 73 74 22 57 74 35 19 15 48 65 86 93 90 68 80 25 55 80 64 8 41 61 20 61 66 22 0 62 16 38 1 68 77 32 8 88 70 41 17 55 95 28 10 54 25 46 46 73 67 13 46 48 21 90 63 57 20 80 57 76 60 31 90 97 43 62 83 91 58 11 40 19 89 92 
30 62 44 48 42 8 22 32 47 50 47 49 70 39 37 68 15 17 43 73 43 38 43 62 76 83 24 41 51 53 18 51 17 21 80 55 21 39 50 72 5 45 62 0 57 66 61 71 15 31 58 33 22 27 62 42 59 34 58 16 37 27 16 63 30 49 37 37 41 65 73 20 56 61 74 66 70 42 38 62 36 11 48 56 41 57 39 48 53 57 
52 55 64 79 17 65 73 27 22 25 77 56 37 18 25 53 66 72 31 41 60 22 18 31 32 49 79 82 76 53 75 37 47 77 48 21 38 47 32 45 61 32 16 57 0 22 15 52 71 26 8 81 70 32 5 41 81 28 26 47 20 49 41 57 55 15 32 34 23 75 47 48 36 65 41 60 44 40 79 83 30 60 69 77 44 26 26 30 75 78 
71 41 61 78 26 74 77 45 43 47 76 48 17 36 45 36 71 83 52 21 57 28 38 53 10 27 84 82 72 42 84 59 52 87 26 43 53 45 54 26 71 53 38 66 22 0 37 34 80 39 30 82 85 39 21 36 76 48 48 53 36 68 54 43 55 36 33 34 43 64 28 52 58 54 20 45 25 61 80 75 32 73 65 71 40 48 28 51 71 72 
47 70 77 92 29 69 79 29 15 14 90 69 52 22 24 68 72 73 22 56 73 34 18 16 47 64 85 92 89 67 79 25 54 79 63 8 40 60 20 60 65 22 1 61 15 37 0 67 76 31 7 87 70 40 16 54 94 27 11 53 24 46 45 72 66 12 45 47 20 89 62 56 21 79 56 75 59 31 89 96 42 61 82 90 57 11 39 19 88 91 
88 13 42 58 45 77 70 65 70 74 57 28 17 58 67 4 68 87 77 13 39 43 62 82 28 20 80 65 51 21 84 85 54 91 16 72 67 34 80 8 75 79 68 71 52 34 67 0 80 56 60 71 93 49 53 29 52 69 77 55 57 84 64 15 46 63 36 36 67 37 6 52 85 27 15 14 9 85 64 50 38 81 45 47 31 77 38 77 48 48 
41 69 45 44 56 7 15 47 62 65 44 54 81 54 52 77 12 12 58 83 45 52 58 76 88 93 11 36 50 60 4 65 28 11 90 70 36 46 65 82 11 60 77 15 71 80 76 80 0 45 73 25 22 41 76 52 58 49 73 27 52 38 31 70 34 64 48 47 56 66 82 29 71 64 85 73 80 55 33 63 48 18 49 57 49 72 52 62 53 58 
33 52 49 61 13 39 48 9 21 25 59 45 48 9 13 55 41 46 24 51 45 13 14 37 49 61 54 61 60 44 49 32 23 51 58 27 14 34 29 52 35 26 32 31 26 39 31 56 45 0 28 56 46 9 31 30 66 13 32 22 7 30 15 54 35 19 21 23 15 64 54 25 35 56 52 57 50 29 58 68 18 35 54 62 33 32 18 26 60 63 
49 63 70 85 22 66 76 27 17 18 83 62 45 19 23 61 69 72 26 49 66 27 16 23 40 57 82 87 82 60 76 30 50 78 56 13 38 53 25 53 62 26 8 58 8 30 7 60 73 28 0 84 69 35 9 47 87 26 18 50 21 46 42 65 60 10 38 40 19 82 55 51 28 72 49 68 52 35 84 89 35 60 75 83 50 18 32 23 81 84 
63 59 30 21 64 29 11 62 77 80 21 43 79 65 67 67 18 37 75 80 32 59 70 92 89 89 16 12 28 50 27 83 34 34 85 83 52 40 82 77 33 77 88 33 81 82 87 71 25 56 84 0 47 49 86 48 35 64 88 34 63 60 46 59 28 75 50 48 71 48 76 33 88 50 82 62 75 75 9 40 52 41 31 35 44 87 56 79 31 36 
25 84 66 66 59 20 37 43 55 56 66 71 91 52 46 90 33 10 48 94 65 57 53 67 95 104 31 58 71 75 20 53 39 15 101 62 33 61 55 93 19 50 70 22 70 85 70 93 22 46 69 47 0 46 75 64 79 43 64 38 51 25 31 85 52 59 58 58 50 87 94 42 60 83 95 88 91 43 55 84 57 12 70 78 63 63 59 53 74 79 
39 45 40 52 15 35 41 18 30 34 50 36 45 18 22 48 34 44 33 48 36 11 23 46 49 58 47 52 51 37 45 41 15 48 55 36 18 25 38 48 32 35 41 27 32 39 40 49 41 9 35 49 46 0 37 23 57 22 41 15 16 35 15 47 26 28 14 15 24 55 49 16 44 48 49 50 46 38 49 59 11 34 45 53 24 41 13 35 51 54 
56 58 69 84 22 70 78 32 25 27 82 60 37 23 29 54 71 77 34 41 65 27 22 32 31 48 84 87 81 56 80 39 52 82 47 22 43 52 34 46 66 35 17 62 5 21 16 53 76 31 9 86 75 37 0 45 86 32 27 52 25 53 46 60 60 18 37 39 27 78 48 53 37 68 41 62 45 43 84 88 35 65 74 82 48 27 31 32 80 83 
62 22 25 42 25 48 44 39 48 53 40 15 31 35 43 26 41 58 53 33 21 20 40 63 41 43 54 46 37 14 56 61 25 62 39 53 41 9 57 31 46 55 55 42 41 36 54 29 52 30 47 48 64 23 45 0 42 43 58 26 33 58 37 24 20 44 9 8 43 35 31 23 63 26 34 27 29 59 44 43 12 52 30 37 4 58 15 54 36 38 
88 39 17 14 65 59 43 75 87 91 14 28 66 74 79 48 46 70 90 65 21 60 79 102 78 72 51 23 8 34 61 98 48 69 68 92 70 34 95 60 61 92 95 59 81 76 94 52 58 66 87 35 79 57 86 42 0 79 97 49 72 84 64 37 32 84 49 47 81 17 58 44 101 25 67 38 59 94 26 5 52 69 12 5 38 97 55 92 6 4 
24 65 62 73 24 42 53 4 13 16 71 58 59 12 3 68 46 46 11 63 58 26 10 28 58 72 58 70 72 57 52 19 32 52 70 21 13 47 18 65 38 13 28 34 28 48 27 69 49 13 26 64 43 22 32 43 79 0 24 32 12 21 18 67 47 16 34 36 7 77 67 36 24 69 63 70 63 16 67 81 31 34 67 75 46 23 31 15 73 76 
40 78 80 93 34 66 77 27 12 8 91 73 63 23 22 77 70 70 16 67 77 38 18 5 58 75 82 93 92 72 76 15 55 76 74 5 37 64 10 71 62 14 10 58 26 48 11 77 73 32 18 88 64 41 27 58 97 24 0 54 25 39 42 80 67 14 49 51 18 93 73 57 10 84 67 83 69 23 90 99 46 58 85 93 61 1 43 11 91 94 
39 47 32 41 30 22 26 28 43 47 40 35 54 31 33 52 19 32 43 57 30 25 36 59 61 67 32 39 42 38 31 51 1 36 64 49 21 24 50 56 20 45 54 16 47 53 53 55 27 22 50 34 38 15 52 26 49 32 54 0 29 35 15 48 17 41 21 21 37 52 57 5 56 47 58 51 54 45 36 51 21 26 37 45 25 54 25 47 43 46 
35 54 55 68 12 45 55 9 15 20 66 48 47 2 10 56 48 52 20 51 52 14 7 30 46 60 61 68 67 47 55 28 30 57 58 20 18 39 24 53 41 22 25 37 20 36 24 57 52 7 21 63 51 16 25 33 72 12 25 29 0 32 21 56 42 12 24 26 10 68 55 32 30 59 51 59 51 28 65 74 21 40 60 68 36 25 19 21 66 69 
4 80 67 75 43 32 49 23 31 32 74 69 78 32 24 83 42 31 24 81 65 43 31 42 78 91 49 68 77 72 40 28 36 37 88 38 17 58 30 82 28 25 46 27 49 68 46 84 38 30 46 60 25 35 53 58 84 21 39 35 32 0 21 82 52 36 49 50 27 87 84 40 35 81 82 85 80 18 65 86 46 21 72 80 58 38 47 28 78 81 
25 59 47 56 28 24 35 16 31 34 55 48 60 23 21 62 28 31 29 63 45 26 27 46 64 73 40 53 57 51 34 37 16 36 70 39 6 37 36 63 20 31 46 16 41 54 45 64 31 15 42 46 31 15 46 37 64 18 42 15 21 21 0 61 32 33 29 29 25 66 64 20 42 60 64 64 61 30 50 66 26 20 52 60 37 41 28 33 58 61 
86 2 30 44 46 68 60 63 71 76 43 16 29 58 66 11 58 79 76 28 27 42 63 85 42 35 70 53 37 10 74 84 47 81 31 75 65 24 80 23 67 78 73 63 57 43 72 15 70 54 65 59 85 47 60 24 37 67 80 48 56 82 61 0 36 66 33 32 66 22 21 43 86 12 30 3 22 83 52 35 36 73 31 32 24 80 37 77 34 33 
56 35 15 26 38 33 24 43 56 60 24 20 51 44 48 43 22 44 58 52 13 33 49 72 61 62 34 27 25 26 38 66 16 45 58 62 38 12 64 50 33 60 67 30 55 55 66 46 34 35 60 28 52 26 60 20 32 47 67 17 42 52 32 36 0 54 23 21 50 35 49 12 70 31 54 39 48 62 25 34 25 41 20 28 17 67 29 61 26 29 
39 64 67 80 20 57 67 17 7 11 78 59 51 10 13 63 60 62 16 55 63 24 6 19 46 63 73 80 79 58 67 23 42 68 62 9 28 50 18 58 53 17 13 49 15 36 12 63 64 19 10 75 59 28 18 44 84 16 14 41 12 36 33 66 54 0 35 37 9 79 60 44 22 70 55 69 56 25 77 86 32 50 72 80 47 14 29 15 78 81 
53 31 32 47 16 43 44 30 39 44 45 24 33 26 34 34 38 53 44 36 28 11 31 54 40 46 51 50 44 23 52 52 21 57 43 44 32 15 48 35 41 46 46 37 32 33 45 36 48 21 38 50 58 14 37 9 49 34 49 21 24 49 29 33 23 35 0 2 34 44 36 19 54 35 37 36 33 50 48 51 3 46 37 45 12 49 6 45 43 46 
54 30 30 45 18 43 43 32 41 46 43 23 34 28 36 33 37 53 46 36 26 13 33 56 42 46 50 48 42 22 51 54 20 57 43 46 33 13 50 35 41 48 48 37 34 34 47 36 47 23 40 48 58 15 39 8 47 36 51 21 26 50 29 32 21 37 2 0 36 43 36 18 56 34 38 35 33 52 46 49 5 46 35 43 10 51 8 47 41 44 
30 64 64 76 22 49 60 9 6 10 74 58 56 9 4 66 53 53 10 60 60 24 5 22 53 68 65 75 75 57 59 18 37 59 67 14 20 49 14 63 45 12 21 41 23 43 20 67 56 15 19 71 50 24 27 43 81 7 18 37 10 27 25 66 50 9 34 36 0 78 65 40 20 69 60 69 61 18 72 83 31 41 69 77 46 17 29 11 75 78 
91 24 21 28 60 67 53 73 83 88 27 20 51 70 77 33 54 78 88 50 22 55 75 98 64 57 62 37 20 22 70 96 51 77 53 88 72 30 92 45 68 90 90 65 75 64 89 37 66 64 82 48 87 55 78 35 17 77 93 52 68 87 66 22 35 79 44 43 78 0 43 47 98 10 52 23 44 93 39 13 47 76 18 13 33 93 50 89 17 13 
87 19 47 63 43 79 73 63 67 71 62 33 11 56 65 10 71 89 75 7 44 41 60 78 22 14 83 70 57 26 86 83 56 93 10 68 67 37 78 2 77 77 63 73 47 28 62 6 82 54 55 76 94 49 48 31 58 67 73 57 55 84 64 21 49 60 36 36 65 43 0 54 82 33 9 20 4 83 69 56 38 82 50 53 33 73 37 75 54 54 
44 42 27 37 31 25 25 32 46 50 36 30 52 34 37 49 19 36 47 54 25 26 39 62 59 64 32 36 37 33 33 55 4 39 61 52 26 19 54 53 24 49 57 20 48 52 56 52 29 25 51 33 42 16 53 23 44 36 57 5 32 40 20 43 12 44 19 18 40 47 54 0 60 42 56 46 51 50 33 46 20 30 32 40 21 57 24 51 38 41 
35 84 84 96 41 64 77 28 16 11 94 78 73 29 23 85 70 66 13 77 80 44 24 8 68 85 80 94 95 77 73 7 56 72 84 15 36 69 6 80 60 11 20 56 36 58 21 85 71 35 28 88 60 44 37 63 101 24 10 56 30 35 42 86 70 22 54 56 20 98 82 60 0 89 77 89 78 17 91 103 51 54 89 97 66 10 49 9 95 98 
85 14 20 33 51 64 52 65 74 79 32 12 41 61 69 23 52 75 79 40 19 46 66 89 54 47 62 42 25 12 68 87 46 75 43 79 65 23 83 35 64 81 80 61 65 54 79 27 64 56 72 50 83 48 68 26 25 69 84 47 59 81 60 12 31 70 35 34 69 10 33 42 89 0 42 13 34 85 42 23 38 72 20 20 24 84 41 80 22 21 
85 28 54 71 39 80 78 59 62 66 69 40 4 51 60 19 75 90 70 2 51 39 55 72 14 9 88 77 65 33 89 78 58 94 7 62 65 42 73 7 78 72 57 74 41 20 56 15 85 52 49 82 95 49 41 34 67 63 67 58 51 82 64 30 54 55 37 38 60 52 9 56 77 42 0 29 8 78 76 65 38 83 58 62 38 67 36 70 63 63 
89 5 32 46 49 71 63 66 74 79 45 19 30 61 69 10 61 82 79 27 30 45 66 88 42 34 73 55 38 13 77 87 50 84 30 78 68 27 83 22 70 81 76 66 60 45 75 14 73 57 68 62 88 50 62 27 38 70 83 51 59 85 64 3 39 69 36 35 69 23 20 46 89 13 29 0 22 86 55 36 39 76 33 33 27 83 40 80 35 34 
83 20 46 63 39 76 72 59 63 67 61 32 8 52 61 12 70 86 71 6 43 37 56 74 21 14 82 69 57 25 84 79 53 90 10 64 63 36 74 2 74 73 60 70 44 25 59 9 80 50 52 75 91 46 45 29 59 63 69 54 51 80 61 22 48 56 33 33 61 44 4 51 78 34 8 22 0 79 68 57 35 79 50 54 32 69 33 71 55 55 
18 81 77 86 40 48 64 20 18 17 85 74 74 27 18 84 57 49 9 78 74 42 23 24 71 86 65 83 87 73 57 10 46 55 85 23 24 63 13 81 44 9 31 42 40 61 31 85 55 29 35 75 43 38 43 59 94 16 23 45 28 18 30 83 62 25 50 52 18 93 83 50 17 85 78 86 79 0 80 96 47 38 82 90 62 22 47 12 88 91 
68 52 23 12 62 36 18 63 78 82 12 36 74 67 68 60 23 45 78 74 25 57 72 94 85 82 25 3 19 43 35 86 35 43 78 85 56 35 85 70 38 80 90 38 79 80 89 64 33 58 84 9 55 49 84 44 26 67 90 36 65 65 50 52 25 77 48 46 72 39 69 33 91 42 76 55 68 80 0 31 50 46 22 26 40 89 54 82 22 27 
90 37 19 19 67 64 48 77 89 93 19 28 64 76 81 46 51 75 92 63 23 62 81 104 77 70 56 28 13 33 66 100 50 74 66 94 72 36 97 58 65 94 97 62 83 75 96 50 63 68 89 40 84 59 88 43 5 81 99 51 74 86 66 35 34 86 51 49 83 13 56 46 103 23 65 36 57 96 31 0 54 73 14 6 40 99 57 94 10 5 
50 34 35 50 13 43 45 27 36 41 48 27 34 23 31 37 39 53 41 37 31 8 28 51 40 47 52 52 47 26 52 49 21 57 44 41 29 18 45 37 41 43 43 36 30 32 42 38 48 18 35 52 57 11 35 12 52 31 46 21 21 46 26 36 25 32 3 5 31 47 38 20 51 38 38 39 35 47 50 54 0 45 40 48 15 46 4 42 46 49 
23 72 55 56 48 12 30 33 47 50 56 60 79 42 37 78 23 12 42 82 54 45 44 61 83 92 29 49 61 63 19 48 27 18 89 55 22 49 49 81 8 44 62 11 60 73 61 81 18 35 60 41 12 34 65 52 69 34 58 26 40 21 20 73 41 50 46 46 41 76 82 30 54 72 83 76 79 38 46 73 45 0 59 67 51 57 47 47 63 68 
76 32 5 13 53 50 35 63 75 79 12 18 57 62 67 41 37 61 78 56 9 48 67 90 69 64 44 22 7 25 52 86 36 60 60 80 58 22 83 52 51 80 83 48 69 65 82 45 49 54 75 31 70 45 74 30 12 67 85 37 60 72 52 31 20 72 37 35 69 18 50 32 89 20 58 33 50 82 22 14 40 59 0 8 26 85 43 80 6 9 
84 34 13 15 61 58 42 71 83 87 14 23 61 70 75 43 45 69 86 60 17 56 75 98 73 67 50 24 7 29 60 94 44 68 63 88 66 30 91 55 59 88 91 56 77 71 90 47 57 62 83 35 78 53 82 37 5 75 93 45 68 80 60 32 28 80 45 43 77 13 53 40 97 20 62 33 54 90 26 6 48 67 8 0 34 93 51 88 4 1 
62 22 21 38 28 46 41 42 51 56 36 13 35 38 46 28 38 57 56 36 17 23 43 66 45 46 51 42 33 14 53 64 24 60 42 56 41 5 60 34 45 58 58 41 44 40 57 31 49 33 50 44 63 24 48 4 38 46 61 25 36 58 37 24 17 47 12 10 46 33 33 21 66 24 38 27 32 62 40 40 15 51 26 34 0 61 18 57 32 35 
39 78 80 93 34 65 76 26 11 7 91 73 63 23 21 77 69 69 15 67 77 38 18 6 58 75 81 92 92 72 75 14 54 75 74 5 36 64 10 71 61 13 11 57 26 48 11 77 72 32 18 87 63 41 27 58 97 23 1 54 25 38 41 80 67 14 49 51 17 93 73 57 10 84 67 83 69 22 89 99 46 57 85 93 61 0 43 10 91 94 
51 35 38 53 10 47 49 27 34 39 51 30 32 21 29 37 43 56 39 35 34 5 26 48 37 45 56 56 50 29 56 47 24 60 42 38 30 21 43 35 44 41 40 39 26 28 39 38 52 18 32 56 59 13 31 15 55 31 43 25 19 47 28 37 29 29 6 8 29 50 37 24 49 41 36 40 33 47 54 57 4 47 43 51 18 43 0 40 49 52 
29 75 75 87 32 55 68 19 8 5 85 69 66 20 14 76 61 59 5 70 71 35 15 14 61 78 72 85 86 68 65 8 47 65 77 11 27 60 3 73 51 3 19 48 30 51 19 77 62 26 23 79 53 35 32 54 92 15 11 47 21 28 33 77 61 15 45 47 11 89 75 51 9 80 70 80 71 12 82 94 42 47 80 88 57 10 40 0 86 89 
82 35 11 11 59 54 38 69 81 85 10 23 62 68 73 44 41 65 84 61 15 54 73 96 74 68 46 20 3 30 56 92 42 64 64 86 64 28 89 56 55 86 89 53 75 71 88 48 53 60 81 31 74 51 80 36 6 73 91 43 66 78 58 34 26 78 43 41 75 17 54 38 95 22 63 35 55 88 22 10 46 63 6 4 32 91 49 86 0 5 
85 35 14 16 62 59 43 72 84 88 15 24 62 71 76 44 46 70 87 61 18 57 76 99 74 68 51 25 8 30 61 95 45 69 64 89 67 31 92 56 60 89 92 57 78 72 91 48 58 63 84 36 79 54 83 38 4 76 94 46 69 81 61 33 29 81 46 44 78 13 54 41 98 21 63 34 55 91 27 5 49 68 9 1 35 94 52 89 5 0 
5
81
40
65
43
17
63
17
24
16
95
56
76
32
73
78
5
20
22
63
29
35
10
92
73
44
98
95
26
46
38
77
87
57
37
12
70
61
32
42
90
55
51
25
81
43
36
50
4
8
9
34
73
21
59
67
59
36
73
13
96
68
54
29
82
92
45
82
72
52
12
87
90
15
13
86
71
69
100
37
35
64
55
22
34
32
6
78
42
