65
0 60 37 81 130 66 79 106 114 69 37 55 36 32 51 67 52 39 40 74 83 61 133 86 18 30 74 80 54 63 88 57 63 133 51 15 43 71 19 67 50 49 100 50 41 90 68 61 23 41 58 104 85 87 52 135 83 60 57 61 81 45 47 71 83 
60 0 51 48 97 80 93 130 138 87 47 79 35 56 74 91 51 63 39 99 59 83 107 119 42 63 97 84 78 77 64 24 87 105 75 75 57 38 52 81 74 109 76 64 74 104 72 85 37 65 91 128 100 111 19 120 97 91 56 60 105 44 78 81 107 
37 51 0 83 139 57 70 107 115 70 38 56 50 33 51 68 66 40 54 76 46 62 124 106 19 67 74 50 55 54 51 71 64 96 52 52 6 67 56 58 51 86 63 41 61 81 59 62 14 42 88 105 93 88 66 141 74 68 71 68 82 59 55 72 84 
81 48 83 0 104 68 81 141 170 39 57 53 45 82 85 102 61 75 49 102 69 89 117 129 74 73 102 36 54 29 74 24 106 119 79 96 89 48 62 113 78 130 84 84 84 92 24 89 69 67 74 104 110 123 29 130 113 94 57 70 117 54 81 91 103 
130 97 139 104 0 124 137 154 83 95 106 109 94 133 140 115 110 131 98 158 118 145 151 178 125 122 158 92 110 85 123 83 111 168 135 145 145 97 111 169 134 179 135 140 133 148 80 145 125 123 130 160 159 172 78 179 162 149 113 119 173 103 136 140 133 
66 80 57 68 124 0 13 92 144 29 67 15 79 42 75 53 82 35 83 92 34 77 67 98 48 88 90 56 14 49 39 79 57 84 67 81 63 55 85 87 68 114 51 16 77 24 44 65 43 27 94 64 98 117 74 134 103 84 77 83 77 83 71 101 35 
79 93 70 81 137 13 0 79 157 42 80 28 92 55 65 40 79 48 96 105 47 64 80 111 61 78 77 69 27 62 52 92 44 97 54 94 76 68 89 93 55 127 64 29 67 37 57 66 56 40 107 77 99 128 87 121 109 74 84 70 90 96 61 114 22 
106 130 107 141 154 92 79 0 176 102 107 103 105 88 64 39 100 81 109 108 87 65 159 97 88 77 98 118 102 122 92 126 43 133 75 96 113 107 88 90 76 125 70 108 66 116 117 87 93 89 127 152 98 49 121 120 74 73 105 91 112 114 60 131 57 
114 138 115 170 83 144 157 176 0 147 115 133 127 110 120 137 143 117 131 163 161 139 211 153 96 102 152 158 132 141 166 148 141 211 129 129 121 151 113 145 128 163 178 128 110 168 146 139 101 119 152 182 154 165 143 218 161 129 148 145 159 136 116 149 146 
69 87 70 39 95 29 42 102 147 0 70 14 63 43 46 63 53 36 67 63 63 80 96 93 51 59 93 27 15 20 68 63 67 113 70 84 76 67 70 81 69 118 80 45 48 53 15 66 56 28 65 65 80 109 68 126 97 55 48 62 78 54 42 104 64 
37 47 38 57 106 67 80 107 115 70 0 56 12 33 61 68 28 40 16 86 68 62 116 96 19 40 73 72 55 64 73 33 64 118 52 52 44 47 29 68 51 86 85 51 51 91 60 62 24 42 68 105 77 88 28 111 84 70 33 37 82 21 57 34 84 
55 79 56 53 109 15 28 103 133 14 56 0 68 29 60 64 67 22 72 77 49 74 82 107 37 73 87 41 1 34 54 77 60 99 64 70 62 53 74 86 63 104 66 31 62 39 29 52 42 14 79 51 83 106 72 135 102 69 62 76 64 68 56 90 50 
36 35 50 45 94 79 92 105 127 63 12 68 0 45 49 66 16 52 4 75 56 51 104 84 31 28 64 60 67 53 61 21 70 106 41 51 56 35 17 80 42 85 73 63 39 103 48 53 36 54 56 117 65 78 16 99 96 58 21 25 94 9 45 46 73 
32 56 33 82 133 42 55 88 110 43 33 29 45 0 56 49 61 7 49 81 76 57 107 111 14 62 70 70 28 59 81 60 45 126 47 47 39 74 51 63 46 81 93 46 66 64 58 53 19 15 90 78 98 83 55 122 79 73 66 63 49 54 60 67 67 
51 74 51 85 140 75 65 64 120 46 61 60 49 56 0 25 65 63 53 99 72 85 105 55 42 21 97 73 61 66 77 70 29 122 75 66 57 51 32 81 74 94 89 64 10 62 61 85 37 65 71 103 42 71 65 106 97 17 70 74 105 58 4 95 43 
67 91 68 102 115 53 40 39 137 63 68 64 66 49 25 0 75 42 70 107 87 60 120 72 49 38 73 90 63 83 92 87 4 137 50 57 74 68 49 89 51 111 104 69 27 77 78 62 54 50 88 113 59 88 82 81 105 34 80 66 84 75 21 92 18 
52 51 66 61 110 82 79 100 143 53 28 67 16 61 65 75 0 68 20 59 72 35 120 100 47 44 48 50 68 43 77 37 79 122 25 67 72 51 33 64 26 101 89 79 55 106 38 37 52 70 72 118 49 94 32 83 80 74 5 9 94 25 61 62 57 
39 63 40 75 131 35 48 81 117 36 40 22 52 7 63 42 68 0 56 77 69 64 100 114 21 69 77 63 21 56 74 67 38 119 54 54 46 73 58 70 53 88 86 51 69 57 51 46 26 8 97 71 101 90 62 115 86 76 73 70 42 61 63 74 60 
40 39 54 49 98 83 96 109 131 67 16 72 4 49 53 70 20 56 0 79 60 55 108 88 35 32 68 64 71 57 65 25 74 110 45 55 60 39 21 84 46 89 77 67 43 107 52 57 40 58 60 121 69 82 20 103 100 62 25 29 98 13 49 50 77 
74 99 76 102 158 92 105 108 163 63 86 77 75 81 99 107 59 77 79 0 120 67 159 153 67 103 34 90 78 83 118 96 111 74 57 59 82 99 92 18 58 123 137 89 108 116 78 69 62 85 128 128 90 136 91 108 34 116 64 50 35 84 103 120 89 
83 59 46 69 118 34 47 87 161 63 68 49 56 76 72 87 72 69 60 120 0 99 101 69 65 73 112 90 48 83 5 45 91 50 89 73 40 21 73 102 89 132 17 50 62 58 78 99 60 61 112 97 106 117 40 103 86 81 77 73 111 65 68 102 69 
61 83 62 89 145 77 64 65 139 80 62 74 51 57 85 60 35 64 55 67 99 0 144 95 43 79 33 53 73 70 94 72 64 115 10 76 60 86 68 49 11 110 103 75 87 101 65 22 48 60 91 106 66 112 67 118 65 94 40 26 102 60 81 96 42 
133 107 124 117 151 67 80 159 211 96 116 82 104 107 105 120 120 100 108 159 101 144 0 160 115 126 157 123 81 116 106 93 124 131 134 148 130 107 121 154 135 181 118 83 115 43 111 130 110 92 160 131 147 176 88 189 170 122 125 129 142 113 109 92 102 
86 119 106 129 178 98 111 97 153 93 96 107 84 111 55 72 100 114 88 153 69 95 160 0 97 56 128 120 108 113 74 105 76 119 105 99 109 86 67 136 106 129 86 82 45 117 108 117 92 118 106 138 89 48 100 153 151 64 105 109 156 93 51 130 90 
18 42 19 74 125 48 61 88 96 51 19 37 31 14 42 49 47 21 35 67 65 43 115 97 0 48 56 62 36 45 70 52 45 115 33 33 25 66 37 49 32 67 82 32 52 72 50 43 5 23 76 86 84 69 47 122 65 59 52 49 63 40 46 53 65 
30 63 67 73 122 88 78 77 102 59 40 73 28 62 21 38 44 69 32 103 73 79 126 56 48 0 92 86 74 79 78 49 42 123 69 45 69 52 11 97 70 79 90 80 11 83 74 81 53 71 50 104 55 84 44 119 113 30 49 53 111 37 17 74 56 
74 97 74 102 158 90 77 98 152 93 73 87 64 70 97 73 48 77 68 34 112 33 157 128 56 92 0 66 86 83 107 85 77 108 23 89 73 97 81 16 24 123 116 87 100 114 78 35 60 73 104 119 79 125 80 131 32 107 53 39 69 73 94 107 55 
80 84 50 36 92 56 69 118 158 27 72 41 60 70 73 90 50 63 64 90 90 53 123 120 62 86 66 0 42 17 95 60 94 140 43 95 56 84 77 82 42 129 107 72 75 80 12 53 57 55 38 92 99 120 65 123 98 82 45 59 105 51 69 106 75 
54 78 55 54 110 14 27 102 132 15 55 1 67 28 61 63 68 21 71 78 48 73 81 108 36 74 86 42 0 35 53 76 59 98 63 69 61 52 73 85 62 103 65 30 63 38 30 51 41 13 80 50 84 105 71 134 101 70 63 77 63 69 57 89 49 
63 77 54 29 85 49 62 122 141 20 64 34 53 59 66 83 43 56 57 83 83 70 116 113 45 79 83 17 35 0 88 53 87 133 60 78 60 77 70 84 59 112 100 65 68 73 5 70 40 48 55 85 92 113 58 116 100 75 38 52 98 44 62 98 84 
88 64 51 74 123 39 52 92 166 68 73 54 61 81 77 92 77 74 65 118 5 94 106 74 70 78 107 95 53 88 0 50 96 55 84 78 45 26 78 107 85 137 22 55 67 63 83 96 65 66 117 92 108 122 45 108 91 86 82 68 116 70 73 107 74 
57 24 71 24 83 79 92 126 148 63 33 77 21 60 70 87 37 67 25 96 45 72 93 105 52 49 85 60 76 53 50 0 91 95 62 72 77 24 38 101 63 106 62 84 60 103 48 74 57 75 77 126 86 99 5 106 89 79 37 46 109 30 66 67 94 
63 87 64 106 111 57 44 43 141 67 64 60 70 45 29 4 79 38 74 111 91 64 124 76 45 42 77 94 59 87 96 91 0 141 54 53 70 72 53 93 55 112 108 73 31 81 82 66 50 46 92 109 63 92 86 77 109 38 84 70 80 79 25 88 22 
133 105 96 119 168 84 97 133 211 113 118 99 106 126 122 137 122 119 110 74 50 115 131 119 115 123 108 140 98 133 55 95 141 0 105 123 90 71 123 92 106 182 67 100 112 88 128 117 110 111 162 147 156 84 90 153 108 131 127 121 109 115 118 152 119 
51 75 52 79 135 67 54 75 129 70 52 64 41 47 75 50 25 54 45 57 89 10 134 105 33 69 23 43 63 60 84 62 54 105 0 66 50 76 58 39 1 100 93 65 77 91 55 12 38 50 81 96 56 102 57 108 55 84 30 16 92 50 71 86 32 
15 75 52 96 145 81 94 96 129 84 52 70 51 47 66 57 67 54 55 59 73 76 148 99 33 45 89 95 69 78 78 72 53 123 66 0 58 86 34 77 65 64 90 65 56 105 83 76 38 56 73 119 100 102 67 130 93 75 72 76 94 60 62 86 75 
43 57 6 89 145 63 76 113 121 76 44 62 56 39 57 74 72 46 60 82 40 60 130 109 25 69 73 56 61 60 45 77 70 90 50 58 0 61 62 64 49 92 57 47 67 87 65 60 20 48 94 111 99 94 72 143 80 74 77 66 88 65 61 78 82 
71 38 67 48 97 55 68 107 151 67 47 53 35 74 51 68 51 73 39 99 21 86 107 86 66 52 97 84 52 77 26 24 72 71 76 86 61 0 52 81 77 120 38 71 41 79 72 88 71 65 91 102 85 113 19 82 65 60 56 60 115 44 47 81 86 
19 52 56 62 111 85 89 88 113 70 29 74 17 51 32 49 33 58 21 92 73 68 121 67 37 11 81 77 73 70 78 38 53 123 58 34 62 52 0 86 59 68 90 69 22 94 65 70 42 60 39 115 66 95 33 116 102 41 38 42 100 26 28 63 67 
67 81 58 113 169 87 93 90 145 81 68 86 80 63 81 89 64 70 84 18 102 49 154 136 49 97 16 82 85 84 107 101 93 92 39 77 64 81 86 0 40 116 119 71 91 111 89 51 44 72 120 135 95 118 96 126 16 98 69 55 53 89 85 102 71 
50 74 51 78 134 68 55 76 128 69 51 63 42 46 74 51 26 53 46 58 89 11 135 106 32 70 24 42 62 59 85 63 55 106 1 65 49 77 59 40 0 99 92 64 78 92 54 11 37 49 80 95 57 101 58 109 56 85 31 17 93 51 72 85 33 
49 109 86 130 179 114 127 125 163 118 86 104 85 81 94 111 101 88 89 123 132 110 181 129 67 79 123 129 103 112 137 106 112 182 100 64 92 120 68 116 99 0 149 98 84 138 117 110 72 90 107 153 128 136 101 184 132 103 106 110 130 94 90 120 129 
100 76 63 84 135 51 64 70 178 80 85 66 73 93 89 104 89 86 77 137 17 103 118 86 82 90 116 107 65 100 22 62 108 67 93 90 57 38 90 119 92 149 0 67 79 75 95 103 77 78 129 114 123 119 57 120 103 88 94 90 128 82 85 119 86 
50 64 41 84 140 16 29 108 128 45 51 31 63 46 64 69 79 51 67 89 50 75 83 82 32 80 87 72 30 65 55 84 73 100 65 65 47 71 69 71 64 98 67 0 74 40 60 59 27 43 108 80 106 101 79 150 87 81 84 81 93 72 68 85 51 
41 74 61 84 133 77 67 66 110 48 51 62 39 66 10 27 55 69 43 108 62 87 115 45 52 11 100 75 63 68 67 60 31 112 77 56 67 41 22 91 78 84 79 74 0 72 63 89 47 75 61 93 44 73 55 108 106 19 60 64 111 48 6 85 45 
90 104 81 92 148 24 37 116 168 53 91 39 103 64 62 77 106 57 107 116 58 101 43 117 72 83 114 80 38 73 63 103 81 88 91 105 87 79 94 111 92 138 75 40 72 0 68 87 67 49 118 88 104 133 98 158 127 79 101 107 99 107 66 125 59 
68 72 59 24 80 44 57 117 146 15 60 29 48 58 61 78 38 51 52 78 78 65 111 108 50 74 78 12 30 5 83 48 82 128 55 83 65 72 65 89 54 117 95 60 63 68 0 65 45 43 50 80 87 108 53 111 105 70 33 47 93 39 57 94 79 
61 85 62 89 145 65 66 87 139 66 62 52 53 53 85 62 37 46 57 69 99 22 130 117 43 81 35 53 51 70 96 74 66 117 12 76 60 88 70 51 11 110 103 59 89 87 65 0 48 38 91 84 68 112 69 120 67 96 42 28 88 62 83 96 44 
23 37 14 69 125 43 56 93 101 56 24 42 36 19 37 54 52 26 40 62 60 48 110 92 5 53 60 57 41 40 65 57 50 110 38 38 20 71 42 44 37 72 77 27 47 67 45 48 0 28 81 91 79 74 52 127 60 54 57 54 68 45 41 58 70 
41 65 42 67 123 27 40 89 119 28 42 14 54 15 65 50 70 8 58 85 61 60 92 118 23 71 73 55 13 48 66 75 46 111 50 56 48 65 60 72 49 90 78 43 75 49 43 38 28 0 93 63 97 92 70 123 88 82 75 66 50 63 69 76 62 
58 91 88 74 130 94 107 127 152 65 68 79 56 90 71 88 72 97 60 128 112 91 160 106 76 50 104 38 80 55 117 77 92 162 81 73 94 91 39 120 80 107 129 108 61 118 50 91 81 93 0 130 105 126 72 155 136 80 77 81 103 57 67 102 106 
104 128 105 104 160 64 77 152 182 65 105 51 117 78 103 113 118 71 121 128 97 106 131 138 86 104 119 92 50 85 92 126 109 147 96 119 111 102 115 135 95 153 114 80 93 88 80 84 91 63 130 0 134 155 121 184 151 112 113 112 113 119 99 139 99 
85 100 93 110 159 98 99 98 154 80 77 83 65 98 42 59 49 101 69 90 106 66 147 89 84 55 79 99 84 92 108 86 63 156 56 100 99 85 66 95 57 128 123 106 44 104 87 68 79 97 105 134 0 105 81 132 111 51 54 40 125 74 38 111 77 
87 111 88 123 172 117 128 49 165 109 88 106 78 83 71 88 94 90 82 136 117 112 176 48 69 84 125 120 105 113 122 99 92 84 102 102 94 113 95 118 101 136 119 101 73 133 108 112 74 92 126 155 105 0 94 169 123 80 99 103 132 69 67 116 106 
52 19 66 29 78 74 87 121 143 68 28 72 16 55 65 82 32 62 20 91 40 67 88 100 47 44 80 65 71 58 45 5 86 90 57 67 72 19 33 96 58 101 57 79 55 98 53 69 52 70 72 121 81 94 0 101 84 74 37 41 104 25 61 62 89 
135 120 141 130 179 134 121 120 218 126 111 135 99 122 106 81 83 115 103 108 103 118 189 153 122 119 131 123 134 116 108 106 77 153 108 130 143 82 116 126 109 184 120 150 108 158 111 120 127 123 155 184 132 169 101 0 142 115 78 92 93 108 102 145 99 
83 97 74 113 162 103 109 74 161 97 84 102 96 79 97 105 80 86 100 34 86 65 170 151 65 113 32 98 101 100 91 89 109 108 55 93 80 65 102 16 56 132 103 87 106 127 105 67 60 88 136 151 111 123 84 142 0 114 85 71 69 105 101 118 87 
60 91 68 94 149 84 74 73 129 55 70 69 58 73 17 34 74 76 62 116 81 94 122 64 59 30 107 82 70 75 86 79 38 131 84 75 74 60 41 98 85 103 88 81 19 79 70 96 54 82 80 112 51 80 74 115 114 0 79 83 118 67 13 104 52 
57 56 71 57 113 77 84 105 148 48 33 62 21 66 70 80 5 73 25 64 77 40 125 105 52 49 53 45 63 38 82 37 84 127 30 72 77 56 38 69 31 106 94 84 60 101 33 42 57 75 77 113 54 99 37 78 85 79 0 14 99 30 66 67 62 
61 60 68 70 119 83 70 91 145 62 37 76 25 63 74 66 9 70 29 50 73 26 129 109 49 53 39 59 77 52 68 46 70 121 16 76 66 60 42 55 17 110 90 81 64 107 47 28 54 66 81 112 40 103 41 92 71 83 14 0 85 34 70 71 48 
81 105 82 117 173 77 90 112 159 78 82 64 94 49 105 84 94 42 98 35 111 102 142 156 63 111 69 105 63 98 116 109 80 109 92 94 88 115 100 53 93 130 128 93 111 99 93 88 68 50 103 113 125 132 104 93 69 118 99 85 0 103 105 116 102 
45 44 59 54 103 83 96 114 136 54 21 68 9 54 58 75 25 61 13 84 65 60 113 93 40 37 73 51 69 44 70 30 79 115 50 60 65 44 26 89 51 94 82 72 48 107 39 62 45 63 57 119 74 69 25 108 105 67 30 34 103 0 54 55 82 
47 78 55 81 136 71 61 60 116 42 57 56 45 60 4 21 61 63 49 103 68 81 109 51 46 17 94 69 57 62 73 66 25 118 71 62 61 47 28 85 72 90 85 68 6 66 57 83 41 69 67 99 38 67 61 102 101 13 66 70 105 54 0 91 39 
71 81 72 91 140 101 114 131 149 104 34 90 46 67 95 92 62 74 50 120 102 96 92 130 53 74 107 106 89 98 107 67 88 152 86 86 78 81 63 102 85 120 119 85 85 125 94 96 58 76 102 139 111 116 62 145 118 104 67 71 116 55 91 0 110 
83 107 84 103 133 35 22 57 146 64 84 50 73 67 43 18 57 60 77 89 69 42 102 90 65 56 55 75 49 84 74 94 22 119 32 75 82 86 67 71 33 129 86 51 45 59 79 44 70 62 106 99 77 106 89 99 87 52 62 48 102 82 39 110 0 
41
12
56
19
51
36
13
97
46
22
15
8
24
72
70
44
33
83
60
12
65
39
11
14
38
2
13
7
3
75
8
83
52
95
85
36
8
26
74
48
93
79
40
24
23
97
6
77
65
33
9
76
83
41
12
94
4
54
32
72
45
92
66
29
