50
0 100 33 163 165 95 93 131 106 128 151 164 99 92 99 139 166 68 157 158 156 70 121 62 124 118 109 182 123 81 165 168 153 79 231 110 131 92 159 110 96 124 168 82 143 160 122 129 147 2 
100 0 67 83 105 5 126 31 111 137 64 77 74 67 118 148 86 138 57 75 147 103 112 147 65 18 109 134 92 92 136 150 147 54 171 10 88 125 114 10 148 145 123 161 53 165 139 132 124 98 
33 67 0 140 172 62 122 98 139 161 131 138 128 102 132 172 143 97 124 142 177 88 154 95 132 85 138 149 156 77 193 197 120 108 238 77 145 125 170 77 125 153 161 111 110 193 155 162 176 31 
163 83 140 0 80 78 137 101 89 59 68 58 104 71 82 70 3 112 140 121 153 107 127 119 39 101 88 108 40 96 113 151 138 84 146 93 159 89 88 93 92 137 97 109 30 143 119 126 41 161 
165 105 172 80 0 110 139 74 117 139 41 54 106 73 124 150 83 114 142 94 170 109 131 147 41 104 155 110 69 98 98 103 140 86 66 96 132 117 90 95 172 57 99 111 82 141 136 143 121 163 
95 5 62 78 110 0 131 36 116 132 69 76 79 72 123 143 81 133 62 80 152 108 117 152 70 23 104 133 97 97 131 155 152 59 176 15 93 130 119 15 153 140 128 166 48 170 144 137 119 93 
93 126 122 137 139 131 0 120 141 123 129 138 130 97 148 134 140 25 163 76 219 61 105 155 98 144 66 167 136 72 193 182 148 110 204 136 38 155 119 116 119 182 128 156 110 184 185 192 113 91 
131 31 98 101 74 36 120 0 142 160 33 46 105 98 149 171 104 138 68 44 158 134 81 140 96 49 97 159 61 123 157 150 116 85 140 41 82 150 87 21 179 131 96 130 74 156 128 135 142 129 
106 111 139 89 117 116 141 142 0 50 139 147 77 44 7 61 86 149 168 140 78 80 103 44 76 109 140 109 129 69 97 106 175 57 183 101 127 14 125 121 151 118 134 64 119 54 44 51 118 108 
128 137 161 59 139 132 123 160 50 0 127 117 127 94 43 11 62 148 194 162 100 130 125 66 98 155 147 145 99 119 147 142 197 107 205 147 161 36 147 147 151 168 156 114 89 104 66 73 100 130 
151 64 131 68 41 69 129 33 139 127 0 13 138 114 132 138 71 126 101 53 129 103 90 149 82 82 129 126 28 114 124 144 125 118 107 74 91 125 96 54 160 98 105 97 41 167 95 102 109 153 
164 77 138 58 54 76 138 46 147 117 13 0 151 127 140 128 61 113 102 66 142 108 103 162 95 95 142 113 41 119 111 157 138 131 120 87 104 138 109 67 150 111 118 110 28 154 108 115 99 166 
99 74 128 104 106 79 130 105 77 127 138 151 0 33 84 138 107 138 131 120 155 69 136 113 65 72 129 134 144 58 174 130 150 20 172 64 158 91 100 84 74 163 109 141 127 131 121 128 107 97 
92 67 102 71 73 72 97 98 44 94 114 127 33 0 51 105 74 105 124 124 122 36 105 88 32 65 96 101 111 25 141 97 131 13 139 57 135 58 81 77 107 130 90 108 101 98 88 95 74 90 
99 118 132 82 124 123 148 149 7 43 132 140 84 51 0 54 79 156 175 133 71 87 96 37 83 116 135 102 122 76 104 99 177 64 190 108 134 7 127 128 158 125 136 71 112 61 37 44 123 101 
139 148 172 70 150 143 134 171 61 11 138 128 138 105 54 0 73 159 205 173 111 141 136 77 109 166 158 156 110 130 158 153 208 118 216 158 172 47 158 158 162 179 167 125 100 115 77 84 111 141 
166 86 143 3 83 81 140 104 86 62 71 61 107 74 79 73 0 115 143 124 150 107 130 116 42 104 91 111 43 99 116 154 141 87 149 96 162 86 91 96 95 140 100 112 33 140 116 123 44 164 
68 138 97 112 114 133 25 138 149 148 126 113 138 105 156 159 115 0 188 101 224 86 80 130 73 136 41 142 152 97 168 178 147 118 180 128 63 160 115 141 139 171 106 131 85 159 190 197 88 66 
157 57 124 140 142 62 163 68 168 194 101 102 131 124 175 205 143 188 0 112 184 160 149 204 122 75 165 191 129 149 184 207 184 111 208 67 125 182 155 47 205 199 149 188 110 141 176 169 181 155 
158 75 142 121 94 80 76 44 140 162 53 66 120 124 133 173 124 101 112 0 167 106 37 96 92 93 76 117 81 117 147 106 72 123 160 85 38 126 43 65 174 106 52 150 94 190 133 126 123 160 
156 147 177 153 170 152 219 158 78 100 129 142 155 122 71 111 150 224 184 167 0 158 153 94 154 165 188 173 157 147 132 170 174 135 210 157 205 64 124 137 192 173 133 142 170 132 34 41 141 158 
70 103 88 107 109 108 61 134 80 130 103 108 69 36 87 141 107 86 160 106 158 0 69 124 68 101 108 137 75 11 162 133 167 49 175 93 99 94 117 113 143 166 126 144 136 134 124 131 110 68 
121 112 154 127 131 117 105 81 103 125 90 103 136 105 96 136 130 80 149 37 153 69 0 59 129 130 39 154 110 80 184 143 109 116 197 122 75 89 80 102 137 143 89 167 131 157 119 126 86 123 
62 147 95 119 147 152 155 140 44 66 149 162 113 88 37 77 116 130 204 96 94 124 59 0 120 145 98 139 159 113 141 136 168 93 213 137 134 30 139 157 158 162 148 108 149 98 60 67 145 64 
124 65 132 39 41 70 98 96 76 98 82 95 65 32 83 109 42 73 122 92 154 68 129 120 0 63 114 69 79 57 139 112 99 45 107 55 130 90 49 75 131 98 58 140 69 130 120 127 80 122 
118 18 85 101 104 23 144 49 109 155 82 95 72 65 116 166 104 136 75 93 165 101 130 145 63 0 127 132 96 90 154 162 147 52 170 8 106 123 112 28 146 161 106 165 71 163 153 150 139 116 
109 109 138 88 155 104 66 97 140 147 129 142 129 96 135 158 91 41 165 76 188 108 39 98 114 127 0 183 128 119 161 144 148 109 221 119 104 128 117 118 98 180 108 172 118 118 154 161 47 107 
182 134 149 108 110 133 167 159 109 145 126 113 134 101 102 156 111 142 191 117 173 137 154 139 69 132 183 0 148 126 167 137 124 114 176 124 155 109 74 144 200 137 83 173 85 163 139 146 149 180 
123 92 156 40 69 97 136 61 129 99 28 41 144 111 122 110 43 152 129 81 157 75 110 159 79 96 128 148 0 86 152 169 139 124 112 88 119 129 107 82 132 123 98 69 69 183 123 127 81 125 
81 92 77 96 98 97 72 123 69 119 114 119 58 25 76 130 99 97 149 117 147 11 80 113 57 90 119 126 86 0 166 122 156 38 164 82 110 83 106 102 132 155 115 133 126 123 113 120 99 79 
165 136 193 113 98 131 193 157 97 147 124 111 174 141 104 158 116 168 184 147 132 162 184 141 139 154 161 167 152 166 0 87 154 154 164 146 185 111 104 146 159 41 113 95 83 43 131 124 154 163 
168 150 197 151 103 155 182 150 106 142 144 157 130 97 99 153 154 178 207 106 170 133 143 136 112 162 144 137 169 122 87 0 113 110 169 154 144 106 63 160 72 46 72 100 170 91 136 143 123 166 
153 147 120 138 140 152 148 116 175 197 125 138 150 131 177 208 141 147 184 72 174 167 109 168 99 147 148 124 139 156 154 113 0 130 206 154 110 170 50 137 185 113 41 167 166 191 140 133 179 151 
79 54 108 84 86 59 110 85 57 107 118 131 20 13 64 118 87 118 111 123 135 49 116 93 45 52 109 114 124 38 154 110 130 0 152 44 142 71 80 64 94 143 89 121 107 111 101 108 87 77 
231 171 238 146 66 176 204 140 183 205 107 120 172 139 190 216 149 180 208 160 210 175 197 213 107 170 221 176 112 164 164 169 206 152 0 162 166 183 156 161 227 123 165 177 148 207 176 169 176 229 
110 10 77 93 96 15 136 41 101 147 74 87 64 57 108 158 96 128 67 85 157 93 122 137 55 8 119 124 88 82 146 154 154 44 162 0 98 115 104 20 138 153 113 157 63 155 145 142 131 108 
131 88 145 159 132 93 38 82 127 161 91 104 158 135 134 172 162 63 125 38 205 99 75 134 130 106 104 155 119 110 185 144 110 142 166 98 0 141 81 78 157 144 90 188 132 181 171 164 151 129 
92 125 125 89 117 130 155 150 14 36 125 138 91 58 7 47 86 160 182 126 64 94 89 30 90 123 128 109 129 83 111 106 170 71 183 115 141 0 120 135 165 132 129 78 119 68 30 37 130 94 
159 114 170 88 90 119 119 87 125 147 96 109 100 81 127 158 91 115 155 43 124 117 80 139 49 112 117 74 107 106 104 63 50 80 156 104 81 120 0 108 135 63 9 117 118 147 90 83 129 157 
110 10 77 93 95 15 116 21 121 147 54 67 84 77 128 158 96 141 47 65 137 113 102 157 75 28 118 144 82 102 146 160 137 64 161 20 78 135 108 0 158 152 117 151 63 175 129 122 134 108 
96 148 125 92 172 153 119 179 151 151 160 150 74 107 158 162 95 139 205 174 192 143 137 158 131 146 98 200 132 132 159 72 185 94 227 138 157 165 135 158 0 118 144 172 122 163 158 165 51 94 
124 145 153 137 57 140 182 131 118 168 98 111 163 130 125 179 140 171 199 106 173 166 143 162 98 161 180 137 123 155 41 46 113 143 123 153 144 132 63 152 118 0 72 54 124 84 153 146 169 122 
168 123 161 97 99 128 128 96 134 156 105 118 109 90 136 167 100 106 149 52 133 126 89 148 58 106 108 83 98 115 113 72 41 89 165 113 90 129 9 117 144 72 0 126 127 150 99 92 138 166 
82 161 111 109 111 166 156 130 64 114 97 110 141 108 71 125 112 131 188 150 142 144 167 108 140 165 172 173 69 133 95 100 167 121 177 157 188 78 117 151 172 54 126 0 138 118 108 115 150 80 
143 53 110 30 82 48 110 74 119 89 41 28 127 101 112 100 33 85 110 94 170 136 131 149 69 71 118 85 69 126 83 170 166 107 148 63 132 119 118 63 122 124 127 138 0 126 136 143 71 141 
160 165 193 143 141 170 184 156 54 104 167 154 131 98 61 115 140 159 141 190 132 134 157 98 130 163 118 163 183 123 43 91 191 111 207 155 181 68 147 175 163 84 150 118 126 0 98 105 165 162 
122 139 155 119 136 144 185 128 44 66 95 108 121 88 37 77 116 190 176 133 34 124 119 60 120 153 154 139 123 113 131 136 140 101 176 145 171 30 90 129 158 153 99 108 136 98 0 7 107 124 
129 132 162 126 143 137 192 135 51 73 102 115 128 95 44 84 123 197 169 126 41 131 126 67 127 150 161 146 127 120 124 143 133 108 169 142 164 37 83 122 165 146 92 115 143 105 7 0 114 131 
147 124 176 41 121 119 113 142 118 100 109 99 107 74 123 111 44 88 181 123 141 110 86 145 80 139 47 149 81 99 154 123 179 87 176 131 151 130 129 134 51 169 138 150 71 165 107 114 0 145 
2 98 31 161 163 93 91 129 108 130 153 166 97 90 101 141 164 66 155 160 158 68 123 64 122 116 107 180 125 79 163 166 151 77 229 108 129 94 157 108 94 122 166 80 141 162 124 131 145 0 
49
40
65
34
54
23
72
48
99
39
53
38
55
76
73
4
80
34
81
73
64
30
20
65
22
51
70
69
2
93
52
79
61
18
31
95
22
5
30
50
96
85
43
26
36
82
7
94
54
