70
0 77 98 91 83 106 49 47 77 37 90 63 91 85 21 60 66 62 35 93 88 69 16 70 35 80 95 44 75 85 123 67 52 87 83 97 92 50 27 68 82 108 61 38 80 72 85 83 7 51 92 65 81 114 14 71 74 46 67 75 76 79 13 91 13 74 42 33 47 59 
77 0 21 72 53 96 80 93 68 40 89 68 58 64 87 59 66 99 42 16 56 92 63 61 77 56 121 64 81 37 75 105 79 55 67 74 93 53 81 88 86 81 75 39 32 49 98 82 84 68 15 12 98 118 70 48 79 62 83 58 59 70 90 68 66 77 74 89 30 109 
98 21 0 51 44 87 65 87 57 61 110 47 49 55 79 41 48 89 63 7 57 95 84 40 68 47 113 56 72 16 54 94 58 58 81 65 94 63 73 79 78 72 66 60 23 29 82 64 93 50 6 33 114 110 91 30 69 54 71 52 80 55 99 59 87 68 73 80 51 95 
91 72 51 0 94 72 82 107 71 54 129 98 84 78 88 58 65 90 56 58 57 88 84 91 117 97 88 66 121 35 73 104 109 58 84 40 92 41 82 68 27 111 83 55 74 48 86 81 98 49 57 71 131 59 84 49 72 64 43 98 92 73 104 34 87 17 116 103 64 50 
83 53 44 94 0 66 46 43 33 60 109 65 62 59 74 36 29 54 62 39 47 83 69 72 81 3 90 62 99 60 66 70 76 46 46 97 89 73 68 76 77 28 98 59 55 48 55 59 88 45 38 54 100 107 69 47 34 60 66 8 54 35 94 91 72 77 105 77 68 100 
106 96 87 72 66 0 88 93 70 91 114 111 38 44 116 64 71 52 93 82 84 120 90 118 79 63 98 103 77 85 123 95 100 83 44 78 117 79 110 68 65 94 121 90 98 72 105 87 108 55 81 99 105 97 119 73 32 105 90 58 52 72 114 72 93 55 148 114 81 88 
49 80 65 82 46 88 0 57 64 48 119 52 88 82 28 24 17 71 50 69 52 80 65 59 84 49 100 16 63 49 87 83 63 51 68 88 77 61 22 93 75 74 96 47 85 36 65 47 42 33 68 68 110 95 63 35 56 18 39 54 76 66 48 82 62 65 91 82 56 54 
47 93 87 107 43 93 57 0 70 80 137 77 89 95 64 79 72 81 82 82 84 116 37 84 82 40 116 41 104 103 99 88 88 83 73 127 132 93 58 89 108 61 108 79 98 91 92 102 54 72 81 81 128 140 61 90 61 43 64 35 81 72 60 121 34 104 89 80 70 90 
77 68 57 71 33 70 64 70 0 74 96 86 32 26 92 40 47 81 76 64 14 50 84 93 93 30 90 79 71 41 79 37 94 13 73 64 93 65 86 62 44 61 72 75 48 52 55 63 84 49 63 56 100 76 63 51 61 81 70 35 81 2 90 70 87 54 118 44 74 67 
37 40 61 54 60 91 48 80 74 0 105 79 54 48 58 38 31 79 2 56 64 78 43 86 72 63 93 43 91 60 98 76 68 65 47 60 55 13 60 84 47 88 98 1 72 50 58 61 44 43 55 28 103 79 30 49 59 41 62 68 39 76 50 54 46 37 62 49 10 70 
90 89 110 129 109 114 119 137 96 105 0 76 83 77 111 95 102 135 107 105 110 109 106 83 125 106 89 112 93 120 158 72 87 109 132 101 106 99 117 113 122 137 151 104 121 107 54 76 97 104 104 77 9 139 104 106 127 114 125 111 124 94 103 95 103 112 116 123 95 145 
63 68 47 98 65 111 52 77 86 79 76 0 73 79 59 75 69 84 81 54 100 126 79 7 98 62 102 36 34 63 101 49 11 99 105 78 128 72 53 63 106 93 113 80 70 76 67 98 70 84 53 80 67 96 49 77 93 38 59 67 113 88 76 84 76 96 40 68 89 85 
91 58 49 84 62 38 88 89 32 54 83 73 0 6 112 64 71 52 56 44 46 82 82 80 79 59 91 97 39 57 95 57 62 45 82 44 108 67 110 30 76 90 103 55 60 70 75 78 98 67 43 70 92 101 84 71 70 95 94 54 90 34 104 50 85 67 113 76 64 93 
85 64 55 78 59 44 82 95 26 48 77 79 6 0 106 58 65 58 50 50 40 76 88 86 85 56 97 91 45 63 101 63 68 39 82 38 103 61 104 36 70 87 98 49 66 70 81 81 92 67 49 76 86 102 78 69 70 89 88 60 87 28 98 44 91 61 110 70 58 93 
21 87 79 88 74 116 28 64 92 58 111 59 112 106 0 52 45 70 56 86 80 90 37 66 56 77 116 23 86 77 115 88 70 79 90 94 105 71 6 89 61 102 68 59 76 64 93 75 14 61 85 75 102 93 35 63 84 25 46 82 97 94 20 88 34 71 63 54 68 38 
60 59 41 58 36 64 24 79 40 38 95 75 64 58 52 0 7 52 40 45 28 56 44 81 79 39 76 39 87 25 63 59 86 27 44 64 53 51 46 74 51 64 104 37 61 12 41 23 66 9 44 64 86 83 68 11 32 41 30 44 52 42 72 58 47 41 100 84 46 74 
66 66 48 65 29 71 17 72 47 31 102 69 71 65 45 7 0 59 33 52 35 63 51 76 86 32 83 33 80 32 70 66 80 34 51 71 60 44 39 81 58 57 111 30 68 19 48 30 59 16 51 57 93 78 61 18 39 35 37 37 59 49 65 65 54 48 93 80 39 71 
62 99 89 90 54 52 71 81 81 79 135 84 52 58 70 52 59 0 81 88 80 98 74 91 27 51 83 55 91 73 111 109 73 79 32 50 105 92 72 22 83 82 110 78 72 60 93 75 56 43 89 87 138 115 76 61 20 53 74 46 40 83 62 56 75 73 104 95 69 85 
35 42 63 56 62 93 50 82 76 2 107 81 56 50 56 40 33 81 0 58 66 76 45 88 70 65 95 45 93 62 100 78 70 67 49 62 57 15 62 86 49 90 96 3 74 52 60 63 42 45 57 30 105 81 32 51 61 43 64 70 41 78 48 56 48 39 64 51 12 72 
93 16 7 58 39 82 69 82 64 56 105 54 44 50 86 45 52 88 58 0 50 88 79 47 61 42 106 63 67 23 60 101 65 51 83 58 98 69 80 74 79 67 59 55 16 35 86 68 100 54 1 28 114 111 86 34 73 61 75 47 75 62 106 52 82 69 80 75 46 102 
88 56 57 57 47 84 52 84 14 64 110 100 46 40 80 28 35 80 66 50 0 38 72 97 79 44 104 67 85 53 91 51 108 1 72 63 81 51 74 76 30 75 86 65 34 40 69 51 94 37 51 44 114 62 77 39 60 69 58 49 80 16 100 57 75 40 106 58 62 53 
69 92 95 88 83 120 80 116 50 78 109 126 82 76 90 56 63 98 76 88 38 0 85 119 104 80 108 95 121 81 119 87 121 37 100 48 63 89 96 95 68 111 122 79 72 68 97 33 76 65 89 80 100 96 83 67 88 97 86 85 108 52 82 54 82 71 111 94 88 91 
16 63 84 84 69 90 65 37 84 43 106 79 82 88 37 44 51 74 45 79 72 85 0 86 51 66 85 60 91 69 107 51 68 71 70 90 96 56 43 52 77 97 77 42 95 56 69 67 23 35 78 51 97 109 30 55 58 62 74 71 62 86 29 84 3 67 58 49 33 75 
70 61 40 91 72 118 59 84 93 86 83 7 80 86 66 81 76 91 88 47 97 119 86 0 105 69 109 43 41 56 94 56 18 98 112 71 134 79 60 70 104 100 106 87 63 69 74 104 77 90 46 73 74 103 56 70 100 45 66 74 120 95 83 77 83 94 33 75 91 92 
35 77 68 117 81 79 84 82 93 72 125 98 79 85 56 79 86 27 70 61 79 104 51 105 0 78 110 79 110 84 121 102 87 80 59 77 95 85 62 49 109 105 96 73 45 87 120 102 42 70 62 89 116 128 49 88 47 80 101 73 67 95 48 83 48 100 77 68 82 94 
80 56 47 97 3 63 49 40 30 63 106 62 59 56 77 39 32 51 65 42 44 80 66 69 78 0 87 65 96 63 69 67 73 43 43 94 92 76 71 73 74 31 101 62 58 51 52 62 87 48 41 51 97 106 66 50 31 63 69 5 51 32 93 94 69 80 102 74 69 97 
95 121 113 88 90 98 100 116 90 93 89 102 91 97 116 76 83 83 95 106 104 108 85 109 110 87 0 115 130 101 139 53 113 103 54 60 129 80 122 61 81 118 137 94 122 88 35 99 102 85 107 109 80 113 109 87 66 117 106 92 62 92 108 54 82 71 97 128 91 104 
44 64 56 66 62 103 16 41 79 43 112 36 97 91 23 39 33 55 45 63 67 95 60 43 79 65 115 0 63 64 102 85 47 66 83 97 92 56 17 77 72 90 91 44 79 51 80 62 37 48 62 52 103 104 58 50 71 2 23 70 82 81 43 97 57 80 76 77 53 49 
75 81 72 121 99 77 63 104 71 91 93 34 39 45 86 87 80 91 93 67 85 121 91 41 110 96 130 63 0 88 126 83 23 84 121 83 95 104 80 69 94 127 126 92 83 99 101 110 76 96 66 93 84 62 61 98 109 65 86 93 129 73 70 89 88 104 74 80 101 112 
85 37 16 35 60 85 49 103 41 60 120 63 57 63 77 25 32 73 62 23 53 81 69 56 84 63 101 64 88 0 38 78 74 52 65 75 78 47 71 87 62 76 82 61 39 13 66 48 91 34 22 49 111 94 90 14 53 66 55 68 72 39 97 69 72 52 89 85 67 85 
123 75 54 73 66 123 87 99 79 98 158 101 95 101 115 63 70 111 100 60 91 119 107 94 121 69 139 102 126 38 0 116 112 90 103 113 116 85 109 125 100 38 119 99 76 51 104 86 129 72 60 87 149 132 128 52 91 104 93 74 110 77 135 107 110 90 127 123 91 123 
67 105 94 104 70 95 83 88 37 76 72 49 57 63 88 59 66 109 78 101 51 87 51 56 102 67 53 85 83 78 116 0 60 50 103 101 112 63 94 87 81 98 109 77 85 71 18 82 74 68 100 93 63 113 81 70 91 87 89 72 111 39 80 104 54 87 89 81 84 104 
52 79 58 109 76 100 63 88 94 68 87 11 62 68 70 86 80 73 70 65 108 121 68 18 87 73 113 47 23 74 112 60 0 107 105 89 118 81 64 74 115 104 113 69 81 87 78 109 59 95 64 91 78 85 38 88 93 49 70 78 107 96 65 95 65 105 51 57 78 96 
87 55 58 58 46 83 51 83 13 65 109 99 45 39 79 27 34 79 67 51 1 37 71 98 80 43 103 66 84 52 90 50 107 0 71 64 80 52 73 75 31 74 85 64 35 39 68 50 93 36 52 43 113 63 76 38 59 68 57 48 79 15 99 58 74 41 105 57 61 54 
83 67 81 84 46 44 68 73 73 47 132 105 82 82 90 44 51 32 49 83 72 100 70 112 59 43 54 83 121 65 103 103 105 71 0 82 76 60 90 54 77 74 130 46 99 52 85 67 76 35 82 55 130 109 77 53 12 85 74 38 8 75 70 84 73 67 109 96 37 84 
97 74 65 40 97 78 88 127 64 60 101 78 44 38 94 64 71 50 62 58 63 48 90 71 77 94 60 97 83 75 113 101 89 64 82 0 98 47 88 47 33 125 89 61 74 76 92 81 104 55 59 86 110 65 90 75 70 99 83 96 90 66 110 6 93 23 104 108 70 56 
92 93 94 92 89 117 77 132 93 55 106 128 108 103 105 53 60 105 57 98 81 63 96 134 95 92 129 92 95 78 116 112 118 80 76 98 0 59 99 126 65 117 121 54 114 65 94 30 99 62 97 81 97 33 85 64 85 94 83 97 84 95 105 92 99 75 117 104 63 88 
50 53 63 41 73 79 61 93 65 13 99 72 67 61 71 51 44 92 15 69 51 89 56 79 85 76 80 56 104 47 85 63 81 52 60 47 59 0 73 75 34 101 90 14 85 54 45 74 57 56 68 41 90 66 43 55 72 54 75 81 52 67 63 41 59 24 75 62 23 57 
27 81 73 82 68 110 22 58 86 60 117 53 110 104 6 46 39 72 62 80 74 96 43 60 62 71 122 17 80 71 109 94 64 73 90 88 99 73 0 94 55 96 74 61 82 58 87 69 20 55 79 69 108 87 41 57 78 19 40 76 98 88 26 82 40 65 69 60 70 32 
68 88 79 68 76 68 93 89 62 84 113 63 30 36 89 74 81 22 86 74 76 95 52 70 49 73 61 77 69 87 125 87 74 75 54 47 126 75 94 0 61 104 117 85 90 82 96 97 75 65 73 100 122 93 82 83 42 75 96 68 62 64 81 53 55 51 103 101 85 63 
82 86 78 27 77 65 75 108 44 47 122 106 76 70 61 51 58 83 49 79 30 68 77 104 109 74 81 72 94 62 100 81 115 31 77 33 65 34 55 61 0 105 56 48 64 63 79 74 75 42 80 74 124 32 77 62 65 74 70 79 85 46 81 27 80 10 109 88 57 23 
108 81 72 111 28 94 74 61 61 88 137 93 90 87 102 64 57 82 90 67 75 111 97 100 105 31 118 90 127 76 38 98 104 74 74 125 117 101 96 104 105 0 126 87 83 72 83 87 115 73 66 82 128 135 97 73 62 88 94 36 82 63 121 119 95 105 133 105 96 128 
61 75 66 83 98 121 96 108 72 98 151 113 103 98 68 104 111 110 96 59 86 122 77 106 96 101 137 91 126 82 119 109 113 85 130 89 121 90 74 117 56 126 0 99 75 94 127 127 54 98 60 87 142 88 75 93 121 93 114 106 134 70 60 83 74 66 103 94 105 79 
38 39 60 55 59 90 47 79 75 1 104 80 55 49 59 37 30 78 3 55 65 79 42 87 73 62 94 44 92 61 99 77 69 64 46 61 54 14 61 85 48 87 99 0 71 49 59 60 45 42 54 27 104 80 31 48 58 42 63 67 38 77 51 55 45 38 63 50 9 71 
80 32 23 74 55 98 85 98 48 72 121 70 60 66 76 61 68 72 74 16 34 72 95 63 45 58 122 79 83 39 76 85 81 35 99 74 114 85 82 90 64 83 75 71 0 51 102 84 87 70 17 44 130 96 94 50 89 77 91 63 91 50 93 68 93 74 96 91 62 87 
72 49 29 48 48 72 36 91 52 50 107 76 70 70 64 12 19 60 52 35 40 68 56 69 87 51 88 51 99 13 51 71 87 39 52 76 65 54 58 82 63 72 94 49 51 0 53 35 78 21 34 61 98 95 80 1 40 53 42 56 59 52 84 70 59 53 102 96 58 86 
85 98 82 86 55 105 65 92 55 58 54 67 75 81 93 41 48 93 60 86 69 97 69 74 120 52 35 80 101 66 104 18 78 68 85 92 94 45 87 96 79 83 127 59 102 53 0 64 92 50 85 86 45 111 88 52 73 82 71 57 93 57 98 86 72 69 107 99 68 102 
83 82 64 81 59 87 47 102 63 61 76 98 78 81 75 23 30 75 63 68 51 33 67 104 102 62 99 62 110 48 86 82 109 50 67 81 30 74 69 97 74 87 127 60 84 35 64 0 89 32 67 87 67 63 91 34 55 64 53 67 75 65 95 81 70 64 123 107 69 97 
7 84 93 98 88 108 42 54 84 44 97 70 98 92 14 66 59 56 42 100 94 76 23 77 42 87 102 37 76 91 129 74 59 93 76 104 99 57 20 75 75 115 54 45 87 78 92 89 0 58 99 72 88 107 21 77 76 39 60 82 83 86 6 98 20 81 49 40 54 52 
51 68 50 49 45 55 33 72 49 43 104 84 67 67 61 9 16 43 45 54 37 65 35 90 70 48 85 48 96 34 72 68 95 36 35 55 62 56 55 65 42 73 98 42 70 21 50 32 58 0 53 69 95 74 65 20 23 50 39 49 43 51 64 49 38 32 93 84 51 65 
92 15 6 57 38 81 68 81 63 55 104 53 43 49 85 44 51 89 57 1 51 89 78 46 62 41 107 62 66 22 60 100 64 52 82 59 97 68 79 73 80 66 60 54 17 34 85 67 99 53 0 27 113 112 85 33 72 60 74 46 74 61 105 53 81 70 79 74 45 101 
65 12 33 71 54 99 68 81 56 28 77 80 70 76 75 64 57 87 30 28 44 80 51 73 89 51 109 52 93 49 87 93 91 43 55 86 81 41 69 100 74 82 87 27 44 61 86 87 72 69 27 0 86 106 58 60 67 50 71 46 47 58 78 80 54 65 62 77 18 97 
81 98 114 131 100 105 110 128 100 103 9 67 92 86 102 86 93 138 105 114 114 100 97 74 116 97 80 103 84 111 149 63 78 113 130 110 97 90 108 122 124 128 142 104 130 98 45 67 88 95 113 86 0 130 95 97 118 105 116 102 133 102 94 104 94 114 107 114 104 140 
114 118 110 59 107 97 95 140 76 79 139 96 101 102 93 83 78 115 81 111 62 96 109 103 128 106 113 104 62 94 132 113 85 63 109 65 33 66 87 93 32 135 88 80 96 95 111 63 107 74 112 106 130 0 109 94 97 106 102 111 117 78 113 59 112 42 136 120 89 55 
14 70 91 84 69 119 63 61 63 30 104 49 84 78 35 68 61 76 32 86 77 83 30 56 49 66 109 58 61 90 128 81 38 76 77 90 85 43 41 82 77 97 75 31 94 80 88 91 21 65 85 58 95 109 0 79 87 60 81 61 69 65 27 84 27 67 56 19 40 73 
71 48 30 49 47 73 35 90 51 49 106 77 71 69 63 11 18 61 51 34 39 67 55 70 88 50 87 50 98 14 52 70 88 38 53 75 64 55 57 83 62 73 93 48 50 1 52 34 77 20 33 60 97 94 79 0 41 52 41 55 60 53 83 69 58 52 103 95 57 85 
74 79 69 72 34 32 56 61 61 59 127 93 70 70 84 32 39 20 61 73 60 88 58 100 47 31 66 71 109 53 91 91 93 59 12 70 85 72 78 42 65 62 121 58 89 40 73 55 76 23 72 67 118 97 87 41 0 73 62 26 20 63 82 72 61 55 116 105 49 88 
46 62 54 64 60 105 18 43 81 41 114 38 95 89 25 41 35 53 43 61 69 97 62 45 80 63 117 2 65 66 104 87 49 68 85 99 94 54 19 75 74 88 93 42 77 53 82 64 39 50 60 50 105 106 60 52 73 0 21 68 80 83 45 95 59 78 78 79 51 51 
67 83 71 43 66 90 39 64 70 62 125 59 94 88 46 30 37 74 64 75 58 86 74 66 101 69 106 23 86 55 93 89 70 57 74 83 83 75 40 96 70 94 114 63 91 42 71 53 60 39 74 71 116 102 81 41 62 21 0 74 82 72 66 77 77 60 99 100 72 72 
75 58 52 98 8 58 54 35 35 68 111 67 54 60 82 44 37 46 70 47 49 85 71 74 73 5 92 70 93 68 74 72 78 48 38 96 97 81 76 68 79 36 106 67 63 56 57 67 82 49 46 46 102 111 61 55 26 68 74 0 46 37 88 98 69 81 107 79 64 102 
76 59 80 92 54 52 76 81 81 39 124 113 90 87 97 52 59 40 41 75 80 108 62 120 67 51 62 82 129 72 110 111 107 79 8 90 84 52 98 62 85 82 134 38 91 59 93 75 83 43 74 47 133 117 69 60 20 80 82 46 0 83 78 92 65 75 101 88 29 92 
79 70 55 73 35 72 66 72 2 76 94 88 34 28 94 42 49 83 78 62 16 52 86 95 95 32 92 81 73 39 77 39 96 15 75 66 95 67 88 64 46 63 70 77 50 52 57 65 86 51 61 58 102 78 65 53 63 83 72 37 83 0 92 72 89 56 120 46 76 69 
13 90 99 104 94 114 48 60 90 50 103 76 104 98 20 72 65 62 48 106 100 82 29 83 48 93 108 43 70 97 135 80 65 99 70 110 105 63 26 81 81 121 60 51 93 84 98 95 6 64 105 78 94 113 27 83 82 45 66 88 78 92 0 104 26 87 55 46 60 58 
91 68 59 34 91 72 82 121 70 54 95 84 50 44 88 58 65 56 56 52 57 54 84 77 83 94 54 97 89 69 107 104 95 58 84 6 92 41 82 53 27 119 83 55 68 70 86 81 98 49 53 80 104 59 84 69 72 95 77 98 92 72 104 0 87 17 110 103 64 50 
13 66 87 87 72 93 62 34 87 46 103 76 85 91 34 47 54 75 48 82 75 82 3 83 48 69 82 57 88 72 110 54 65 74 73 93 99 59 40 55 80 95 74 45 93 59 72 70 20 38 81 54 94 112 27 58 61 59 77 69 65 89 26 87 0 70 55 46 36 72 
74 77 68 17 77 55 65 104 54 37 112 96 67 61 71 41 48 73 39 69 40 71 67 94 100 80 71 80 104 52 90 87 105 41 67 23 75 24 65 51 10 105 66 38 74 53 69 64 81 32 70 65 114 42 67 52 55 78 60 81 75 56 87 17 70 0 99 86 47 33 
42 74 73 116 105 148 91 89 118 62 116 40 113 110 63 100 93 104 64 80 106 111 58 33 77 102 97 76 74 89 127 89 51 105 109 104 117 75 69 103 109 133 103 63 96 102 107 123 49 93 79 62 107 136 56 103 116 78 99 107 101 120 55 110 55 99 0 75 72 101 
33 89 80 103 77 114 82 80 44 49 123 68 76 70 54 84 80 95 51 75 58 94 49 75 68 74 128 77 80 85 123 81 57 57 96 108 104 62 60 101 88 105 94 50 91 96 99 107 40 84 74 77 114 120 19 95 105 79 100 79 88 46 46 103 46 86 75 0 59 92 
47 30 51 64 68 81 56 70 74 10 95 89 64 58 68 46 39 69 12 46 62 88 33 91 82 69 91 53 101 67 91 84 78 61 37 70 63 23 70 85 57 96 105 9 62 58 68 69 54 51 45 18 104 89 40 57 49 51 72 64 29 76 60 64 36 47 72 59 0 80 
59 109 95 50 100 88 54 90 67 70 145 85 93 93 38 74 71 85 72 102 53 91 75 92 94 97 104 49 112 85 123 104 96 54 84 56 88 57 32 63 23 128 79 71 87 86 102 97 52 65 101 97 140 55 73 85 88 51 72 102 92 69 58 50 72 33 101 92 80 0 
73
52
5
66
14
43
97
35
4
57
62
23
83
43
54
47
48
68
15
80
71
33
100
7
29
34
97
39
18
32
17
85
61
5
89
3
14
60
20
7
100
34
19
42
64
24
83
59
91
93
29
68
70
65
88
70
46
94
91
27
47
67
16
71
44
86
20
67
16
