12
0 218 291 304 147 302 111 195 298 387 508 204 
218 0 73 86 87 132 329 209 274 217 290 342 
291 73 0 13 160 59 388 136 201 144 363 269 
304 86 13 0 173 46 375 149 188 131 363 282 
147 87 160 173 0 176 258 296 279 261 377 351 
302 132 59 46 176 0 413 189 234 85 317 328 
111 329 388 375 258 413 0 252 187 498 498 315 
195 209 136 149 296 189 252 0 337 274 499 289 
298 274 201 188 279 234 187 337 0 319 311 470 
387 217 144 131 261 85 498 274 319 0 232 413 
508 290 363 363 377 317 498 499 311 232 0 632 
204 342 269 282 351 328 315 289 470 413 632 0 
50
95
60
99
79
72
94
78
85
73
26
