17
0 78 162 430 264 235 67 164 73 147 120 119 203 75 257 187 52 
78 0 200 476 319 296 113 181 5 139 52 197 142 7 189 201 128 
162 200 0 398 212 225 179 88 205 275 189 43 91 207 389 213 164 
430 476 398 0 590 452 363 310 471 497 424 355 349 473 655 435 378 
264 319 212 590 0 395 227 300 314 180 267 255 303 316 482 242 212 
235 296 225 452 395 0 183 227 291 244 244 182 266 293 316 306 183 
67 113 179 363 227 183 0 132 108 148 61 177 171 110 292 154 15 
164 181 88 310 300 227 132 0 176 187 193 45 39 178 360 125 147 
73 5 205 471 314 291 108 176 0 134 47 192 137 2 184 196 123 
147 139 275 497 180 244 148 187 134 0 87 232 226 136 318 62 163 
120 52 189 424 267 244 61 193 47 87 0 213 184 49 231 149 76 
119 197 43 355 255 182 177 45 192 232 213 0 84 194 376 170 171 
203 142 91 349 303 266 171 39 137 226 184 84 0 139 321 164 186 
75 7 207 473 316 293 110 178 2 136 49 194 139 0 182 198 125 
257 189 389 655 482 316 292 360 184 318 231 376 321 182 0 380 307 
187 201 213 435 242 306 154 125 196 62 149 170 164 198 380 0 157 
52 128 164 378 212 183 15 147 123 163 76 171 186 125 307 157 0 
71
91
94
67
51
70
17
84
10
54
23
21
42
91
38
16
