70
0 70 71 99 101 61 18 85 57 58 139 145 75 104 54 74 122 71 29 60 73 111 74 62 76 109 100 37 55 92 34 111 59 34 94 59 99 38 77 61 54 94 51 90 25 65 106 74 50 2 80 138 158 5 30 43 27 164 26 77 86 71 112 65 67 95 79 83 111 66 
70 0 55 67 87 84 73 87 59 26 114 110 73 72 69 10 94 79 62 10 18 61 58 122 63 117 45 39 57 66 36 92 62 52 88 40 44 40 79 59 88 73 19 120 82 67 91 76 20 72 25 125 129 65 60 45 57 109 44 54 67 96 115 72 75 49 60 28 56 41 
71 55 0 72 105 102 79 90 62 31 119 129 80 91 72 45 113 82 81 47 37 80 3 125 81 135 64 42 60 85 39 110 70 55 40 64 63 43 82 64 106 86 38 101 87 70 109 79 39 73 30 82 134 66 41 48 44 128 47 73 78 41 118 75 93 54 78 47 61 46 
99 67 72 0 132 123 101 116 88 41 174 124 106 84 98 77 123 98 105 57 84 73 75 151 107 145 57 68 86 78 65 139 98 81 112 87 58 69 108 92 116 120 48 162 124 96 137 105 49 101 91 154 144 94 102 74 99 155 73 108 114 113 139 101 103 115 107 74 100 101 
101 87 105 132 0 46 86 76 48 91 133 128 62 87 98 77 123 110 97 78 69 76 108 126 25 79 83 68 61 62 67 60 109 83 122 48 84 69 110 90 50 83 84 38 101 71 59 80 83 103 75 144 147 96 80 64 83 121 75 33 75 122 104 61 37 99 28 79 44 60 
61 84 102 123 46 0 43 80 52 87 129 97 58 83 96 87 105 106 54 74 79 72 105 99 21 62 66 66 54 45 63 56 103 79 126 44 67 67 106 44 7 79 80 84 86 44 55 73 79 63 72 137 143 56 74 60 77 144 71 77 71 96 108 39 20 95 24 83 90 56 
18 73 79 101 86 43 0 82 54 60 151 140 83 109 62 63 130 85 11 68 55 98 82 80 61 91 82 45 63 74 42 96 67 42 88 67 81 46 85 69 36 102 59 98 43 73 95 82 58 20 62 146 163 13 38 51 35 146 34 79 94 53 110 67 49 86 64 65 93 78 
85 87 90 116 76 80 82 0 28 75 181 156 86 115 78 97 143 69 93 77 89 111 93 131 93 128 95 48 66 111 51 128 89 67 102 76 96 49 94 72 73 111 68 114 110 76 123 85 67 87 96 149 175 80 60 60 63 141 59 53 103 125 28 41 86 112 96 99 120 108 
57 59 62 88 48 52 54 28 0 47 153 128 58 87 50 69 115 66 65 49 61 98 65 103 65 100 84 20 38 83 23 100 61 39 74 48 85 21 66 44 45 83 40 86 82 48 95 57 39 59 68 121 147 52 32 32 35 113 31 25 75 97 56 13 58 84 68 71 92 80 
58 26 31 41 91 87 60 75 47 0 133 107 65 66 57 36 82 67 71 16 44 77 34 110 66 120 71 27 45 92 24 98 88 40 71 46 70 28 67 51 91 79 7 121 83 55 96 64 8 60 51 113 103 53 61 33 58 135 32 67 73 72 103 60 78 75 66 54 82 60 
139 114 119 174 133 129 151 181 153 133 0 170 139 129 144 104 151 145 140 124 96 118 122 201 108 162 123 133 150 144 130 137 164 146 107 117 122 134 164 123 133 82 126 171 114 160 136 169 125 137 89 129 178 144 145 121 148 187 138 132 90 137 186 165 120 113 105 106 120 73 
145 110 129 124 128 97 140 156 128 107 170 0 78 41 110 100 137 108 136 109 92 52 132 135 103 130 67 108 90 88 111 85 108 127 162 126 66 109 154 132 104 109 100 134 138 80 111 109 101 147 99 173 157 140 129 120 132 47 119 128 117 164 149 136 113 123 106 82 108 97 
75 73 80 106 62 58 83 86 58 65 139 78 0 37 68 63 133 84 94 67 55 48 83 72 37 91 62 38 56 43 41 66 101 57 117 54 61 39 84 62 62 89 58 100 100 66 65 75 57 77 62 139 153 70 72 50 69 125 49 78 81 121 114 71 49 86 34 45 93 66 
104 72 91 84 87 83 109 115 87 66 129 41 37 0 69 62 96 68 98 68 54 11 94 94 62 115 27 67 49 48 70 97 68 86 124 85 28 68 113 91 76 68 59 125 97 39 96 68 60 106 61 132 116 99 97 79 98 88 78 90 76 123 109 100 73 85 65 44 70 56 
54 69 72 98 98 96 62 78 50 57 144 110 68 69 0 70 125 76 73 59 62 80 75 93 75 129 89 30 48 110 33 110 93 49 109 58 88 31 76 54 95 93 50 95 79 58 105 67 49 56 55 131 157 49 64 42 61 153 41 70 85 113 106 63 87 79 78 72 86 71 
74 10 45 77 77 87 63 97 69 36 104 100 63 62 70 0 104 76 52 20 8 51 48 127 66 117 35 49 62 56 46 95 72 62 78 50 34 50 89 49 88 71 29 110 72 72 94 81 30 76 15 115 136 69 50 55 47 99 54 44 63 86 117 82 78 39 63 18 46 31 
122 94 113 123 123 105 130 143 115 82 151 137 133 96 125 104 0 132 141 84 112 85 116 178 123 153 101 95 113 122 92 156 112 88 153 104 102 96 135 119 98 69 75 161 147 123 155 132 76 124 119 195 185 117 129 101 126 184 96 135 77 124 171 128 111 101 124 118 144 128 
71 79 82 98 110 106 85 69 66 67 145 108 84 68 76 76 132 0 96 69 68 57 85 129 85 129 41 46 64 62 43 120 82 59 119 68 42 47 86 70 100 63 60 72 46 74 115 83 59 69 75 147 167 72 80 52 77 139 51 86 71 118 41 79 87 95 88 58 84 87 
29 62 81 105 97 54 11 93 65 71 140 136 94 98 73 52 141 96 0 72 44 87 84 80 72 102 71 56 74 85 53 107 78 53 77 78 70 57 96 80 47 107 70 109 54 84 106 93 69 31 51 151 172 24 49 62 46 135 45 80 99 64 121 78 60 75 75 54 82 67 
60 10 47 57 78 74 68 77 49 16 124 109 67 68 59 20 84 69 72 0 28 71 50 112 53 107 55 29 47 76 26 82 72 42 87 30 54 30 69 53 78 63 9 116 85 57 81 66 10 62 35 129 119 55 63 35 60 119 34 64 57 88 105 62 65 59 50 38 66 51 
73 18 37 84 69 79 55 89 61 44 96 92 55 54 62 8 112 68 44 28 0 43 40 119 58 109 27 57 54 48 54 87 68 70 70 58 26 58 82 41 80 63 37 107 64 64 86 73 38 75 7 107 128 68 58 63 55 91 62 36 55 78 109 74 70 31 55 10 38 23 
111 61 80 73 76 72 98 111 98 77 118 52 48 11 80 51 85 57 87 71 43 0 83 105 51 104 16 78 60 37 81 86 57 97 113 74 17 79 124 84 75 79 70 114 86 50 85 79 71 109 50 143 127 110 86 90 89 99 89 79 87 121 98 107 62 74 54 33 59 45 
74 58 3 75 108 105 82 93 65 34 122 132 83 94 75 48 116 85 84 50 40 83 0 128 84 138 67 45 63 88 42 113 73 58 43 67 66 46 85 67 109 89 41 104 90 73 112 82 42 76 33 79 137 69 44 51 47 131 50 76 81 44 121 78 96 57 81 50 64 49 
62 122 125 151 126 99 80 131 103 110 201 135 72 94 93 127 178 129 80 112 119 105 128 0 109 65 121 83 65 115 86 138 121 96 156 111 122 84 129 107 92 121 103 152 87 55 137 84 102 64 126 148 210 67 92 95 89 182 88 123 113 133 159 116 105 120 106 109 118 128 
76 63 81 107 25 21 61 93 65 66 108 103 37 62 75 66 123 85 72 53 58 51 84 109 0 54 58 45 63 37 42 35 98 58 114 23 59 46 85 65 25 58 59 63 76 62 34 82 58 78 51 146 122 71 69 39 66 146 50 58 50 97 118 57 12 74 3 68 69 35 
109 117 135 145 79 62 91 128 100 120 162 130 91 115 129 117 153 129 102 107 109 104 138 65 54 0 88 99 102 67 96 89 129 112 168 77 89 100 139 106 55 112 113 117 130 92 88 121 112 111 105 185 176 104 122 93 120 177 104 112 104 144 148 87 42 128 57 99 123 89 
100 45 64 57 83 66 82 95 84 71 123 67 62 27 89 35 101 41 71 55 27 16 67 121 58 88 0 64 61 21 67 82 41 83 97 81 1 63 109 68 59 90 64 113 87 66 92 80 65 102 34 134 143 95 70 76 73 98 75 63 82 105 82 91 46 58 61 17 43 50 
37 39 42 68 68 66 45 48 20 27 133 108 38 67 30 49 95 46 56 29 57 78 45 83 45 99 64 0 18 81 3 80 63 19 79 28 65 1 46 24 65 63 20 94 62 28 75 37 19 39 51 101 127 32 34 12 31 128 11 40 55 83 76 33 57 64 48 62 82 60 
55 57 60 86 61 54 63 66 38 45 150 90 56 49 48 62 113 64 74 47 54 60 63 65 63 102 61 18 0 82 21 98 81 37 97 46 60 19 64 42 47 81 38 99 80 10 93 19 37 57 61 83 145 50 52 30 49 125 29 58 73 101 94 51 60 55 66 44 92 77 
92 66 85 78 62 45 74 111 83 92 144 88 43 48 110 56 122 62 85 76 48 37 88 115 37 67 21 81 82 0 79 72 62 95 118 60 22 82 122 89 38 95 85 100 108 75 71 101 86 94 55 155 159 87 91 76 94 119 87 84 87 126 103 70 25 79 40 38 64 71 
34 36 39 65 67 63 42 51 23 24 130 111 41 70 33 46 92 43 53 26 54 81 42 86 42 96 67 3 21 79 0 77 66 16 76 25 68 4 43 27 67 60 17 97 59 31 72 40 16 36 54 104 124 29 37 9 34 131 8 43 52 80 79 36 54 61 45 64 85 57 
111 92 110 139 60 56 96 128 100 98 137 85 66 97 110 95 156 120 107 82 87 86 113 138 35 89 82 80 98 72 77 0 123 93 143 52 83 81 120 100 60 87 91 98 105 97 26 117 92 113 80 181 151 106 104 68 101 132 85 93 79 126 153 92 47 103 32 97 104 64 
59 62 70 98 109 103 67 89 61 88 164 108 101 68 93 72 112 82 78 72 68 57 73 121 98 129 41 63 81 62 66 123 0 82 110 91 42 62 109 85 96 126 81 89 84 91 132 100 82 61 75 152 184 54 29 75 32 139 74 86 118 111 117 64 87 99 101 58 84 91 
34 52 55 81 83 79 42 67 39 40 146 127 57 86 49 62 88 59 53 42 70 97 58 96 58 112 83 19 37 95 16 93 82 0 76 41 84 20 59 43 78 76 33 113 59 47 88 56 32 36 70 120 140 29 53 25 50 147 8 59 68 95 95 52 70 77 61 80 101 73 
94 88 40 112 122 126 88 102 74 71 107 162 117 124 109 78 153 119 77 87 70 113 43 156 114 168 97 79 97 118 76 143 110 76 0 101 96 80 119 97 119 119 78 141 119 107 142 116 79 96 63 122 174 89 81 85 84 161 68 99 111 81 130 87 126 87 111 80 94 79 
59 40 64 87 48 44 67 76 48 46 117 126 54 85 58 50 104 68 78 30 58 74 67 111 23 77 81 28 46 60 25 52 91 41 101 0 82 29 68 52 48 35 39 86 84 56 51 65 40 61 65 129 99 54 62 16 59 149 33 68 27 74 104 61 35 51 20 68 92 52 
99 44 63 58 84 67 81 96 85 70 122 66 61 28 88 34 102 42 70 54 26 17 66 122 59 89 1 65 60 22 68 83 42 84 96 82 0 64 108 67 60 89 63 114 88 67 93 79 64 101 33 133 144 94 71 77 74 97 76 62 81 104 83 92 47 57 62 16 42 49 
38 40 43 69 69 67 46 49 21 28 134 109 39 68 31 50 96 47 57 30 58 79 46 84 46 100 63 1 19 82 4 81 62 20 80 29 64 0 47 23 66 64 21 93 63 29 76 38 20 40 52 102 128 33 33 13 30 127 12 39 56 84 77 34 58 65 49 63 83 61 
77 79 82 108 110 106 85 94 66 67 164 154 84 113 76 89 135 86 96 69 82 124 85 129 85 139 109 46 64 122 43 120 109 59 119 68 108 47 0 70 110 83 60 140 102 74 115 83 59 79 75 147 167 72 80 52 77 173 51 86 75 122 122 79 97 51 88 92 106 91 
61 59 64 92 90 44 69 72 44 51 123 132 62 91 54 49 119 70 80 53 41 84 67 107 65 106 68 24 42 89 27 100 85 43 97 52 67 23 70 0 51 87 44 116 86 52 99 61 43 63 34 125 151 56 56 36 53 132 35 62 79 105 100 57 64 58 68 51 65 50 
54 88 106 116 50 7 36 73 45 91 133 104 62 76 95 88 98 100 47 78 80 75 109 92 25 55 59 65 47 38 67 60 96 78 119 48 60 66 110 51 0 83 84 88 79 37 59 66 83 56 76 130 147 49 67 64 70 151 70 70 75 89 101 32 13 99 28 76 94 60 
94 73 86 120 83 79 102 111 83 79 82 109 89 68 93 71 69 63 107 63 63 79 89 121 58 112 90 63 81 95 60 87 126 76 119 35 89 64 83 87 83 0 72 121 109 91 86 100 73 96 56 164 134 89 97 51 94 154 68 99 8 55 104 96 70 32 55 73 87 72 
51 19 38 48 84 80 59 68 40 7 126 100 58 59 50 29 75 60 70 9 37 70 41 103 59 113 64 20 38 85 17 91 81 33 78 39 63 21 60 44 84 72 0 114 76 48 89 57 1 53 44 120 110 46 54 26 51 128 25 60 66 79 96 53 71 68 59 47 75 53 
90 120 101 162 38 84 98 114 86 121 171 134 100 125 95 110 161 72 109 116 107 114 104 152 63 117 113 94 99 100 97 98 89 113 141 86 114 93 140 116 88 121 114 0 115 109 97 118 113 92 113 182 185 85 60 102 63 159 105 71 113 142 113 95 75 137 66 117 82 98 
25 82 87 124 101 86 43 110 82 83 114 138 100 97 79 72 147 46 54 85 64 86 90 87 76 130 87 62 80 108 59 105 84 59 119 84 88 63 102 86 79 109 76 115 0 90 104 99 75 23 57 163 146 30 55 68 52 155 51 100 105 96 87 90 88 81 73 74 88 41 
65 67 70 96 71 44 73 76 48 55 160 80 66 39 58 72 123 74 84 57 64 50 73 55 62 92 66 28 10 75 31 97 91 47 107 56 67 29 74 52 37 91 48 109 90 0 96 29 47 67 71 93 155 60 62 40 59 127 39 68 83 111 104 61 50 65 65 54 102 87 
106 91 109 137 59 55 95 123 95 96 136 111 65 96 105 94 155 115 106 81 86 85 112 137 34 88 92 75 93 71 72 26 132 88 142 51 93 76 115 99 59 86 89 97 104 96 0 112 88 108 79 176 150 101 103 63 100 158 80 92 78 125 151 91 46 102 31 96 103 63 
74 76 79 105 80 73 82 85 57 64 169 109 75 68 67 81 132 83 93 66 73 79 82 84 82 121 80 37 19 101 40 117 100 56 116 65 79 38 83 61 66 100 57 118 99 29 112 0 56 76 80 102 164 69 71 49 68 144 48 77 92 120 113 70 79 74 85 63 111 96 
50 20 39 49 83 79 58 67 39 8 125 101 57 60 49 30 76 59 69 10 38 71 42 102 58 112 65 19 37 86 16 92 82 32 79 40 64 20 59 43 83 73 1 113 75 47 88 56 0 52 45 120 111 45 53 25 50 129 24 59 67 80 95 52 70 69 60 48 76 52 
2 72 73 101 103 63 20 87 59 60 137 147 77 106 56 76 124 69 31 62 75 109 76 64 78 111 102 39 57 94 36 113 61 36 96 61 101 40 79 63 56 96 53 92 23 67 108 76 52 0 80 140 160 7 32 45 29 166 28 79 88 73 110 67 69 97 81 85 111 64 
80 25 30 91 75 72 62 96 68 51 89 99 62 61 55 15 119 75 51 35 7 50 33 126 51 105 34 51 61 55 54 80 75 70 63 65 33 52 75 34 76 56 44 113 57 71 79 80 45 80 0 112 121 75 56 63 59 98 62 43 48 71 116 81 63 24 48 17 31 16 
138 125 82 154 144 137 146 149 121 113 129 173 139 132 131 115 195 147 151 129 107 143 79 148 146 185 134 101 83 155 104 181 152 120 122 129 133 102 147 125 130 164 120 182 163 93 176 102 120 140 112 0 216 133 123 113 126 198 112 141 156 123 177 134 143 136 149 117 143 128 
158 129 134 144 147 143 163 175 147 103 178 157 153 116 157 136 185 167 172 119 128 127 137 210 122 176 143 127 145 159 124 151 184 140 174 99 144 128 167 151 147 134 110 185 146 155 150 164 111 160 121 216 0 153 161 115 158 204 132 137 126 173 203 160 134 145 119 138 152 105 
5 65 66 94 96 56 13 80 52 53 144 140 70 99 49 69 117 72 24 55 68 110 69 67 71 104 95 32 50 87 29 106 54 29 89 54 94 33 72 56 49 89 46 85 30 60 101 69 45 7 75 133 153 0 25 38 22 159 21 72 81 66 108 60 62 90 74 78 106 71 
30 60 41 102 80 74 38 60 32 61 145 129 72 97 64 50 129 80 49 63 58 86 44 92 69 122 70 34 52 91 37 104 29 53 81 62 71 33 80 56 67 97 54 60 55 62 103 71 53 32 56 123 161 25 0 46 3 145 45 57 89 82 88 35 80 80 72 68 87 72 
43 45 48 74 64 60 51 60 32 33 121 120 50 79 42 55 101 52 62 35 63 90 51 95 39 93 76 12 30 76 9 68 75 25 85 16 77 13 52 36 64 51 26 102 68 40 63 49 25 45 63 113 115 38 46 0 43 140 17 52 43 89 88 45 51 67 36 73 94 48 
27 57 44 99 83 77 35 63 35 58 148 132 69 98 61 47 126 77 46 60 55 89 47 89 66 120 73 31 49 94 34 101 32 50 84 59 74 30 77 53 70 94 51 63 52 59 100 68 50 29 59 126 158 22 3 43 0 146 42 60 86 85 91 38 78 83 69 65 90 75 
164 109 128 155 121 144 146 141 113 135 187 47 125 88 153 99 184 139 135 119 91 99 131 182 146 177 98 128 125 119 131 132 139 147 161 149 97 127 173 132 151 154 128 159 155 127 158 144 129 166 98 198 204 159 145 140 146 0 139 88 146 169 169 126 144 122 146 81 129 114 
26 44 47 73 75 71 34 59 31 32 138 119 49 78 41 54 96 51 45 34 62 89 50 88 50 104 75 11 29 87 8 85 74 8 68 33 76 12 51 35 70 68 25 105 51 39 80 48 24 28 62 112 132 21 45 17 42 139 0 51 60 87 87 44 62 69 53 72 93 65 
77 54 73 108 33 77 79 53 25 67 132 128 78 90 70 44 135 86 80 64 36 79 76 123 58 112 63 40 58 84 43 93 86 59 99 68 62 39 86 62 70 99 60 71 100 68 92 77 59 79 43 141 137 72 57 52 60 88 51 0 91 114 81 38 70 67 61 46 74 59 
86 67 78 114 75 71 94 103 75 73 90 117 81 76 85 63 77 71 99 57 55 87 81 113 50 104 82 55 73 87 52 79 118 68 111 27 81 56 75 79 75 8 66 113 105 83 78 92 67 88 48 156 126 81 89 43 86 146 60 91 0 47 112 88 62 24 47 65 79 64 
71 96 41 113 122 96 53 125 97 72 137 164 121 123 113 86 124 118 64 88 78 121 44 133 97 144 105 83 101 126 80 126 111 95 81 74 104 84 122 105 89 55 79 142 96 111 125 120 80 73 71 123 173 66 82 89 85 169 87 114 47 0 153 110 102 71 94 88 102 87 
112 115 118 139 104 108 110 28 56 103 186 149 114 109 106 117 171 41 121 105 109 98 121 159 118 148 82 76 94 103 79 153 117 95 130 104 83 77 122 100 101 104 96 113 87 104 151 113 95 110 116 177 203 108 88 88 91 169 87 81 112 153 0 69 106 136 121 99 125 128 
65 72 75 101 61 39 67 41 13 60 165 136 71 100 63 82 128 79 78 62 74 107 78 116 57 87 91 33 51 70 36 92 64 52 87 61 92 34 79 57 32 96 53 95 90 61 91 70 52 67 81 134 160 60 35 45 38 126 44 38 88 110 69 0 45 97 60 84 105 92 
67 75 93 103 37 20 49 86 58 78 120 113 49 73 87 78 111 87 60 65 70 62 96 105 12 42 46 57 60 25 54 47 87 70 126 35 47 58 97 64 13 70 71 75 88 50 46 79 70 69 63 143 134 62 80 51 78 144 62 70 62 102 106 45 0 86 15 63 81 47 
95 49 54 115 99 95 86 112 84 75 113 123 86 85 79 39 101 95 75 59 31 74 57 120 74 128 58 64 55 79 61 103 99 77 87 51 57 65 51 58 99 32 68 137 81 65 102 74 69 97 24 136 145 90 80 67 83 122 69 67 24 71 136 97 86 0 71 41 55 40 
79 60 78 107 28 24 64 96 68 66 105 106 34 65 78 63 124 88 75 50 55 54 81 106 3 57 61 48 66 40 45 32 101 61 111 20 62 49 88 68 28 55 59 66 73 65 31 85 60 81 48 149 119 74 72 36 69 146 53 61 47 94 121 60 15 71 0 65 72 32 
83 28 47 74 79 83 65 99 71 54 106 82 45 44 72 18 118 58 54 38 10 33 50 109 68 99 17 62 44 38 64 97 58 80 80 68 16 63 92 51 76 73 47 117 74 54 96 63 48 85 17 117 138 78 68 73 65 81 72 46 65 88 99 84 63 41 65 0 48 33 
111 56 61 100 44 90 93 120 92 82 120 108 93 70 86 46 144 84 82 66 38 59 64 118 69 123 43 82 92 64 85 104 84 101 94 92 42 83 106 65 94 87 75 82 88 102 103 111 76 111 31 143 152 106 87 94 90 129 93 74 79 102 125 105 81 55 72 48 0 47 
66 41 46 101 60 56 78 108 80 60 73 97 66 56 71 31 128 87 67 51 23 45 49 128 35 89 50 60 77 71 57 64 91 73 79 52 49 61 91 50 60 72 53 98 41 87 63 96 52 64 16 128 105 71 72 48 75 114 65 59 64 87 128 92 47 40 32 33 47 0 
91
49
42
65
31
55
63
92
52
81
63
77
55
84
86
58
60
15
63
88
96
32
43
30
50
14
17
30
37
71
94
64
7
86
89
82
5
98
60
34
91
33
11
72
29
47
42
78
83
96
44
89
4
79
52
14
45
15
78
16
99
26
99
39
8
68
31
29
32
