60
0 36 88 68 120 30 58 69 57 61 45 71 82 45 68 15 52 62 51 92 65 82 66 5 75 56 83 71 77 52 46 25 51 51 54 105 43 47 56 82 43 48 87 50 58 63 108 34 68 93 35 117 76 104 84 110 61 120 58 136 
36 0 84 64 97 56 56 52 25 71 66 70 91 43 59 21 51 41 42 84 43 56 30 31 89 54 75 61 73 20 44 31 40 15 52 86 69 45 39 46 32 40 77 42 32 59 100 2 66 64 61 87 70 96 76 84 33 91 30 113 
88 84 0 90 114 58 85 78 69 83 43 93 20 72 43 93 72 82 60 109 77 76 114 83 13 83 104 93 99 64 73 92 44 99 81 114 121 74 83 122 52 69 25 67 91 85 125 82 95 116 113 104 54 64 105 104 82 143 79 130 
68 64 90 0 86 84 40 75 49 68 69 73 84 40 47 66 70 60 30 87 60 75 80 63 77 51 49 13 9 44 41 60 64 79 31 103 80 39 51 90 56 43 89 45 51 5 103 62 30 36 33 74 58 99 79 103 56 63 53 71 
120 97 114 86 0 121 111 100 118 90 129 100 97 100 71 105 84 74 88 147 106 41 127 115 101 109 118 73 78 113 99 95 133 112 109 148 131 102 111 143 125 103 113 105 65 81 158 95 116 112 109 132 60 89 139 69 116 139 113 16 
30 56 58 84 121 0 57 73 68 31 15 41 52 44 75 35 82 87 71 81 54 102 86 25 45 55 76 91 93 63 45 45 81 71 53 97 63 46 55 94 73 41 57 39 78 83 97 54 67 63 55 110 84 83 77 130 54 90 51 137 
58 56 85 40 111 57 0 48 61 39 42 46 79 13 62 43 77 74 70 60 33 91 60 53 72 22 51 53 49 56 12 33 66 71 22 76 77 15 24 63 58 16 77 18 74 45 76 54 10 76 73 85 51 70 52 119 29 103 26 111 
69 52 78 75 100 73 48 0 43 63 58 62 88 35 74 65 36 26 83 76 49 59 68 74 88 46 67 73 66 38 36 55 34 67 44 88 92 37 46 85 26 32 95 34 35 77 92 50 58 95 89 101 75 94 68 87 19 122 22 116 
57 25 69 49 118 68 61 43 0 76 53 75 71 48 80 42 72 62 63 85 28 77 55 52 64 59 80 52 58 5 49 52 25 40 57 71 90 50 52 71 17 45 52 43 53 44 101 23 64 75 68 112 88 91 81 101 54 102 51 120 
61 71 83 68 90 31 39 63 76 0 40 10 77 28 77 58 92 89 94 75 48 122 87 56 70 37 66 81 77 71 27 48 81 86 37 91 41 30 39 78 73 31 82 33 98 73 91 69 49 92 50 100 66 85 67 150 44 119 41 106 
45 66 43 69 129 15 42 58 53 40 0 50 37 29 60 50 83 84 77 66 39 93 82 40 30 40 61 82 78 48 30 49 68 81 38 82 78 31 40 79 60 26 42 24 93 74 82 64 52 78 70 95 69 81 62 121 39 105 36 140 
71 70 93 73 100 41 46 62 75 10 50 0 87 33 76 63 87 88 93 74 47 121 86 66 80 44 65 86 82 70 34 53 80 85 42 90 31 35 44 83 72 30 92 32 97 78 90 68 56 102 60 99 65 92 66 149 43 129 40 115 
82 91 20 84 97 52 79 88 71 77 37 87 0 66 37 87 52 62 54 103 76 56 119 77 7 77 98 87 93 71 67 86 64 106 75 94 108 68 77 116 72 63 19 61 71 79 119 89 89 110 107 98 48 58 99 84 76 137 73 113 
45 43 72 40 100 44 13 35 48 28 29 33 66 0 51 30 64 61 66 47 20 94 59 40 59 11 38 53 49 43 1 20 53 58 9 63 64 2 11 50 45 3 66 5 70 45 63 41 23 76 60 72 40 59 39 122 16 103 13 111 
68 59 43 47 71 75 62 74 80 77 60 76 37 51 0 53 38 48 17 90 71 81 89 63 30 60 89 50 56 75 50 62 82 74 60 99 94 53 62 101 74 54 42 56 57 42 114 57 72 73 70 61 11 81 90 109 67 100 64 87 
15 21 93 66 105 35 43 65 42 58 50 63 87 30 53 0 67 58 36 77 50 73 51 10 80 41 68 63 75 37 31 10 57 36 39 93 48 32 41 67 49 33 92 35 49 61 93 19 53 81 40 102 61 89 69 101 46 108 43 121 
52 51 72 70 84 82 77 36 72 92 83 87 52 64 38 67 0 10 55 101 74 43 81 57 59 75 96 57 79 67 65 77 70 66 73 117 56 66 75 97 62 61 71 59 19 65 117 49 83 96 87 95 49 110 97 71 55 123 58 100 
62 41 82 60 74 87 74 26 62 89 84 88 62 61 48 58 10 0 65 102 75 33 71 62 69 72 93 47 69 57 62 68 60 56 70 114 66 63 72 87 52 58 81 60 9 55 118 39 73 86 83 105 59 101 94 61 45 113 48 90 
51 42 60 30 88 71 70 83 63 94 77 93 54 66 17 36 55 65 0 107 81 94 72 46 47 77 79 33 39 58 67 46 65 57 61 86 84 68 77 88 57 69 59 71 70 25 129 40 60 56 53 78 28 98 105 122 71 83 68 101 
92 84 109 87 147 81 60 76 85 75 66 74 103 47 90 77 101 102 107 0 57 135 100 87 96 58 79 100 96 80 48 67 65 99 56 100 105 49 58 97 73 44 108 42 111 92 100 82 70 113 97 29 87 106 80 157 57 86 54 158 
65 43 77 60 106 54 33 49 28 48 39 47 76 20 71 50 74 75 81 57 0 95 73 60 69 31 52 70 69 23 21 40 33 58 29 43 78 22 31 70 25 17 80 15 71 62 73 41 36 93 40 86 60 79 53 109 30 120 27 122 
82 56 76 75 41 102 91 59 77 122 93 121 56 94 81 73 43 33 94 135 95 0 86 77 63 105 117 62 77 72 95 83 92 71 103 138 99 96 95 102 84 91 75 93 24 70 151 54 81 101 98 138 92 114 127 28 78 128 81 57 
66 30 114 80 127 86 60 68 55 87 82 86 119 59 89 51 81 71 72 100 73 86 0 61 112 70 91 91 89 50 60 61 70 15 68 116 99 61 69 46 62 56 107 58 62 85 116 32 50 94 91 117 99 96 92 114 49 121 46 143 
5 31 83 63 115 25 53 74 52 56 40 66 77 40 63 10 57 62 46 87 60 77 61 0 70 51 78 66 72 47 41 20 56 46 49 103 38 42 51 77 48 43 82 45 53 58 103 29 63 88 30 112 71 99 79 105 56 115 53 131 
75 89 13 77 101 45 72 88 64 70 30 80 7 59 30 80 59 69 47 96 69 63 112 70 0 70 91 80 86 69 60 79 57 104 68 101 108 61 70 109 65 56 12 54 78 72 112 87 82 103 100 91 41 51 92 91 69 130 66 117 
56 54 83 51 109 55 22 46 59 37 40 44 77 11 60 41 75 72 77 58 31 105 70 51 70 0 49 64 60 54 10 31 64 69 20 60 75 13 22 61 56 14 75 16 81 56 74 52 32 87 71 83 49 68 50 133 27 114 24 122 
83 75 104 49 118 76 51 67 80 66 61 65 98 38 89 68 96 93 79 79 52 117 91 78 91 49 0 62 40 75 39 58 85 90 47 95 96 40 49 88 77 35 103 37 100 54 95 73 61 73 82 104 78 97 71 145 48 100 45 102 
71 61 93 13 73 91 53 73 52 81 82 86 87 53 50 63 57 47 33 100 70 62 91 66 80 64 62 0 22 47 54 73 67 76 44 113 83 52 64 100 59 56 92 58 38 8 116 63 43 39 36 77 61 112 92 90 69 66 66 84 
77 73 99 9 78 93 49 66 58 77 78 82 93 49 56 75 79 69 39 96 69 77 89 72 86 60 40 22 0 53 50 69 73 88 40 112 89 48 60 99 65 52 98 54 60 14 112 71 39 45 42 83 67 108 88 105 47 72 50 62 
52 20 64 44 113 63 56 38 5 71 48 70 71 43 75 37 67 57 58 80 23 72 50 47 69 54 75 47 53 0 44 47 20 35 52 66 85 45 54 66 12 40 57 38 48 39 96 18 59 70 63 107 83 96 76 96 49 97 46 115 
46 44 73 41 99 45 12 36 49 27 30 34 67 1 50 31 65 62 67 48 21 95 60 41 60 10 39 54 50 44 0 21 54 59 10 64 65 3 12 51 46 4 65 6 71 46 64 42 22 77 61 73 39 58 40 123 17 104 14 112 
25 31 92 60 95 45 33 55 52 48 49 53 86 20 62 10 77 68 46 67 40 83 61 20 79 31 58 73 69 47 21 0 67 46 29 83 58 22 31 70 59 23 86 25 59 65 83 29 43 91 50 92 51 79 59 111 36 118 33 111 
51 40 44 64 133 81 66 34 25 81 68 80 64 53 82 57 70 60 65 65 33 92 70 56 57 64 85 67 73 20 54 67 0 55 62 70 94 55 64 86 8 50 69 48 68 59 106 38 69 90 73 94 93 108 86 92 53 117 56 135 
51 15 99 79 112 71 71 67 40 86 81 85 106 58 74 36 66 56 57 99 58 71 15 46 104 69 90 76 88 35 59 46 55 0 67 101 84 60 54 31 47 55 92 57 47 74 115 17 65 79 76 102 85 81 91 99 48 106 45 128 
54 52 81 31 109 53 22 44 57 37 38 42 75 9 60 39 73 70 61 56 29 103 68 49 68 20 47 44 40 52 10 29 62 67 0 72 73 11 20 59 54 12 75 14 79 36 72 50 32 67 64 81 49 68 48 131 25 94 22 102 
105 86 114 103 148 97 76 88 71 91 82 90 94 63 99 93 117 114 86 100 43 138 116 103 101 60 95 113 112 66 64 83 70 101 72 0 121 65 74 113 62 60 113 58 114 105 116 84 79 108 83 129 88 122 96 146 73 135 70 164 
43 69 121 80 131 63 77 92 90 41 78 31 108 64 94 48 56 66 84 105 78 99 99 38 108 75 96 83 89 85 65 58 94 84 73 121 0 66 75 114 86 61 120 63 75 75 121 67 87 106 47 130 96 123 97 127 74 133 71 146 
47 45 74 39 102 46 15 37 50 30 31 35 68 2 53 32 66 63 68 49 22 96 61 42 61 13 40 52 48 45 3 22 55 60 11 65 66 0 13 52 47 5 68 7 72 44 65 43 25 75 62 74 42 61 41 124 18 102 15 110 
56 39 83 51 111 55 24 46 52 39 40 44 77 11 62 41 75 72 77 58 31 95 69 51 70 22 49 64 60 54 12 31 64 54 20 74 75 13 0 61 56 14 77 16 71 56 74 41 34 87 59 83 51 70 50 123 27 114 24 122 
82 46 122 90 143 94 63 85 71 78 79 83 116 50 101 67 97 87 88 97 70 102 46 77 109 61 88 100 99 66 51 70 86 31 59 113 114 52 61 0 78 53 116 55 78 92 113 48 73 61 107 122 90 109 89 130 66 88 63 159 
43 32 52 56 125 73 58 26 17 73 60 72 72 45 74 49 62 52 57 73 25 84 62 48 65 56 77 59 65 12 46 59 8 47 54 62 86 47 56 78 0 42 69 40 60 51 98 30 61 82 65 102 85 104 78 84 45 109 48 127 
48 40 69 43 103 41 16 32 45 31 26 30 63 3 54 33 61 58 69 44 17 91 56 43 56 14 35 56 52 40 4 23 50 55 12 60 61 5 14 53 42 0 68 2 67 48 60 38 26 79 57 69 43 62 36 119 13 106 10 114 
87 77 25 89 113 57 77 95 52 82 42 92 19 66 42 92 71 81 59 108 80 75 107 82 12 75 103 92 98 57 65 86 69 92 75 113 120 68 77 116 69 68 0 66 90 84 108 75 87 115 112 103 53 39 104 103 81 142 78 112 
50 42 67 45 105 39 18 34 43 33 24 32 61 5 56 35 59 60 71 42 15 93 58 45 54 16 37 58 54 38 6 25 48 57 14 58 63 7 16 55 40 2 66 0 69 50 58 40 28 81 55 71 45 64 38 121 15 108 12 116 
58 32 91 51 65 78 74 35 53 98 93 97 71 70 57 49 19 9 70 111 71 24 62 53 78 81 100 38 60 48 71 59 68 47 79 114 75 72 71 78 60 67 90 69 0 46 127 30 64 77 74 114 68 110 103 52 54 104 57 81 
63 59 85 5 81 83 45 77 44 73 74 78 79 45 42 61 65 55 25 92 62 70 85 58 72 56 54 8 14 39 46 65 59 74 36 105 75 44 56 92 51 48 84 50 46 0 108 57 35 31 28 69 53 104 84 98 61 58 58 76 
108 100 125 103 158 97 76 92 101 91 82 90 119 63 114 93 117 118 129 100 73 151 116 103 112 74 95 116 112 96 64 83 106 115 72 116 121 65 74 113 98 60 108 58 127 108 0 98 86 139 113 129 103 69 96 179 73 166 70 142 
34 2 82 62 95 54 54 50 23 69 64 68 89 41 57 19 49 39 40 82 41 54 32 29 87 52 73 63 71 18 42 29 38 17 50 84 67 43 41 48 30 38 75 40 30 57 98 0 64 62 59 89 68 98 74 82 31 89 28 111 
68 66 95 30 116 67 10 58 64 49 52 56 89 23 72 53 83 73 60 70 36 81 50 63 82 32 61 43 39 59 22 43 69 65 32 79 87 25 34 73 61 26 87 28 64 35 86 64 0 66 63 95 61 80 62 109 39 93 36 101 
93 64 116 36 112 63 76 95 75 92 78 102 110 76 73 81 96 86 56 113 93 101 94 88 103 87 73 39 45 70 77 91 90 79 67 108 106 75 87 61 82 79 115 81 77 31 139 62 66 0 59 84 84 135 115 129 92 27 89 107 
35 61 113 33 109 55 73 89 68 50 70 60 107 60 70 40 87 83 53 97 40 98 91 30 100 71 82 36 42 63 61 50 73 76 64 83 47 62 59 107 65 57 112 55 74 28 113 59 63 59 0 97 81 103 93 126 70 86 67 104 
117 87 104 74 132 110 85 101 112 100 95 99 98 72 61 102 95 105 78 29 86 138 117 112 91 83 104 77 83 107 73 92 94 102 81 129 130 74 83 122 102 69 103 71 114 69 129 89 95 84 97 0 72 131 68 166 82 57 79 145 
76 70 54 58 60 84 51 75 88 66 69 65 48 40 11 61 49 59 28 87 60 92 99 71 41 49 78 61 67 83 39 51 93 85 49 88 96 42 51 90 85 43 53 45 68 53 103 68 61 84 81 72 0 92 79 120 56 111 53 76 
104 96 64 99 89 83 70 94 91 85 81 92 58 59 81 89 110 101 98 106 79 114 96 99 51 68 97 112 108 96 58 79 108 81 68 122 123 61 70 109 104 62 39 64 110 104 69 98 80 135 103 131 92 0 98 142 75 162 72 73 
84 76 105 79 139 77 52 68 81 67 62 66 99 39 90 69 97 94 105 80 53 127 92 79 92 50 71 92 88 76 40 59 86 91 48 96 97 41 50 89 78 36 104 38 103 84 96 74 62 115 93 68 79 98 0 155 49 125 46 150 
110 84 104 103 69 130 119 87 101 150 121 149 84 122 109 101 71 61 122 157 109 28 114 105 91 133 145 90 105 96 123 111 92 99 131 146 127 124 123 130 84 119 103 121 52 98 179 82 109 129 126 166 120 142 155 0 106 156 109 85 
61 33 82 56 116 54 29 19 54 44 39 43 76 16 67 46 55 45 71 57 30 78 49 56 69 27 48 69 47 49 17 36 53 48 25 73 74 18 27 66 45 13 81 15 54 61 73 31 39 92 70 82 56 75 49 106 0 119 3 109 
120 91 143 63 139 90 103 122 102 119 105 129 137 103 100 108 123 113 83 86 120 128 121 115 130 114 100 66 72 97 104 118 117 106 94 135 133 102 114 88 109 106 142 108 104 58 166 89 93 27 86 57 111 162 125 156 119 0 116 134 
58 30 79 53 113 51 26 22 51 41 36 40 73 13 64 43 58 48 68 54 27 81 46 53 66 24 45 66 50 46 14 33 56 45 22 70 71 15 24 63 48 10 78 12 57 58 70 28 36 89 67 79 53 72 46 109 3 116 0 112 
136 113 130 71 16 137 111 116 120 106 140 115 113 111 87 121 100 90 101 158 122 57 143 131 117 122 102 84 62 115 112 111 135 128 102 164 146 110 122 159 127 114 112 116 81 76 142 111 101 107 104 145 76 73 150 85 109 134 112 0 
15
21
69
69
100
99
47
57
80
25
15
66
63
48
31
36
20
62
67
58
17
73
80
71
71
51
48
24
94
4
20
6
59
100
77
82
86
75
21
23
30
37
61
50
15
47
46
54
36
99
5
54
70
67
64
34
89
82
28
