55
0 63 63 66 123 117 35 129 112 81 60 122 24 124 87 107 89 142 92 63 69 72 13 77 48 101 57 179 67 48 91 37 46 109 34 81 66 63 71 103 29 76 105 30 103 124 69 100 128 67 90 64 124 54 88 
63 0 18 21 139 105 79 96 49 96 104 77 79 93 90 62 44 145 77 118 92 9 68 97 33 88 6 134 110 74 62 92 17 148 57 82 86 48 66 123 52 61 120 85 129 92 89 145 113 52 72 17 139 107 43 
63 18 0 3 121 87 72 96 49 78 97 59 61 75 72 44 26 139 95 100 81 9 50 79 15 81 24 116 92 56 80 74 35 130 39 89 81 66 84 107 34 68 102 67 140 74 84 137 131 70 54 1 121 91 25 
66 21 3 0 124 90 75 99 52 81 100 62 64 72 69 41 29 142 98 103 84 12 53 82 18 84 27 113 95 53 83 77 38 127 42 92 84 69 87 110 37 71 105 70 143 77 87 139 134 73 57 4 124 94 28 
123 139 121 124 0 166 110 160 134 130 127 62 99 155 188 165 121 172 136 60 91 130 110 113 136 124 145 237 116 123 122 86 154 106 131 128 85 120 120 122 126 107 154 93 164 169 88 106 172 124 93 122 151 103 122 
117 105 87 90 166 0 104 147 121 94 91 146 93 162 159 131 113 82 154 106 78 96 104 166 72 144 111 203 80 117 109 80 122 97 96 124 120 125 114 123 91 138 118 87 160 161 117 164 190 129 141 88 137 63 112 
35 79 72 75 110 104 0 117 95 50 25 131 11 125 122 116 98 111 93 50 56 81 22 86 57 88 73 184 36 35 87 24 81 96 43 68 53 64 58 79 38 77 74 17 90 89 56 87 129 68 91 73 93 41 97 
129 96 96 99 160 147 117 0 47 67 92 155 114 171 168 140 122 121 165 127 69 87 125 175 111 165 94 212 81 138 38 101 83 155 121 145 133 136 135 96 116 149 91 108 181 170 136 135 201 140 150 95 110 84 121 
112 49 49 52 134 121 95 47 0 95 70 108 88 124 121 93 75 156 126 101 43 40 99 128 64 130 55 165 81 105 74 75 66 147 88 119 130 97 109 124 83 110 119 82 155 123 133 143 162 101 103 48 138 58 74 
81 96 78 81 130 94 50 67 95 0 25 137 57 149 119 122 59 61 139 70 76 87 68 112 93 108 102 184 14 81 105 44 113 88 89 88 66 110 78 29 84 101 24 51 124 107 69 98 175 114 87 79 43 61 58 
60 104 97 100 127 91 25 92 70 25 0 156 36 150 144 129 84 86 118 67 73 106 47 111 82 105 98 159 11 60 104 41 106 113 68 85 78 89 75 54 63 102 49 42 115 114 81 73 154 93 112 98 68 58 83 
122 77 59 62 62 146 131 155 108 137 156 0 120 134 131 103 85 198 154 122 131 68 109 138 74 140 83 175 151 115 139 133 94 168 98 148 140 125 143 166 93 127 134 126 199 133 143 168 190 129 113 60 141 146 84 
24 79 61 64 99 93 11 114 88 57 36 120 0 114 111 105 87 118 82 39 45 70 11 75 46 77 81 177 43 24 76 13 70 85 32 57 42 53 47 79 27 66 81 6 79 100 45 76 118 57 80 62 100 30 86 
124 93 75 72 155 162 125 171 124 149 150 134 114 0 96 31 90 210 57 139 121 84 111 145 90 93 99 185 143 125 147 113 110 183 90 69 156 61 123 178 95 48 173 120 142 138 159 129 93 65 62 76 192 106 91 
87 90 72 69 188 159 122 168 121 119 144 131 111 96 0 110 67 180 151 150 153 81 100 120 87 126 96 182 133 122 152 124 107 185 111 130 153 122 156 148 106 109 143 117 188 115 156 187 187 126 95 73 162 141 66 
107 62 44 41 165 131 116 140 93 122 129 103 105 31 110 0 70 183 88 118 90 53 94 123 59 124 68 154 122 94 121 92 79 164 83 100 125 92 126 151 78 79 146 99 144 118 128 98 124 96 93 45 165 75 69 
89 44 26 29 121 113 98 122 75 59 84 85 87 90 67 70 0 120 84 126 107 35 76 55 41 59 50 142 73 63 106 100 61 120 65 63 107 55 89 88 60 42 83 93 124 48 110 157 120 59 28 27 102 117 1 
142 145 139 142 172 82 111 121 156 61 86 198 118 210 180 183 120 0 200 112 114 148 129 173 131 169 139 245 75 128 83 105 128 149 150 149 127 171 139 90 145 162 85 112 185 168 130 159 236 175 148 140 104 122 119 
92 77 95 98 136 154 93 165 126 139 118 154 82 57 151 88 84 200 0 121 110 86 79 139 82 61 71 211 125 106 127 95 82 151 58 63 124 29 91 161 63 42 163 88 102 132 127 158 36 25 56 94 176 112 85 
63 118 100 103 60 106 50 127 101 70 67 122 39 139 150 118 126 112 121 0 58 109 50 114 85 90 120 216 56 63 89 26 109 46 71 70 81 92 60 99 66 91 94 33 104 139 84 115 157 96 105 101 91 43 125 
69 92 81 84 91 78 56 69 43 76 73 131 45 121 153 90 107 114 110 58 0 83 56 120 66 96 87 197 62 69 31 32 76 104 52 76 87 81 66 97 47 94 87 39 112 145 90 121 146 85 108 82 113 15 106 
72 9 9 12 130 96 81 87 40 87 106 68 70 84 81 53 35 148 86 109 83 0 59 88 24 90 15 125 101 65 71 83 26 139 48 91 90 57 75 116 43 70 111 76 138 83 93 146 122 61 63 8 130 98 34 
13 68 50 53 110 104 22 125 99 68 47 109 11 111 100 94 76 129 79 50 56 59 0 64 35 88 70 166 54 35 87 24 59 96 21 68 53 50 58 90 16 63 92 17 90 111 56 87 115 54 77 51 111 41 75 
77 97 79 82 113 166 86 175 128 112 111 138 75 145 120 123 55 173 139 114 120 88 64 0 94 114 103 188 101 99 151 88 114 130 85 118 117 110 122 141 80 97 111 81 154 103 120 151 175 114 83 80 85 105 54 
48 33 15 18 136 72 57 111 64 93 82 74 46 90 87 59 41 131 82 85 66 24 35 94 0 93 39 131 89 70 95 59 50 131 24 87 88 53 93 122 19 66 117 52 125 89 91 122 118 57 69 16 132 76 40 
101 88 81 84 124 144 88 165 130 108 105 140 77 93 126 124 59 169 61 90 96 90 88 114 93 0 82 175 94 101 127 64 93 90 69 66 119 40 30 137 74 45 132 71 113 107 122 153 97 36 31 82 135 81 60 
57 6 24 27 145 111 73 94 55 102 98 83 81 99 96 68 50 139 71 120 87 15 70 103 39 82 0 140 109 80 56 94 11 154 63 76 80 42 72 117 58 55 126 87 123 98 83 151 107 46 69 23 145 102 49 
179 134 116 113 237 203 184 212 165 184 159 175 177 185 182 154 142 245 211 216 197 125 166 188 131 175 140 0 170 166 196 190 151 225 155 205 197 182 200 213 150 184 206 183 256 190 200 232 247 186 170 117 180 207 141 
67 110 92 95 116 80 36 81 81 14 11 151 43 143 133 122 73 75 125 56 62 101 54 101 89 94 109 170 0 67 93 30 113 102 75 74 80 96 64 43 70 95 38 37 110 121 83 84 161 100 101 93 57 47 72 
48 74 56 53 123 117 35 138 105 81 60 115 24 125 122 94 63 128 106 63 69 65 35 99 70 101 80 166 67 0 100 37 91 74 56 81 66 77 71 103 51 90 105 30 103 111 69 100 142 81 91 57 119 54 64 
91 62 80 83 122 109 87 38 74 105 104 139 76 147 152 121 106 83 127 89 31 71 87 151 95 127 56 196 93 100 0 63 45 135 83 107 114 98 97 128 78 111 118 70 143 154 117 152 163 102 125 79 144 46 105 
37 92 74 77 86 80 24 101 75 44 41 133 13 113 124 92 100 105 95 26 32 83 24 88 59 64 94 190 30 37 63 0 83 72 45 44 55 66 34 73 40 65 68 7 80 113 58 89 131 70 79 75 87 17 99 
46 17 35 38 154 122 81 83 66 113 106 94 70 110 107 79 61 128 82 109 76 26 59 114 50 93 11 151 113 91 45 83 0 155 74 87 69 53 83 106 69 66 137 76 134 109 72 146 118 57 80 34 142 91 60 
109 148 130 127 106 97 96 155 147 88 113 168 85 183 185 164 120 149 151 46 104 139 96 130 131 90 154 225 102 74 135 72 155 0 117 116 127 130 106 117 112 135 71 79 150 168 130 161 117 126 121 131 45 89 119 
34 57 39 42 131 96 43 121 88 89 68 98 32 90 111 83 65 150 58 71 52 48 21 85 24 69 63 155 75 56 83 45 74 117 0 63 74 29 79 111 5 42 113 38 110 113 77 108 94 33 56 40 118 62 64 
81 82 89 92 128 124 68 145 119 88 85 148 57 69 130 100 63 149 63 70 76 91 68 118 87 66 76 205 74 81 107 44 87 116 63 0 99 34 78 117 68 21 112 51 115 111 102 133 99 38 35 90 131 61 64 
66 86 81 84 85 120 53 133 130 66 78 140 42 156 153 125 107 127 124 81 87 90 53 117 88 119 80 197 80 66 114 55 69 127 74 99 0 95 89 37 69 108 90 48 121 142 3 118 160 99 122 82 109 72 106 
63 48 66 69 120 125 64 136 97 110 89 125 53 61 122 92 55 171 29 92 81 57 50 110 53 40 42 182 96 77 98 66 53 130 29 34 95 0 70 132 34 13 134 59 81 103 98 129 65 4 27 65 147 83 56 
71 66 84 87 120 114 58 135 109 78 75 143 47 123 156 126 89 139 91 60 66 75 58 122 93 30 72 200 64 71 97 34 83 106 79 78 89 70 0 107 74 75 102 41 114 137 92 123 127 66 61 83 121 51 90 
103 123 107 110 122 123 79 96 124 29 54 166 79 178 148 151 88 90 161 99 97 116 90 141 122 137 117 213 43 103 128 73 106 117 111 117 37 132 107 0 106 130 53 80 153 136 40 127 197 136 116 108 72 82 87 
29 52 34 37 126 91 38 116 83 84 63 93 27 95 106 78 60 145 63 66 47 43 16 80 19 74 58 150 70 51 78 40 69 112 5 68 69 34 74 106 0 47 108 33 106 108 72 103 99 38 61 35 113 57 59 
76 61 68 71 107 138 77 149 110 101 102 127 66 48 109 79 42 162 42 91 94 70 63 97 66 45 55 184 95 90 111 65 66 135 42 21 108 13 75 130 47 0 125 72 94 90 111 142 78 17 14 69 144 82 43 
105 120 102 105 154 118 74 91 119 24 49 134 81 173 143 146 83 85 163 94 87 111 92 111 117 132 126 206 38 105 118 68 137 71 113 112 90 134 102 53 108 125 0 75 148 131 93 122 188 138 111 103 26 85 82 
30 85 67 70 93 87 17 108 82 51 42 126 6 120 117 99 93 112 88 33 39 76 17 81 52 71 87 183 37 30 70 7 76 79 38 51 48 59 41 80 33 72 75 0 73 106 51 82 124 63 86 68 94 24 92 
103 129 140 143 164 160 90 181 155 124 115 199 79 142 188 144 124 185 102 104 112 138 90 154 125 113 123 256 110 103 143 80 134 150 110 115 121 81 114 153 106 94 148 73 0 172 124 155 138 77 96 141 167 97 125 
124 92 74 77 169 161 89 170 123 107 114 133 100 138 115 118 48 168 132 139 145 83 111 103 89 107 98 190 121 111 154 113 109 168 113 111 142 103 137 136 108 90 131 106 172 0 145 176 168 107 76 75 150 130 49 
69 89 84 87 88 117 56 136 133 69 81 143 45 159 156 128 110 130 127 84 90 93 56 120 91 122 83 200 83 69 117 58 72 130 77 102 3 98 92 40 72 111 93 51 124 145 0 121 163 102 125 85 112 75 109 
100 145 137 139 106 164 87 135 143 98 73 168 76 129 187 98 157 159 158 115 121 146 87 151 122 153 151 232 84 100 152 89 146 161 108 133 118 129 123 127 103 142 122 82 155 176 121 0 194 133 156 138 141 106 156 
128 113 131 134 172 190 129 201 162 175 154 190 118 93 187 124 120 236 36 157 146 122 115 175 118 97 107 247 161 142 163 131 118 117 94 99 160 65 127 197 99 78 188 124 138 168 163 194 0 61 92 130 162 148 121 
67 52 70 73 124 129 68 140 101 114 93 129 57 65 126 96 59 175 25 96 85 61 54 114 57 36 46 186 100 81 102 70 57 126 33 38 99 4 66 136 38 17 138 63 77 107 102 133 61 0 31 69 151 87 60 
90 72 54 57 93 141 91 150 103 87 112 113 80 62 95 93 28 148 56 105 108 63 77 83 69 31 69 170 101 91 125 79 80 121 56 35 122 27 61 116 61 14 111 86 96 76 125 156 92 31 0 55 130 96 29 
64 17 1 4 122 88 73 95 48 79 98 60 62 76 73 45 27 140 94 101 82 8 51 80 16 82 23 117 93 57 79 75 34 131 40 90 82 65 83 108 35 69 103 68 141 75 85 138 130 69 55 0 122 92 26 
124 139 121 124 151 137 93 110 138 43 68 141 100 192 162 165 102 104 176 91 113 130 111 85 132 135 145 180 57 119 144 87 142 45 118 131 109 147 121 72 113 144 26 94 167 150 112 141 162 151 130 122 0 104 101 
54 107 91 94 103 63 41 84 58 61 58 146 30 106 141 75 117 122 112 43 15 98 41 105 76 81 102 207 47 54 46 17 91 89 62 61 72 83 51 82 57 82 85 24 97 130 75 106 148 87 96 92 104 0 116 
88 43 25 28 122 112 97 121 74 58 83 84 86 91 66 69 1 119 85 125 106 34 75 54 40 60 49 141 72 64 105 99 60 119 64 64 106 56 90 87 59 43 82 92 125 49 109 156 121 60 29 26 101 116 0 
95
25
35
1
29
100
24
51
55
44
19
93
15
88
20
20
42
74
43
7
100
43
39
19
86
52
16
12
78
81
63
31
29
71
94
81
37
63
11
62
18
38
51
21
75
93
60
76
26
63
50
34
65
5
