55
0 118 109 128 75 134 73 111 86 89 106 51 103 100 37 36 52 114 40 50 65 52 74 61 18 88 66 103 45 103 59 108 86 101 47 15 46 66 19 120 106 35 122 47 61 89 147 71 66 66 80 71 44 26 52 
118 0 123 141 134 147 86 172 99 160 150 110 130 127 96 95 79 127 99 132 128 110 120 88 100 146 115 136 127 130 72 83 129 150 110 133 128 93 112 138 164 117 181 105 119 102 223 110 174 125 165 169 103 144 111 
109 123 0 104 79 110 37 112 50 97 160 88 19 106 74 73 58 90 69 99 69 97 71 61 119 111 55 31 98 103 51 72 48 56 87 106 99 72 90 38 93 88 114 92 92 53 121 50 135 79 105 140 65 95 76 
128 141 104 0 116 6 67 153 80 157 178 92 123 120 93 92 76 14 96 121 117 89 101 85 146 125 96 127 116 127 69 102 110 131 99 131 117 86 109 119 131 106 136 94 98 83 177 91 80 107 146 75 100 120 108 
75 134 79 116 0 112 53 81 66 123 135 24 96 103 38 39 55 102 43 82 89 61 47 64 93 97 24 91 77 106 62 88 74 59 71 75 78 69 56 105 93 67 125 66 52 69 152 29 83 39 74 88 47 64 45 
134 147 110 6 112 0 73 159 86 163 184 98 129 114 99 98 82 20 102 127 123 95 107 91 152 131 102 133 122 133 75 108 116 137 105 137 123 80 115 125 130 112 142 100 104 78 183 97 86 113 152 81 103 126 114 
73 86 37 67 53 73 0 86 13 92 123 52 56 69 38 37 21 53 41 62 64 64 34 30 91 100 29 60 72 72 14 35 43 64 74 80 66 35 54 52 88 62 123 69 55 16 147 24 109 42 79 105 45 69 50 
111 172 112 153 81 159 86 0 99 156 190 105 118 155 95 94 107 139 98 91 111 93 120 116 129 129 57 124 66 158 100 121 107 81 93 108 87 121 92 137 126 76 180 88 102 102 185 62 137 115 107 142 102 97 78 
86 99 50 80 66 86 13 99 0 105 136 65 58 82 51 50 34 66 54 75 77 77 47 43 104 113 42 70 85 85 27 22 56 77 87 93 79 48 67 39 101 75 136 82 68 29 160 37 122 55 92 118 58 82 63 
89 160 97 157 123 163 92 156 105 0 183 107 78 129 98 97 81 143 101 82 70 70 87 72 107 106 99 66 97 114 88 127 49 115 80 74 78 95 103 97 94 87 173 75 79 108 153 104 125 92 136 129 105 85 113 
106 150 160 178 135 184 123 190 136 183 0 111 153 150 97 96 102 164 100 144 160 146 134 111 124 182 133 159 139 153 109 158 166 168 142 110 140 116 113 172 200 129 182 141 139 139 241 138 161 126 175 166 104 121 112 
51 110 88 92 24 98 52 105 65 107 111 0 82 79 14 15 31 78 19 63 65 37 23 40 69 73 48 78 58 82 38 87 61 83 47 66 59 45 32 97 91 48 101 42 28 68 150 53 83 15 98 78 23 77 31 
103 130 19 123 96 129 56 118 58 78 153 82 0 99 68 67 51 109 71 88 50 78 67 42 121 92 72 12 83 84 58 80 29 37 68 100 84 65 84 19 74 73 95 73 87 72 133 69 137 75 116 137 70 111 83 
100 127 106 120 103 114 69 155 82 129 150 79 99 0 65 64 48 110 61 112 132 114 102 57 118 146 98 105 107 99 55 104 112 133 114 115 108 34 81 118 157 97 143 109 107 85 209 93 162 94 148 157 57 126 80 
37 96 74 93 38 99 38 95 51 98 97 14 68 65 0 1 17 79 5 49 69 51 37 26 55 87 38 74 44 68 24 73 73 73 51 52 45 31 18 83 105 34 87 46 42 54 146 43 97 29 88 92 9 63 17 
36 95 73 92 39 98 37 94 50 97 96 15 67 64 1 0 16 78 4 48 68 50 38 25 54 86 37 73 43 67 23 72 72 72 50 51 44 30 17 84 104 33 86 45 43 53 145 42 98 30 87 93 8 62 16 
52 79 58 76 55 82 21 107 34 81 102 31 51 48 17 16 0 62 20 64 84 66 54 9 70 102 50 57 59 51 7 56 64 85 66 67 60 14 33 70 109 49 102 61 59 37 161 45 114 46 100 109 24 78 32 
114 127 90 14 102 20 53 139 66 143 164 78 109 110 79 78 62 0 82 107 103 75 87 71 132 111 82 113 102 113 55 88 96 117 85 117 103 76 95 105 117 92 122 80 84 69 176 77 66 93 132 61 86 106 94 
40 99 69 96 43 102 41 98 54 101 100 19 71 61 5 4 20 82 0 52 72 54 42 29 58 90 41 77 47 71 27 76 76 76 54 55 48 27 21 88 108 37 82 49 47 57 149 46 102 34 91 97 4 66 20 
50 132 99 121 82 127 62 91 75 82 144 63 88 112 49 48 64 107 52 0 50 32 62 73 68 63 58 88 25 77 71 97 71 93 32 64 4 78 31 107 81 15 134 27 41 78 140 53 96 54 108 91 56 75 55 
65 128 69 117 89 123 64 111 77 70 160 65 50 132 69 68 84 103 72 50 0 28 58 92 83 64 71 38 45 112 78 99 21 87 18 50 46 98 51 69 66 35 145 23 37 80 125 73 87 50 108 87 76 61 84 
52 110 97 89 61 95 64 93 77 70 146 37 78 114 51 50 66 75 54 32 28 0 30 75 70 36 60 66 27 101 73 99 49 95 10 42 28 80 33 97 54 17 136 5 9 80 113 55 64 22 96 59 58 53 66 
74 120 71 101 47 107 34 120 47 87 134 23 67 102 37 38 54 87 42 62 58 30 0 63 92 66 63 55 57 105 48 69 38 98 40 72 58 68 55 86 83 47 124 35 21 50 142 58 76 8 113 71 46 83 54 
61 88 61 85 64 91 30 116 43 72 111 40 42 57 26 25 9 71 29 73 92 75 63 0 79 111 59 54 68 42 16 65 71 79 75 76 69 23 42 61 116 58 111 70 68 46 170 54 123 55 109 118 33 87 41 
18 100 119 146 93 152 91 129 104 107 124 69 121 118 55 54 70 132 58 68 83 70 92 79 0 106 74 121 63 121 77 126 104 109 65 33 64 84 37 138 124 53 140 65 79 107 165 69 84 84 98 89 62 44 70 
88 146 111 125 97 131 100 129 113 106 182 73 92 146 87 86 102 111 90 63 64 36 66 111 106 0 87 80 63 132 109 110 63 122 46 78 59 112 69 111 18 53 172 41 45 108 77 91 100 58 60 95 94 89 102 
66 115 55 96 24 102 29 57 42 99 133 48 72 98 38 37 50 82 41 58 71 60 63 59 74 87 0 67 53 101 43 64 50 35 60 51 54 64 54 81 69 43 123 55 69 45 128 5 80 63 50 85 45 40 21 
103 136 31 127 91 133 60 124 70 66 159 78 12 105 74 73 57 113 77 88 38 66 55 54 121 80 67 0 83 96 64 92 17 49 56 88 84 71 89 31 62 73 107 61 75 76 121 72 125 63 104 125 81 99 88 
45 127 98 116 77 122 72 66 85 97 139 58 83 107 44 43 59 102 47 25 45 27 57 68 63 63 53 83 0 94 66 107 66 88 27 59 21 73 26 102 81 10 129 22 36 88 139 48 91 49 103 86 51 70 59 
103 130 103 127 106 133 72 158 85 114 153 82 84 99 68 67 51 113 71 77 112 101 105 42 121 132 101 96 94 0 58 107 113 121 94 118 73 65 84 103 150 84 144 96 110 88 209 96 163 97 151 160 75 129 83 
59 72 51 69 62 75 14 100 27 88 109 38 58 55 24 23 7 55 27 71 78 73 48 16 77 109 43 64 66 58 0 49 57 78 73 74 67 21 40 66 102 56 109 68 66 30 161 38 121 53 93 116 31 83 39 
108 83 72 102 88 108 35 121 22 127 158 87 80 104 73 72 56 88 76 97 99 99 69 65 126 110 64 92 107 107 49 0 78 99 109 110 101 70 89 61 92 97 158 104 90 51 151 59 139 77 114 140 80 99 85 
86 129 48 110 74 116 43 107 56 49 166 61 29 112 73 72 64 96 76 71 21 49 38 71 104 63 50 17 66 113 57 78 0 66 39 71 67 78 72 48 45 56 124 44 58 59 104 55 108 46 87 108 80 82 71 
101 150 56 131 59 137 64 81 77 115 168 83 37 133 73 72 85 117 76 93 87 95 98 79 109 122 35 49 88 121 78 99 66 0 95 86 89 99 89 56 104 78 132 90 104 80 163 40 115 98 85 120 80 75 56 
47 110 87 99 71 105 74 93 87 80 142 47 68 114 51 50 66 85 54 32 18 10 40 75 65 46 60 56 27 94 73 109 39 95 0 32 28 80 33 87 64 17 136 5 19 90 123 55 69 32 97 69 58 43 66 
15 133 106 131 75 137 80 108 93 74 110 66 100 115 52 51 67 117 55 64 50 42 72 76 33 78 51 88 59 118 74 110 71 86 32 0 60 81 34 119 96 49 137 37 51 96 155 56 51 64 65 56 59 11 67 
46 128 99 117 78 123 66 87 79 78 140 59 84 108 45 44 60 103 48 4 46 28 58 69 64 59 54 84 21 73 67 101 67 89 28 60 0 74 27 103 77 11 130 23 37 82 136 49 92 50 104 87 52 71 51 
66 93 72 86 69 80 35 121 48 95 116 45 65 34 31 30 14 76 27 78 98 80 68 23 84 112 64 71 73 65 21 70 78 99 80 81 74 0 47 84 123 63 109 75 73 51 175 59 128 60 114 123 23 92 46 
19 112 90 109 56 115 54 92 67 103 113 32 84 81 18 17 33 95 21 31 51 33 55 42 37 69 54 89 26 84 40 89 72 89 33 34 27 47 0 101 87 16 103 28 42 70 128 54 85 47 99 90 25 45 33 
120 138 38 119 105 125 52 137 39 97 172 97 19 118 83 84 70 105 88 107 69 97 86 61 138 111 81 31 102 103 66 61 48 56 87 119 103 84 101 0 93 92 114 92 106 68 152 76 156 94 131 156 89 121 100 
106 164 93 131 93 130 88 126 101 94 200 91 74 157 105 104 109 117 108 81 66 54 83 116 124 18 69 62 81 150 102 92 45 104 64 96 77 123 87 93 0 71 169 59 63 104 59 74 118 76 42 113 112 107 90 
35 117 88 106 67 112 62 76 75 87 129 48 73 97 34 33 49 92 37 15 35 17 47 58 53 53 43 73 10 84 56 97 56 78 17 49 11 63 16 92 71 0 119 12 26 78 130 38 81 39 93 76 41 60 49 
122 181 114 136 125 142 123 180 136 173 182 101 95 143 87 86 102 122 82 134 145 136 124 111 140 172 123 107 129 144 109 158 124 132 136 137 130 109 103 114 169 119 0 131 129 139 228 128 184 116 173 179 86 148 102 
47 105 92 94 66 100 69 88 82 75 141 42 73 109 46 45 61 80 49 27 23 5 35 70 65 41 55 61 22 96 68 104 44 90 5 37 23 75 28 92 59 12 131 0 14 85 118 50 69 27 101 64 53 48 61 
61 119 92 98 52 104 55 102 68 79 139 28 87 107 42 43 59 84 47 41 37 9 21 68 79 45 69 75 36 110 66 90 58 104 19 51 37 73 42 106 63 26 129 14 0 71 122 64 55 13 105 50 51 62 59 
89 102 53 83 69 78 16 102 29 108 139 68 72 85 54 53 37 69 57 78 80 80 50 46 107 108 45 76 88 88 30 51 59 80 90 96 82 51 70 68 104 78 139 85 71 0 163 40 125 58 95 121 61 85 66 
147 223 121 177 152 183 147 185 160 153 241 150 133 209 146 145 161 176 149 140 125 113 142 170 165 77 128 121 139 209 161 151 104 163 123 155 136 175 128 152 59 130 228 118 122 163 0 133 177 135 101 172 153 166 149 
71 110 50 91 29 97 24 62 37 104 138 53 69 93 43 42 45 77 46 53 73 55 58 54 69 91 5 72 48 96 38 59 55 40 55 56 49 59 54 76 74 38 128 50 64 40 133 0 85 66 55 90 50 45 26 
66 174 135 80 83 86 109 137 122 125 161 83 137 162 97 98 114 66 102 96 87 64 76 123 84 100 80 125 91 163 121 139 108 115 69 51 92 128 85 156 118 81 184 69 55 125 177 85 0 68 116 5 106 40 101 
66 125 79 107 39 113 42 115 55 92 126 15 75 94 29 30 46 93 34 54 50 22 8 55 84 58 63 63 49 97 53 77 46 98 32 64 50 60 47 94 76 39 116 27 13 58 135 66 68 0 113 63 38 75 46 
80 165 105 146 74 152 79 107 92 136 175 98 116 148 88 87 100 132 91 108 108 96 113 109 98 60 50 104 103 151 93 114 87 85 97 65 104 114 99 131 42 93 173 101 105 95 101 55 116 113 0 121 95 76 71 
71 169 140 75 88 81 105 142 118 129 166 78 137 157 92 93 109 61 97 91 87 59 71 118 89 95 85 125 86 160 116 140 108 120 69 56 87 123 90 156 113 76 179 64 50 121 172 90 5 63 121 0 101 45 106 
44 103 65 100 47 103 45 102 58 105 104 23 70 57 9 8 24 86 4 56 76 58 46 33 62 94 45 81 51 75 31 80 80 80 58 59 52 23 25 89 112 41 86 53 51 61 153 50 106 38 95 101 0 70 24 
26 144 95 120 64 126 69 97 82 85 121 77 111 126 63 62 78 106 66 75 61 53 83 87 44 89 40 99 70 129 83 99 82 75 43 11 71 92 45 121 107 60 148 48 62 85 166 45 40 75 76 45 70 0 61 
52 111 76 108 45 114 50 78 63 113 112 31 83 80 17 16 32 94 20 55 84 66 54 41 70 102 21 88 59 83 39 85 71 56 66 67 51 46 33 100 90 49 102 61 59 66 149 26 101 46 71 106 24 61 0 
70
7
18
53
63
20
18
75
69
100
10
88
24
68
13
67
94
42
69
55
99
38
50
31
74
20
90
76
86
36
37
90
79
11
57
93
17
30
59
57
96
55
56
51
77
64
39
35
50
69
91
37
55
74
