55
0 123 89 84 139 81 44 66 57 105 131 36 129 124 78 56 40 57 83 110 73 111 77 62 85 158 94 204 74 112 133 59 103 125 133 77 124 93 138 120 87 128 66 131 119 112 129 61 122 2 44 23 86 5 43 
123 0 166 102 151 142 121 112 106 139 114 87 181 142 201 95 136 134 121 156 105 94 111 122 107 127 132 251 92 95 10 126 86 61 10 155 64 96 143 147 97 160 119 58 70 145 55 62 185 121 105 100 163 128 104 
89 166 0 148 165 81 87 63 108 148 158 79 133 151 159 97 109 48 91 33 70 137 120 151 161 77 80 201 150 121 176 102 130 139 165 106 140 140 114 31 107 125 109 131 119 59 134 104 126 87 120 66 3 94 119 
84 102 148 0 104 79 100 111 55 39 67 86 122 40 162 66 107 133 81 127 104 47 67 130 83 156 71 201 72 30 92 93 39 41 112 104 114 49 115 132 41 114 90 67 55 89 70 83 129 82 42 99 148 89 41 
139 151 165 104 0 143 124 127 111 143 93 119 186 105 66 122 159 117 126 171 130 57 157 156 145 148 115 265 134 74 161 80 65 132 141 168 174 75 159 163 138 140 87 93 81 186 96 144 193 137 104 116 162 139 105 
81 142 81 79 143 0 117 92 52 118 126 83 148 119 154 63 62 123 78 48 99 106 109 113 80 107 89 123 69 107 151 122 98 120 148 25 156 88 133 61 120 153 115 126 114 134 129 80 141 79 39 96 78 86 38 
44 121 87 100 124 117 0 75 65 61 119 34 114 114 122 54 64 55 117 114 82 110 33 106 119 143 128 193 108 107 131 44 102 141 131 101 80 101 97 118 131 137 51 130 118 136 133 59 107 42 78 21 84 49 79 
66 112 63 111 127 92 75 0 98 136 100 67 144 151 144 87 97 88 113 44 7 80 108 128 147 140 122 183 98 81 122 90 72 76 102 117 155 82 166 94 113 62 97 68 56 122 71 92 137 64 106 54 60 71 105 
57 106 108 55 111 52 65 98 0 94 74 31 128 95 135 11 52 78 52 100 105 54 98 119 54 123 63 175 43 55 116 70 46 96 96 77 145 36 107 77 96 101 63 74 62 124 77 56 135 55 13 44 107 62 14 
105 139 148 39 143 118 61 136 94 0 106 95 109 53 181 105 75 116 120 144 143 86 28 167 122 138 110 188 111 69 129 105 78 80 149 112 75 88 154 171 80 153 112 106 94 128 109 120 102 103 81 82 145 108 80 
131 114 158 67 93 126 119 100 74 106 0 105 178 107 159 85 126 150 89 144 93 36 134 119 128 147 78 215 117 37 124 86 28 108 104 151 143 38 122 142 101 103 79 56 44 149 59 130 185 129 87 118 155 136 88 
36 87 79 86 119 83 34 67 31 95 105 0 119 126 114 20 56 47 83 106 74 85 67 98 85 132 94 198 74 86 97 39 77 127 97 93 114 67 131 86 123 129 32 105 93 128 108 25 112 34 44 13 76 41 45 
129 181 133 122 186 148 114 144 128 109 178 119 0 82 179 139 128 140 137 100 151 158 81 191 74 174 146 79 145 152 182 106 150 163 191 165 128 160 102 164 163 206 99 178 166 157 181 139 7 127 115 106 130 134 116 
124 142 151 40 105 119 114 151 95 53 107 126 82 0 171 106 128 103 121 167 144 87 81 170 123 191 111 161 112 70 132 133 79 81 152 144 128 89 155 172 81 154 130 107 95 129 110 123 89 122 82 135 148 129 81 
78 201 159 162 66 154 122 144 135 181 159 114 179 171 0 134 118 135 107 176 151 123 155 140 156 82 118 206 152 140 199 137 131 198 207 129 145 141 154 128 155 198 144 159 147 190 162 139 186 80 122 101 162 73 121 
56 95 97 66 122 63 54 87 11 105 85 20 139 106 134 0 41 67 63 111 94 65 87 118 65 112 74 186 54 66 105 59 57 107 85 78 134 47 118 66 107 112 52 85 73 113 88 45 132 54 24 33 96 61 25 
40 136 109 107 159 62 64 97 52 75 126 56 128 128 118 41 0 77 104 110 104 106 47 102 106 149 115 185 95 107 146 79 98 148 126 37 94 88 127 107 120 153 86 126 114 72 129 81 121 38 65 43 106 45 66 
57 134 48 133 117 123 55 88 78 116 150 47 140 103 135 67 77 0 130 75 95 132 88 119 132 125 122 219 121 133 144 70 124 164 144 114 135 114 152 79 144 150 77 149 137 107 152 72 133 55 91 34 45 62 92 
83 121 91 81 126 78 117 113 52 120 89 83 137 121 107 63 104 130 0 69 120 69 125 140 80 75 11 162 69 52 131 115 61 122 113 103 134 71 55 121 110 91 112 71 77 110 68 59 144 81 39 96 88 88 40 
110 156 33 127 171 48 114 44 100 144 144 106 100 167 176 111 110 75 69 0 51 124 116 161 128 110 80 171 117 121 166 129 116 120 146 73 163 126 124 64 140 106 136 112 100 92 115 128 93 108 87 93 30 115 86 
73 105 70 104 130 99 82 7 105 143 93 74 151 144 151 94 104 95 120 51 0 73 115 124 154 147 115 176 91 74 115 97 65 69 95 124 148 75 159 101 106 55 104 61 49 129 64 99 144 71 113 61 67 78 112 
111 94 137 47 57 106 110 80 54 86 36 85 158 87 123 65 106 132 69 124 73 0 114 99 108 127 58 229 97 17 104 66 8 88 84 131 123 18 102 106 81 83 59 36 24 129 39 110 165 109 67 98 135 116 68 
77 111 120 67 157 109 33 108 98 28 134 67 81 81 155 87 47 88 125 116 115 114 0 139 127 110 136 160 116 97 101 77 106 108 121 84 47 116 126 151 108 170 84 134 122 119 137 92 74 75 86 54 117 82 85 
62 122 151 130 156 113 106 128 119 167 119 98 191 170 140 118 102 119 140 161 124 99 139 0 147 160 141 236 136 100 132 105 91 171 112 88 156 101 185 174 114 142 98 69 75 162 72 123 184 64 106 85 148 67 105 
85 107 161 83 145 80 119 147 54 122 128 85 74 123 156 65 106 132 80 128 154 108 127 147 0 155 91 153 71 109 117 124 100 124 117 105 171 90 135 131 124 155 117 128 116 172 131 84 81 83 41 98 158 83 42 
158 127 77 156 148 107 143 140 123 138 147 132 174 191 82 112 149 125 75 110 147 127 110 160 155 0 86 124 144 127 117 157 119 168 137 132 63 129 72 46 136 166 150 91 103 127 94 134 181 156 114 143 80 155 115 
94 132 80 71 115 89 128 122 63 110 78 94 146 111 118 74 115 122 11 80 115 58 136 141 91 86 0 173 80 41 142 104 50 112 124 114 123 60 44 111 112 80 101 78 66 99 79 70 153 92 50 107 77 99 51 
204 251 201 201 265 123 193 183 175 188 215 198 79 161 206 186 185 219 162 171 176 229 160 236 153 124 173 0 192 214 241 185 221 242 261 148 187 211 169 170 242 231 178 215 225 224 218 203 86 202 162 185 201 209 161 
74 92 150 72 134 69 108 98 43 111 117 74 145 112 152 54 95 121 69 117 91 97 116 136 71 144 80 192 0 98 82 78 89 113 102 94 136 79 124 120 113 144 85 117 105 161 120 73 152 72 30 87 147 79 31 
112 95 121 30 74 107 107 81 55 69 37 86 152 70 140 66 107 133 52 121 74 17 97 100 109 127 41 214 98 0 105 63 9 71 85 132 124 19 85 123 71 84 60 37 25 119 40 111 159 110 68 99 118 117 69 
133 10 176 92 161 151 131 122 116 129 124 97 182 132 199 105 146 144 131 166 115 104 101 132 117 117 142 241 82 105 0 129 96 51 20 145 54 106 133 157 107 170 122 68 80 150 65 72 175 131 112 110 173 138 113 
59 126 102 93 80 122 44 90 70 105 86 39 106 133 137 59 79 70 115 129 97 66 77 105 124 157 104 185 78 63 129 0 58 134 134 116 94 68 141 125 131 133 7 86 74 151 89 64 113 57 83 36 99 64 84 
103 86 130 39 65 98 102 72 46 78 28 77 150 79 131 57 98 124 61 116 65 8 106 91 100 119 50 221 89 9 96 58 0 80 76 123 115 10 94 114 73 75 51 28 16 121 31 102 157 101 59 90 127 108 60 
125 61 139 41 132 120 141 76 96 80 108 127 163 81 198 107 148 164 122 120 69 88 108 171 124 168 112 242 113 71 51 134 80 0 71 145 105 90 156 170 82 124 131 108 96 130 111 123 170 123 83 130 136 130 82 
133 10 165 112 141 148 131 102 96 149 104 97 191 152 207 85 126 144 113 146 95 84 121 112 117 137 124 261 102 85 20 134 76 71 0 163 74 86 153 137 87 150 127 48 60 135 45 72 195 131 109 110 162 138 110 
77 155 106 104 168 25 101 117 77 112 151 93 165 144 129 78 37 114 103 73 124 131 84 88 105 132 114 148 94 132 145 116 123 145 163 0 131 113 158 86 145 178 123 151 139 109 154 105 158 75 64 80 103 82 63 
124 64 140 114 174 156 80 155 145 75 143 114 128 128 145 134 94 135 134 163 148 123 47 156 171 63 123 187 136 124 54 94 115 105 74 131 0 125 79 109 132 190 87 87 99 134 90 92 121 122 133 101 143 129 132 
93 96 140 49 75 88 101 82 36 88 38 67 160 89 141 47 88 114 71 126 75 18 116 101 90 129 60 211 79 19 106 68 10 90 86 113 125 0 104 113 83 65 61 38 26 131 41 92 167 91 49 80 137 98 50 
138 143 114 115 159 133 97 166 107 154 122 131 102 155 154 118 127 152 55 124 159 102 126 185 135 72 44 169 124 85 133 141 94 156 153 158 79 104 0 118 103 124 145 122 110 55 123 114 109 136 94 118 117 143 95 
120 147 31 132 163 61 118 94 77 171 142 86 164 172 128 66 107 79 121 64 101 106 151 174 131 46 111 170 120 123 157 125 114 170 137 86 109 113 118 0 138 156 118 137 130 90 140 111 157 118 90 97 34 118 91 
87 97 107 41 138 120 131 113 96 80 101 123 163 81 155 107 120 144 110 140 106 81 108 114 124 136 112 242 113 71 107 131 73 82 87 145 132 83 103 138 0 148 124 45 57 48 42 124 170 89 83 110 110 82 82 
128 160 125 114 140 153 137 62 101 153 103 129 206 154 198 112 153 150 91 106 55 83 170 142 155 166 80 231 144 84 170 133 75 124 150 178 190 65 124 156 148 0 126 103 91 179 106 150 199 126 114 116 122 133 115 
66 119 109 90 87 115 51 97 63 112 79 32 99 130 144 52 86 77 112 136 104 59 84 98 117 150 101 178 85 60 122 7 51 131 127 123 87 61 145 118 124 126 0 79 67 158 82 57 106 64 76 43 106 71 77 
131 58 131 67 93 126 130 68 74 106 56 105 178 107 159 85 126 149 71 112 61 36 134 69 128 91 78 215 117 37 68 86 28 108 48 151 87 38 122 137 45 103 79 0 12 93 3 120 185 129 87 118 128 127 88 
119 70 119 55 81 114 118 56 62 94 44 93 166 95 147 73 114 137 77 100 49 24 122 75 116 103 66 225 105 25 80 74 16 96 60 139 99 26 110 130 57 91 67 12 0 105 15 118 173 117 75 106 116 124 76 
112 145 59 89 186 134 136 122 124 128 149 128 157 129 190 113 72 107 110 92 129 129 119 162 172 127 99 224 161 119 150 151 121 130 135 109 134 131 55 90 48 179 158 93 105 0 90 153 164 110 131 115 62 117 130 
129 55 134 70 96 129 133 71 77 109 59 108 181 110 162 88 129 152 68 115 64 39 137 72 131 94 79 218 120 40 65 89 31 111 45 154 90 41 123 140 42 106 82 3 15 90 0 117 188 131 90 121 131 124 91 
61 62 104 83 144 80 59 92 56 120 130 25 139 123 139 45 81 72 59 128 99 110 92 123 84 134 70 203 73 111 72 64 102 123 72 105 92 92 114 111 124 150 57 120 118 153 117 0 137 59 43 38 101 66 42 
122 185 126 129 193 141 107 137 135 102 185 112 7 89 186 132 121 133 144 93 144 165 74 184 81 181 153 86 152 159 175 113 157 170 195 158 121 167 109 157 170 199 106 185 173 164 188 137 0 120 122 99 123 127 123 
2 121 87 82 137 79 42 64 55 103 129 34 127 122 80 54 38 55 81 108 71 109 75 64 83 156 92 202 72 110 131 57 101 123 131 75 122 91 136 118 89 126 64 129 117 110 131 59 120 0 42 21 84 7 41 
44 105 120 42 104 39 78 106 13 81 87 44 115 82 122 24 65 91 39 87 113 67 86 106 41 114 50 162 30 68 112 83 59 83 109 64 133 49 94 90 83 114 76 87 75 131 90 43 122 42 0 57 117 49 1 
23 100 66 99 116 96 21 54 44 82 118 13 106 135 101 33 43 34 96 93 61 98 54 85 98 143 107 185 87 99 110 36 90 130 110 80 101 80 118 97 110 116 43 118 106 115 121 38 99 21 57 0 63 28 58 
86 163 3 148 162 78 84 60 107 145 155 76 130 148 162 96 106 45 88 30 67 135 117 148 158 80 77 201 147 118 173 99 127 136 162 103 143 137 117 34 110 122 106 128 116 62 131 101 123 84 117 63 0 91 116 
5 128 94 89 139 86 49 71 62 108 136 41 134 129 73 61 45 62 88 115 78 116 82 67 83 155 99 209 79 117 138 64 108 130 138 82 129 98 143 118 82 133 71 127 124 117 124 66 127 7 49 28 91 0 48 
43 104 119 41 105 38 79 105 14 80 88 45 116 81 121 25 66 92 40 86 112 68 85 105 42 115 51 161 31 69 113 84 60 82 110 63 132 50 95 91 82 115 77 88 76 130 91 42 123 41 1 58 116 48 0 
84
92
34
67
48
31
20
59
37
49
5
47
55
78
51
93
50
54
26
2
47
80
51
56
4
42
82
84
61
12
37
75
47
60
46
67
68
3
88
96
45
97
85
12
9
48
41
15
61
50
67
80
64
28
