60
0 82 67 65 59 65 95 52 115 66 51 62 71 49 59 65 84 57 35 83 108 69 88 132 35 64 123 93 101 68 75 106 87 92 12 49 61 60 80 94 42 78 53 43 85 93 74 92 7 51 91 74 81 65 14 36 80 62 116 53 
82 0 114 108 103 107 13 99 42 51 110 104 90 93 102 112 123 104 93 94 88 132 135 126 82 46 138 108 86 48 91 117 106 85 94 103 105 94 60 105 86 58 108 77 129 105 83 130 89 98 137 110 147 45 68 81 101 81 138 112 
67 114 0 15 12 96 101 49 100 63 29 93 66 27 21 62 93 22 36 57 115 69 85 118 32 97 68 98 98 93 98 80 74 55 78 65 94 57 83 68 29 85 27 40 63 132 59 91 73 16 69 75 66 96 77 33 41 60 78 31 
65 108 15 0 27 81 113 64 115 75 14 78 51 42 6 77 89 30 51 42 100 54 85 103 47 82 83 87 105 78 83 65 89 51 63 66 79 72 68 53 44 70 12 55 78 117 74 104 58 31 54 76 51 81 62 48 56 45 63 16 
59 103 12 27 0 108 113 61 88 75 41 105 60 24 33 74 81 34 24 52 106 81 93 123 44 88 71 101 110 84 93 75 62 43 71 77 106 69 74 63 17 76 39 52 60 123 47 103 66 28 81 63 78 87 73 45 29 51 90 43 
65 107 96 81 108 0 120 67 130 86 67 3 104 95 75 98 104 79 92 57 108 31 100 93 68 92 58 28 95 94 16 80 79 66 63 83 4 77 76 68 99 78 69 60 88 85 89 33 58 84 44 53 108 91 79 67 107 99 130 65 
95 13 101 113 113 120 0 86 55 38 99 117 77 96 107 99 110 91 95 81 75 119 122 113 69 33 125 95 73 35 104 104 119 72 85 102 118 81 47 92 99 45 101 64 132 92 93 117 90 85 124 97 140 32 81 68 111 68 125 101 
52 99 49 64 61 67 86 0 63 48 55 64 92 44 63 47 104 39 58 87 132 90 70 99 17 116 117 95 72 118 77 90 96 82 64 16 63 73 108 84 51 110 57 56 80 144 22 76 59 33 91 97 96 117 51 18 40 85 120 53 
115 42 100 115 88 130 55 63 0 93 104 127 132 104 112 110 148 102 104 136 130 153 133 162 80 88 159 150 128 90 133 153 142 127 127 79 126 136 102 147 97 100 106 119 140 147 41 139 122 96 140 143 145 87 110 81 59 123 169 102 
66 51 63 75 75 86 38 48 93 0 61 89 98 58 69 61 72 53 72 43 113 117 84 135 31 71 100 114 35 73 84 66 110 34 78 64 90 43 85 54 65 83 63 26 94 130 55 90 73 47 86 111 102 70 80 30 73 92 87 63 
51 110 29 14 41 67 99 55 104 61 0 64 37 33 8 68 79 16 47 32 101 68 75 89 38 83 89 73 91 79 73 55 85 41 49 56 65 86 69 43 40 71 2 69 69 118 63 94 44 22 40 86 41 82 48 39 45 46 65 2 
62 104 93 78 105 3 117 64 127 89 64 0 101 92 72 95 101 76 89 54 111 28 97 90 65 95 61 31 92 97 13 77 82 63 60 80 1 80 79 65 96 81 66 63 91 82 86 30 55 81 41 50 105 94 76 64 104 102 127 62 
71 90 66 51 60 104 77 92 132 98 37 101 0 50 45 105 116 53 36 69 64 97 112 102 75 46 110 80 128 42 105 92 88 78 83 93 102 123 32 80 43 34 39 106 86 81 95 130 78 59 77 75 78 45 85 76 77 9 102 39 
49 93 27 42 24 95 96 44 104 58 33 92 50 0 41 57 105 17 14 65 94 75 80 113 27 78 95 99 93 74 105 69 52 67 54 60 91 83 64 76 7 66 35 66 36 113 63 86 49 11 69 53 74 77 63 28 45 41 98 31 
59 102 21 6 33 75 107 63 112 69 8 72 45 41 0 76 83 24 55 36 94 60 79 97 46 76 89 81 99 72 77 59 93 45 57 60 73 78 62 47 48 64 6 61 77 111 71 102 52 30 48 82 45 75 56 47 53 39 57 10 
65 112 62 77 74 98 99 47 110 61 68 95 105 57 76 0 57 52 71 100 116 121 83 126 30 74 121 126 96 76 108 87 78 95 67 43 94 86 88 97 64 86 70 69 54 133 69 89 72 46 104 110 109 73 78 31 58 98 133 66 
84 123 93 89 81 104 110 104 148 72 79 101 116 105 83 57 0 95 105 47 173 129 90 146 87 131 104 132 107 133 88 70 135 38 90 100 102 115 145 58 98 143 77 98 103 171 126 131 85 101 119 144 116 130 70 88 110 122 120 81 
57 104 22 30 34 79 91 39 102 53 16 76 53 17 24 52 95 0 31 48 111 84 75 101 22 95 90 82 88 91 89 71 69 57 65 55 77 78 81 59 24 83 18 61 53 130 61 81 60 6 52 70 57 94 64 23 57 58 81 14 
35 93 36 51 24 92 95 58 104 72 47 89 36 14 55 71 105 31 0 76 82 61 94 113 41 64 95 98 107 60 102 83 52 67 47 74 88 93 50 87 7 52 49 76 50 99 63 100 42 25 83 39 88 63 49 42 45 27 112 45 
83 94 57 42 52 57 81 87 136 43 32 54 69 65 36 100 47 48 76 0 130 82 43 99 70 112 57 85 78 108 41 23 96 9 81 84 55 86 98 11 69 100 30 69 56 136 95 84 76 54 72 104 69 111 80 71 77 75 73 34 
108 88 115 100 106 108 75 132 130 113 101 111 64 94 94 116 173 111 82 130 0 100 94 38 121 44 110 80 138 46 101 114 134 139 96 116 112 156 32 139 89 30 100 139 130 77 120 128 101 105 87 78 139 43 122 122 127 55 151 103 
69 132 69 54 81 31 119 90 153 117 68 28 97 75 60 121 129 84 61 82 100 0 125 118 91 86 89 59 103 90 41 105 110 91 81 106 27 108 102 93 68 100 66 91 73 108 112 50 76 85 69 22 105 87 83 90 106 88 117 70 
88 135 85 85 93 100 122 70 133 84 75 97 112 80 79 83 90 75 94 43 94 125 0 56 53 138 54 84 119 140 84 20 53 52 100 86 98 109 126 54 87 124 73 92 53 159 92 76 95 69 105 108 112 137 102 54 110 118 116 77 
132 126 118 103 123 93 113 99 162 135 89 90 102 113 97 126 146 101 113 99 38 118 56 0 109 82 107 82 100 84 103 76 109 108 134 83 91 165 70 110 106 68 91 148 109 115 121 120 133 107 49 116 130 81 118 110 125 93 152 87 
35 82 32 47 44 68 69 17 80 31 38 65 75 27 46 30 87 22 41 70 121 91 53 109 0 99 100 96 66 101 78 73 79 65 47 33 64 56 91 67 34 93 40 39 63 128 39 59 42 16 74 80 79 100 49 1 57 68 103 36 
64 46 97 82 88 92 33 116 88 71 83 95 46 78 76 74 131 95 64 112 44 86 138 82 99 0 94 64 106 4 85 128 116 105 52 104 96 114 16 121 71 14 82 97 114 61 126 84 57 89 97 64 121 1 78 100 109 37 133 85 
123 138 68 83 71 58 125 117 159 100 89 61 110 95 89 121 104 90 95 57 110 89 54 107 100 94 0 30 114 96 74 34 107 66 121 132 62 125 78 68 88 80 87 108 67 127 118 91 116 84 63 111 105 93 137 101 100 101 130 91 
93 108 98 87 101 28 95 95 150 114 73 31 80 99 81 126 132 82 98 85 80 59 84 82 96 64 30 0 84 66 44 64 107 94 91 111 32 105 48 96 105 50 75 88 97 97 117 61 86 88 33 81 114 63 107 95 114 71 136 71 
101 86 98 105 110 95 73 72 128 35 91 92 128 93 99 96 107 88 107 78 138 103 119 100 66 106 114 84 0 108 105 99 145 69 113 88 93 78 120 89 100 118 93 61 66 165 90 122 108 82 51 81 132 105 115 65 108 127 52 89 
68 48 93 78 84 94 35 118 90 73 79 97 42 74 72 76 133 91 60 108 46 90 140 84 101 4 96 66 108 0 87 130 112 107 56 108 98 116 18 117 67 16 78 99 110 63 123 88 61 85 99 68 117 3 82 102 105 33 129 81 
75 91 98 83 93 16 104 77 133 84 73 13 105 105 77 108 88 89 102 41 101 41 84 103 78 85 74 44 105 87 0 64 95 50 73 93 14 93 73 52 109 71 71 76 97 95 99 43 68 94 54 63 110 84 89 77 117 96 114 75 
106 117 80 65 75 80 104 90 153 66 55 77 92 69 59 87 70 71 83 23 114 105 20 76 73 128 34 64 99 130 64 0 73 32 104 106 78 109 112 34 76 114 53 92 33 159 112 96 99 77 95 122 92 127 103 74 100 98 96 57 
87 106 74 89 62 79 119 96 142 110 85 82 88 52 93 78 135 69 52 96 134 110 53 109 79 116 107 107 145 112 95 73 0 105 99 112 83 105 102 107 45 104 87 114 88 106 101 112 94 63 121 91 126 115 101 80 83 79 150 83 
92 85 55 51 43 66 72 82 127 34 41 63 78 67 45 95 38 57 67 9 139 91 52 108 65 105 66 94 69 107 50 32 105 0 90 93 64 77 107 20 60 109 39 60 65 145 89 93 85 63 81 106 78 104 89 64 72 84 82 43 
12 94 78 63 71 63 85 64 127 78 49 60 83 54 57 67 90 65 47 81 96 81 100 134 47 52 121 91 113 56 73 104 99 90 0 52 59 72 68 92 54 66 51 55 90 81 86 90 5 63 89 86 90 53 26 48 92 74 114 51 
49 103 65 66 77 83 102 16 79 64 56 80 93 60 60 43 100 55 74 84 116 106 86 83 33 104 132 111 88 108 93 106 112 93 52 0 79 89 120 95 67 118 54 72 96 133 38 61 56 49 96 113 93 105 35 34 56 99 117 58 
61 105 94 79 106 4 118 63 126 90 65 1 102 91 73 94 102 77 88 55 112 27 98 91 64 96 62 32 93 98 14 78 83 64 59 79 0 81 80 66 95 82 67 64 92 81 85 31 54 80 42 49 106 95 75 63 103 103 128 63 
60 94 57 72 69 77 81 73 136 43 86 80 123 83 78 86 115 78 93 86 156 108 109 165 56 114 125 105 78 116 93 109 105 77 72 89 81 0 128 97 86 126 84 17 119 153 95 110 67 72 121 130 107 113 74 55 98 117 130 88 
80 60 83 68 74 76 47 108 102 85 69 79 32 64 62 88 145 81 50 98 32 102 126 70 91 16 78 48 120 18 73 112 102 107 68 120 80 128 0 107 57 2 68 111 100 49 113 100 73 75 81 80 107 15 94 92 95 23 119 71 
94 105 68 53 63 68 92 84 147 54 43 65 80 76 47 97 58 59 87 11 139 93 54 110 67 121 68 96 89 117 52 34 107 20 92 95 66 97 107 0 80 109 41 80 67 147 106 95 87 65 83 115 80 120 91 66 88 84 62 45 
42 86 29 44 17 99 99 51 97 65 40 96 43 7 48 64 98 24 7 69 89 68 87 106 34 71 88 105 100 67 109 76 45 60 54 67 95 86 57 80 0 59 42 69 43 106 56 93 49 18 76 46 81 70 56 35 38 34 105 38 
78 58 85 70 76 78 45 110 100 83 71 81 34 66 64 86 143 83 52 100 30 100 124 68 93 14 80 50 118 16 71 114 104 109 66 118 82 126 2 109 59 0 70 109 102 47 115 98 71 77 83 78 109 13 92 94 97 25 121 73 
53 108 27 12 39 69 101 57 106 63 2 66 39 35 6 70 77 18 49 30 100 66 73 91 40 82 87 75 93 78 71 53 87 39 51 54 67 84 68 41 42 70 0 67 71 117 65 96 46 24 42 88 39 81 50 41 47 45 63 4 
43 77 40 55 52 60 64 56 119 26 69 63 106 66 61 69 98 61 76 69 139 91 92 148 39 97 108 88 61 99 76 92 114 60 55 72 64 17 111 80 69 109 67 0 102 136 78 93 50 55 104 113 106 96 57 38 81 100 113 71 
85 129 63 78 60 88 132 80 140 94 69 91 86 36 77 54 103 53 50 56 130 73 53 109 63 114 67 97 66 110 97 33 88 65 90 96 92 119 100 67 43 102 71 102 0 149 99 121 85 47 105 89 110 113 99 64 81 77 118 67 
93 105 132 117 123 85 92 144 147 130 118 82 81 113 111 133 171 130 99 136 77 108 159 115 128 61 127 97 165 63 95 159 106 145 81 133 81 153 49 147 106 47 117 136 149 0 162 112 86 124 123 125 156 60 107 129 144 72 168 120 
74 83 59 74 47 89 93 22 41 55 63 86 95 63 71 69 126 61 63 95 120 112 92 121 39 126 118 117 90 123 99 112 101 89 86 38 85 95 113 106 56 115 65 78 99 162 0 98 81 55 99 102 104 125 73 40 18 90 128 61 
92 130 91 104 103 33 117 76 139 90 94 30 130 86 102 89 131 81 100 84 128 50 76 120 59 84 91 61 122 88 43 96 112 93 90 61 31 110 100 95 93 98 96 93 121 112 98 0 85 75 71 72 135 85 96 60 116 121 157 92 
7 89 73 58 66 58 90 59 122 73 44 55 78 49 52 72 85 60 42 76 101 76 95 133 42 57 116 86 108 61 68 99 94 85 5 56 54 67 73 87 49 71 46 50 85 86 81 85 0 58 84 81 85 58 21 43 87 69 109 46 
51 98 16 31 28 84 85 33 96 47 22 81 59 11 30 46 101 6 25 54 105 85 69 107 16 89 84 88 82 85 94 77 63 63 63 49 80 72 75 65 18 77 24 55 47 124 55 75 58 0 58 64 63 88 65 17 56 52 87 20 
91 137 69 54 81 44 124 91 140 86 40 41 77 69 48 104 119 52 83 72 87 69 105 49 74 97 63 33 51 99 54 95 121 81 89 96 42 121 81 83 76 83 42 104 105 123 99 71 84 58 0 91 81 96 88 75 81 86 103 38 
74 110 75 76 63 53 97 97 143 111 86 50 75 53 82 110 144 70 39 104 78 22 108 116 80 64 111 81 81 68 63 122 91 106 86 113 49 130 80 115 46 78 88 113 89 125 102 72 81 64 91 0 127 65 88 81 84 66 133 84 
81 147 66 51 78 108 140 96 145 102 41 105 78 74 45 109 116 57 88 69 139 105 112 130 79 121 105 114 132 117 110 92 126 78 90 93 106 107 107 80 81 109 39 106 110 156 104 135 85 63 81 127 0 120 89 80 86 84 102 43 
65 45 96 81 87 91 32 117 87 70 82 94 45 77 75 73 130 94 63 111 43 87 137 81 100 1 93 63 105 3 84 127 115 104 53 105 95 113 15 120 70 13 81 96 113 60 125 85 58 88 96 65 120 0 79 100 108 36 132 84 
14 68 77 62 73 79 81 51 110 80 48 76 85 63 56 78 70 64 49 80 122 83 102 118 49 78 137 107 115 82 89 103 101 89 26 35 75 74 94 91 56 92 50 57 99 107 73 96 21 65 88 88 89 79 0 50 91 76 113 50 
36 81 33 48 45 67 68 18 81 30 39 64 76 28 47 31 88 23 42 71 122 90 54 110 1 100 101 95 65 102 77 74 80 64 48 34 63 55 92 66 35 94 41 38 64 129 40 60 43 17 75 81 80 100 50 0 58 69 104 37 
80 101 41 56 29 107 111 40 59 73 45 104 77 45 53 58 110 57 45 77 127 106 110 125 57 109 100 114 108 105 117 100 83 72 92 56 103 98 95 88 38 97 47 81 81 144 18 116 87 56 81 84 86 108 91 58 0 72 110 43 
62 81 60 45 51 99 68 85 123 92 46 102 9 41 39 98 122 58 27 75 55 88 118 93 68 37 101 71 127 33 96 98 79 84 74 99 103 117 23 84 34 25 45 100 77 72 90 121 69 52 86 66 84 36 76 69 72 0 96 48 
116 138 78 63 90 130 125 120 169 87 65 127 102 98 57 133 120 81 112 73 151 117 116 152 103 133 130 136 52 129 114 96 150 82 114 117 128 130 119 62 105 121 63 113 118 168 128 157 109 87 103 133 102 132 113 104 110 96 0 67 
53 112 31 16 43 65 101 53 102 63 2 62 39 31 10 66 81 14 45 34 103 70 77 87 36 85 91 71 89 81 75 57 83 43 51 58 63 88 71 45 38 73 4 71 67 120 61 92 46 20 38 84 43 84 50 37 43 48 67 0 
2
47
67
1
26
27
1
13
27
35
57
3
83
39
98
70
9
27
24
22
5
32
38
24
65
53
73
8
1
93
46
93
88
20
60
60
22
64
5
15
2
10
35
69
18
92
16
17
76
30
11
29
43
98
13
93
7
30
29
