65
0 109 128 96 109 144 74 90 207 126 95 139 70 116 69 125 173 151 76 115 84 120 110 133 111 137 91 151 114 113 129 133 144 119 94 62 93 26 126 79 108 93 147 119 152 91 128 108 137 140 137 108 83 99 115 107 96 90 94 92 130 103 104 123 126 
109 0 83 95 94 67 73 19 102 120 55 62 77 87 113 43 64 110 49 54 79 63 144 62 34 104 69 117 29 86 54 83 73 77 67 70 54 83 76 39 31 16 108 31 93 56 57 107 66 69 47 35 91 84 114 2 61 92 117 21 74 15 27 52 85 
128 83 0 92 84 71 71 82 173 73 115 95 67 86 104 99 105 27 52 91 72 62 93 120 103 53 46 48 112 89 71 110 112 74 34 116 61 102 65 99 100 85 115 91 94 59 115 93 119 88 36 106 115 74 89 81 54 125 107 80 98 75 96 114 2 
96 95 92 0 97 54 22 79 161 142 139 110 26 104 77 79 159 98 49 88 73 81 165 118 92 125 47 119 93 86 90 105 129 75 67 106 41 70 136 123 89 82 95 106 125 39 113 134 122 113 99 95 110 87 127 96 44 98 66 77 78 110 93 67 91 
109 94 84 97 0 58 75 78 179 121 143 90 79 27 40 97 158 102 48 69 124 31 88 115 99 48 98 123 94 85 40 104 95 101 66 119 94 83 136 129 96 81 64 125 107 92 110 101 88 83 48 100 140 10 108 92 90 61 65 76 123 109 92 101 86 
144 67 71 54 58 0 76 54 155 90 122 75 80 51 78 73 131 44 84 99 127 27 126 87 69 86 101 65 87 94 36 69 106 112 101 137 95 118 82 106 66 51 88 82 103 93 82 80 101 82 86 93 133 48 73 65 98 99 103 56 65 82 40 43 69 
74 73 71 22 75 76 0 57 139 120 117 88 4 82 55 57 137 94 27 66 51 86 143 96 70 103 25 115 71 64 95 83 107 53 45 84 19 48 114 101 67 60 73 84 103 17 91 140 100 91 77 73 88 65 147 74 22 76 44 55 56 88 71 78 69 
90 19 82 79 78 54 57 0 121 108 74 49 61 85 98 47 83 98 30 69 98 78 131 43 21 91 82 104 48 67 69 87 54 58 48 89 73 64 71 58 18 3 122 50 100 74 38 88 47 56 62 54 110 68 95 17 79 111 101 2 55 34 14 33 80 
207 102 173 161 179 155 139 121 0 159 147 150 143 186 180 82 166 146 131 121 146 165 198 118 136 185 130 167 96 168 156 122 175 102 149 172 120 181 108 131 133 118 174 133 127 122 123 173 168 150 149 102 193 169 180 104 127 159 161 123 157 117 115 154 171 
126 120 73 142 121 90 120 108 159 0 142 104 116 114 101 77 90 46 121 116 141 90 114 75 129 122 115 25 91 124 99 37 60 143 103 136 115 100 84 126 126 111 151 108 113 117 70 20 67 97 109 97 131 111 27 122 122 122 76 106 93 122 110 115 71 
95 55 115 139 143 122 117 74 147 142 0 117 113 142 112 65 119 124 104 76 96 118 108 102 89 148 114 145 51 141 109 105 128 132 122 105 103 69 86 16 86 71 157 56 115 101 107 157 121 124 102 45 126 133 164 57 106 102 137 76 129 40 82 107 117 
139 62 95 110 90 75 88 49 150 104 117 0 84 97 110 68 108 107 71 107 131 101 82 39 64 42 105 86 82 34 92 108 103 107 89 132 106 113 120 101 61 46 134 77 146 105 34 84 96 7 81 88 153 80 91 60 110 90 124 51 104 77 35 82 93 
70 77 67 26 79 80 4 61 143 116 113 84 0 86 51 61 141 90 31 70 47 90 147 100 74 107 21 111 75 68 99 79 111 49 49 80 23 44 118 97 71 64 77 88 107 21 95 136 104 91 81 77 92 69 143 78 26 72 40 59 60 92 75 82 65 
116 87 86 104 27 51 82 85 186 114 142 97 86 0 47 104 151 95 55 76 97 24 95 122 106 55 71 116 99 91 33 111 68 99 73 126 70 90 129 126 103 88 37 118 100 68 117 94 61 90 55 105 147 17 101 85 63 68 72 83 107 102 91 94 84 
69 113 104 77 40 78 55 98 180 101 112 110 51 47 0 98 156 122 68 89 98 51 108 110 119 68 72 126 84 105 60 64 115 100 86 79 74 43 105 96 116 101 84 136 127 72 115 121 108 103 68 78 100 30 128 112 77 21 25 96 111 120 112 121 106 
125 43 99 79 97 73 57 47 82 77 65 68 61 104 98 0 107 99 49 39 64 100 116 65 62 110 53 102 14 86 97 40 97 81 67 113 38 99 61 49 59 44 92 74 90 40 62 97 94 75 90 20 134 87 104 45 45 77 79 49 75 58 33 80 97 
173 64 105 159 158 131 137 83 166 90 119 108 141 151 156 107 0 128 111 118 143 127 176 126 98 136 133 115 93 74 118 127 137 141 129 134 118 147 140 103 95 80 172 95 157 120 121 110 130 101 111 99 148 148 117 66 125 156 166 85 138 79 91 116 103 
151 110 27 98 102 44 94 98 146 46 124 107 90 95 122 99 128 0 75 110 95 71 116 121 113 76 69 21 85 112 80 83 85 97 57 102 84 125 38 108 110 95 132 118 67 82 116 66 92 100 63 79 89 92 73 108 77 122 122 100 89 102 84 87 25 
76 49 52 49 48 84 27 30 131 121 104 71 31 55 68 49 111 75 0 39 78 59 116 69 51 76 52 96 63 37 68 89 80 80 18 86 46 50 97 88 48 33 92 80 76 44 64 113 73 64 76 69 99 38 120 47 49 89 71 28 83 64 44 63 50 
115 54 91 88 69 99 66 69 121 116 76 107 70 76 89 39 118 110 39 0 75 80 137 76 88 97 91 131 25 76 89 79 108 119 57 124 77 89 72 60 85 70 95 85 72 79 81 131 112 103 97 31 138 59 138 56 84 88 110 67 70 69 72 56 89 
84 79 72 73 124 127 51 98 146 141 96 131 47 97 98 64 143 95 78 75 0 104 161 101 113 121 26 116 50 115 113 104 133 54 96 96 41 91 97 80 110 95 95 110 81 39 106 156 140 133 108 56 117 114 159 81 34 113 87 100 78 94 97 100 70 
120 63 62 81 31 27 86 78 165 90 118 101 90 24 51 100 127 71 59 80 104 0 99 114 90 59 95 92 92 67 9 96 92 112 77 130 94 94 105 102 87 75 61 94 76 92 109 70 85 94 59 98 151 21 77 61 87 72 76 80 92 78 67 70 60 
110 144 93 165 88 126 143 131 198 114 108 82 147 95 108 116 176 116 116 137 161 99 0 107 146 40 135 137 130 102 108 151 163 163 123 172 150 136 128 124 143 128 132 159 99 148 102 134 156 75 116 136 193 78 141 142 143 129 133 133 186 148 117 164 91 
133 62 120 118 115 87 96 43 118 75 102 39 100 122 110 65 126 121 69 76 101 114 107 0 64 67 118 100 51 59 112 105 93 101 87 132 103 107 98 86 61 46 156 93 107 105 5 55 86 32 105 57 153 105 62 60 110 114 85 41 98 77 57 76 118 
111 34 103 92 99 69 70 21 136 129 89 64 74 106 119 62 98 113 51 88 113 90 146 64 0 106 95 119 63 88 81 102 75 79 69 104 88 85 92 73 3 18 142 65 121 87 59 109 68 71 77 69 125 89 116 32 92 126 114 23 76 49 29 54 101 
137 104 53 125 48 86 103 91 185 122 148 42 107 55 68 110 136 76 76 97 121 59 40 67 106 0 95 97 118 62 68 132 123 123 83 147 110 111 114 143 103 88 92 119 135 108 62 112 116 35 76 124 164 38 119 102 103 89 93 93 146 119 77 124 51 
91 69 46 47 98 101 25 82 130 115 114 105 21 71 72 53 133 69 52 91 26 95 135 118 95 95 0 90 67 89 104 93 132 28 70 70 15 65 107 98 92 85 69 100 107 13 115 135 125 112 82 69 91 88 133 71 8 93 61 80 52 84 86 74 44 
151 117 48 119 123 65 115 104 167 25 145 86 111 116 126 102 115 21 96 131 116 92 137 100 119 97 90 0 106 102 101 62 85 118 78 123 105 125 59 129 116 101 153 133 88 103 95 45 92 79 84 100 110 113 52 115 98 143 101 106 68 123 105 90 46 
114 29 112 93 94 87 71 48 96 91 51 82 75 99 84 14 93 85 63 25 50 92 130 51 63 118 67 106 0 100 83 54 83 95 81 99 52 88 47 35 60 45 106 60 76 54 56 106 90 83 76 6 120 84 113 31 59 63 93 50 89 44 47 81 110 
113 86 89 86 85 94 64 67 168 124 141 34 68 91 105 86 74 112 37 76 115 67 102 59 88 62 89 102 100 0 58 126 82 117 55 123 83 87 120 125 85 70 128 111 113 81 54 104 89 27 113 105 136 75 111 84 86 110 108 65 120 101 69 100 87 
129 54 71 90 40 36 95 69 156 99 109 92 99 33 60 97 118 80 68 89 113 9 108 112 81 68 104 101 83 58 0 105 101 121 86 124 103 103 114 93 78 66 70 85 85 101 107 79 94 85 68 89 145 30 86 52 96 81 85 71 101 69 76 79 69 
133 83 110 105 104 69 83 87 122 37 105 108 79 111 64 40 127 83 89 79 104 96 151 105 102 132 93 62 54 126 105 0 97 121 107 143 78 107 101 89 99 84 132 101 130 80 102 57 104 115 130 60 164 94 64 85 85 85 39 89 115 85 73 112 108 
144 73 112 129 95 106 107 54 175 60 128 103 111 68 115 97 137 85 80 108 133 92 163 93 75 123 132 85 83 82 101 97 0 112 98 143 122 118 121 112 72 57 105 104 150 124 88 40 7 109 116 89 164 85 47 71 129 136 136 52 85 88 68 63 110 
119 77 74 75 101 112 53 58 102 143 132 107 49 99 100 81 141 97 80 119 54 112 163 101 79 123 28 118 95 117 121 121 112 0 98 98 43 93 129 116 76 61 97 108 135 41 96 146 105 114 110 97 119 91 153 75 36 121 89 60 80 92 72 91 72 
94 67 34 67 66 101 45 48 149 103 122 89 49 73 86 67 129 57 18 57 96 77 123 87 69 83 70 78 81 55 86 107 98 98 0 102 64 68 95 106 66 51 82 98 94 62 82 123 91 82 70 87 81 56 123 65 67 107 89 46 101 82 62 81 32 
62 70 116 106 119 137 84 89 172 136 105 132 80 126 79 113 134 102 86 124 96 130 172 132 104 147 70 123 99 123 124 143 143 98 102 0 85 36 64 89 101 86 139 101 93 83 127 156 136 139 117 105 21 109 161 72 78 100 104 91 122 85 97 122 114 
93 54 61 41 94 95 19 73 120 115 103 106 23 70 74 38 118 84 46 77 41 94 150 103 88 110 15 105 52 83 103 78 122 43 64 85 0 67 99 87 85 70 54 85 122 2 100 135 119 110 96 58 106 84 132 56 7 95 63 74 37 69 71 59 59 
26 83 102 70 83 118 48 64 181 100 69 113 44 90 43 99 147 125 50 89 91 94 136 107 85 111 65 125 88 87 103 107 118 93 68 36 67 0 100 53 82 67 121 93 126 65 102 120 111 114 111 82 57 73 127 81 70 64 68 66 104 77 78 97 100 
126 76 65 136 136 82 114 71 108 84 86 120 118 129 105 61 140 38 97 72 97 105 128 98 92 114 107 59 47 120 114 101 121 129 95 64 99 100 0 70 89 74 153 107 29 97 103 104 114 127 101 41 85 126 111 78 102 84 130 69 126 91 85 104 63 
79 39 99 123 129 106 101 58 131 126 16 101 97 126 96 49 103 108 88 60 80 102 124 86 73 143 98 129 35 125 93 89 112 116 106 89 87 53 70 0 70 55 141 40 99 85 91 141 105 108 86 29 110 119 148 41 90 86 121 60 113 24 66 91 101 
108 31 100 89 96 66 67 18 133 126 86 61 71 103 116 59 95 110 48 85 110 87 143 61 3 103 92 116 60 85 78 99 72 76 66 101 85 82 89 70 0 15 139 62 118 84 56 106 65 68 74 66 122 86 113 29 89 123 111 20 73 46 26 51 98 
93 16 85 82 81 51 60 3 118 111 71 46 64 88 101 44 80 95 33 70 95 75 128 46 18 88 85 101 45 70 66 84 57 61 51 86 70 67 74 55 15 0 124 47 103 72 41 91 50 53 59 51 107 71 98 14 77 108 104 5 58 31 11 36 83 
147 108 115 95 64 88 73 122 174 151 157 134 77 37 84 92 172 132 92 95 95 61 132 156 142 92 69 153 106 128 70 132 105 97 82 139 54 121 153 141 139 124 0 139 137 56 154 131 98 127 92 112 160 54 138 110 61 105 109 120 91 123 125 113 113 
119 31 91 106 125 82 84 50 133 108 56 77 88 118 136 74 95 118 80 85 110 94 159 93 65 119 100 133 60 111 85 101 104 108 98 101 85 93 107 40 62 47 139 0 124 87 88 128 97 84 78 66 122 115 135 33 92 123 128 52 105 16 42 83 93 
152 93 94 125 107 103 103 100 127 113 115 146 107 100 127 90 157 67 76 72 81 76 99 107 121 135 107 88 76 113 85 130 150 135 94 93 122 126 29 99 118 103 137 124 0 120 112 133 143 139 100 70 114 97 140 91 115 113 147 98 142 108 114 128 92 
91 56 59 39 92 93 17 74 122 117 101 105 21 68 72 40 120 82 44 79 39 92 148 105 87 108 13 103 54 81 101 80 124 41 62 83 2 65 97 85 84 72 56 87 120 0 102 137 117 108 94 56 104 82 130 58 5 93 61 72 39 71 73 61 57 
128 57 115 113 110 82 91 38 123 70 107 34 95 117 115 62 121 116 64 81 106 109 102 5 59 62 115 95 56 54 107 102 88 96 82 127 100 102 103 91 56 41 154 88 112 102 0 50 81 27 100 62 148 100 57 55 107 110 90 36 93 72 52 71 113 
108 107 93 134 101 80 140 88 173 20 157 84 136 94 121 97 110 66 113 131 156 70 134 55 109 112 135 45 106 104 79 57 40 146 123 156 135 120 104 141 106 91 131 128 133 137 50 0 47 77 129 112 147 91 7 105 132 142 96 86 105 122 102 103 91 
137 66 119 122 88 101 100 47 168 67 121 96 104 61 108 94 130 92 73 112 140 85 156 86 68 116 125 92 90 89 94 104 7 105 91 136 119 111 114 105 65 50 98 97 143 117 81 47 0 103 109 96 157 78 54 64 122 129 133 45 92 81 61 70 117 
140 69 88 113 83 82 91 56 150 97 124 7 91 90 103 75 101 100 64 103 133 94 75 32 71 35 112 79 83 27 85 115 109 114 82 139 110 114 127 108 68 53 127 84 139 108 27 77 103 0 88 89 160 73 84 67 113 83 117 58 111 84 42 89 86 
137 47 36 99 48 86 77 62 149 109 102 81 81 55 68 90 111 63 76 97 108 59 116 105 77 76 82 84 76 113 68 130 116 110 70 117 96 111 101 86 74 59 92 78 100 94 100 129 109 88 0 82 138 38 125 45 90 89 93 64 117 62 70 95 38 
108 35 106 95 100 93 73 54 102 97 45 88 77 105 78 20 99 79 69 31 56 98 136 57 69 124 69 100 6 105 89 60 89 97 87 105 58 82 41 29 66 51 112 66 70 56 62 112 96 89 82 0 126 90 119 37 61 57 99 56 95 50 53 87 104 
83 91 115 110 140 133 88 110 193 131 126 153 92 147 100 134 148 89 99 138 117 151 193 153 125 164 91 110 120 136 145 164 164 119 81 21 106 57 85 110 122 107 160 122 114 104 148 147 157 160 138 126 0 130 140 93 99 121 125 112 143 106 118 143 113 
99 84 74 87 10 48 65 68 169 111 133 80 69 17 30 87 148 92 38 59 114 21 78 105 89 38 88 113 84 75 30 94 85 91 56 109 84 73 126 119 86 71 54 115 97 82 100 91 78 73 38 90 130 0 98 82 80 51 55 66 113 99 82 91 76 
115 114 89 127 108 73 147 95 180 27 164 91 143 101 128 104 117 73 120 138 159 77 141 62 116 119 133 52 113 111 86 64 47 153 123 161 132 127 111 148 113 98 138 135 140 130 57 7 54 84 125 119 140 98 0 112 125 149 103 93 112 129 109 110 91 
107 2 81 96 92 65 74 17 104 122 57 60 78 85 112 45 66 108 47 56 81 61 142 60 32 102 71 115 31 84 52 85 71 75 65 72 56 81 78 41 29 14 110 33 91 58 55 105 64 67 45 37 93 82 112 0 63 94 118 19 72 17 25 50 83 
96 61 54 44 90 98 22 79 127 122 106 110 26 63 77 45 125 77 49 84 34 87 143 110 92 103 8 98 59 86 96 85 129 36 67 78 7 70 102 90 89 77 61 92 115 5 107 132 122 113 90 61 99 80 125 63 0 98 66 77 44 76 78 66 52 
90 92 125 98 61 99 76 111 159 122 102 90 72 68 21 77 156 122 89 88 113 72 129 114 126 89 93 143 63 110 81 85 136 121 107 100 95 64 84 86 123 108 105 123 113 93 110 142 129 83 89 57 121 51 149 94 98 0 46 113 132 107 110 142 127 
94 117 107 66 65 103 44 101 161 76 137 124 40 72 25 79 166 122 71 110 87 76 133 85 114 93 61 101 93 108 85 39 136 89 89 104 63 68 130 121 111 104 109 128 147 61 90 96 133 117 93 99 125 55 103 118 66 46 0 99 100 124 110 122 105 
92 21 80 77 76 56 55 2 123 106 76 51 59 83 96 49 85 100 28 67 100 80 133 41 23 93 80 106 50 65 71 89 52 60 46 91 74 66 69 60 20 5 120 52 98 72 36 86 45 58 64 56 112 66 93 19 77 113 99 0 57 36 16 35 78 
130 74 98 78 123 65 56 55 157 93 129 104 60 107 111 75 138 89 83 70 78 92 186 98 76 146 52 68 89 120 101 115 85 80 101 122 37 104 126 113 73 58 91 105 142 39 93 105 92 111 117 95 143 113 112 72 44 132 100 57 0 89 69 22 96 
103 15 75 110 109 82 88 34 117 122 40 77 92 102 120 58 79 102 64 69 94 78 148 77 49 119 84 123 44 101 69 85 88 92 82 85 69 77 91 24 46 31 123 16 108 71 72 122 81 84 62 50 106 99 129 17 76 107 124 36 89 0 42 67 77 
104 27 96 93 92 40 71 14 115 110 82 35 75 91 112 33 91 84 44 72 97 67 117 57 29 77 86 105 47 69 76 73 68 72 62 97 71 78 85 66 26 11 125 42 114 73 52 102 61 42 70 53 118 82 109 25 78 110 110 16 69 42 0 47 94 
123 52 114 67 101 43 78 33 154 115 107 82 82 94 121 80 116 87 63 56 100 70 164 76 54 124 74 90 81 100 79 112 63 91 81 122 59 97 104 91 51 36 113 83 128 61 71 103 70 89 95 87 143 91 110 50 66 142 122 35 22 67 47 0 112 
126 85 2 91 86 69 69 80 171 71 117 93 65 84 106 97 103 25 50 89 70 60 91 118 101 51 44 46 110 87 69 108 110 72 32 114 59 100 63 101 98 83 113 93 92 57 113 91 117 86 38 104 113 76 91 83 52 127 105 78 96 77 94 112 0 
55
28
24
44
96
36
5
58
4
88
86
82
34
21
65
66
1
50
55
55
46
58
84
8
20
51
51
68
63
53
75
39
67
52
5
82
42
67
96
65
95
11
4
38
2
97
17
56
24
42
85
76
42
21
76
7
34
60
52
43
84
53
66
41
