22
0 202 322 207 167 119 158 258 73 147 407 119 158 185 83 117 52 176 174 82 245 122 
202 0 301 5 136 98 137 56 140 199 206 197 145 160 181 96 150 151 224 180 43 91 
322 301 0 306 255 203 164 357 249 226 310 316 250 279 325 205 320 270 399 290 344 210 
207 5 306 0 141 103 142 61 145 204 211 202 150 165 183 101 155 156 229 182 48 96 
167 136 255 141 0 52 91 172 94 153 342 61 99 24 174 50 154 15 261 139 179 45 
119 98 203 103 52 0 39 154 46 101 304 113 47 76 122 2 117 67 213 87 141 7 
158 137 164 142 91 39 0 193 85 62 343 152 86 115 161 41 156 106 235 126 180 46 
258 56 357 61 172 154 193 0 196 255 262 233 182 166 237 152 206 157 168 236 13 147 
73 140 249 145 94 46 85 196 0 147 346 155 93 112 156 44 125 103 247 133 183 49 
147 199 226 204 153 101 62 255 147 0 405 214 148 177 223 103 199 168 297 188 242 108 
407 206 310 211 342 304 343 262 346 405 0 403 351 366 364 302 355 357 430 325 249 297 
119 197 316 202 61 113 152 233 155 214 403 0 160 85 202 111 171 76 200 200 240 106 
158 145 250 150 99 47 86 182 93 148 351 160 0 123 75 49 106 114 166 114 188 54 
185 160 279 165 24 76 115 166 112 177 366 85 123 0 198 74 178 9 285 163 179 69 
83 181 325 183 174 122 161 237 156 223 364 202 75 198 0 124 31 189 91 39 224 129 
117 96 205 101 50 2 41 152 44 103 302 111 49 74 124 0 119 65 215 89 139 5 
52 150 320 155 154 117 156 206 125 199 355 171 106 178 31 119 0 169 122 30 193 124 
176 151 270 156 15 67 106 157 103 168 357 76 114 9 189 65 169 0 276 154 170 60 
174 224 399 229 261 213 235 168 247 297 430 200 166 285 91 215 122 276 0 130 181 220 
82 180 290 182 139 87 126 236 133 188 325 200 114 163 39 89 30 154 130 0 223 94 
245 43 344 48 179 141 180 13 183 242 249 240 188 179 224 139 193 170 181 223 0 134 
122 91 210 96 45 7 46 147 49 108 297 106 54 69 129 5 124 60 220 94 134 0 
6
44
63
100
45
78
64
95
49
65
76
31
42
93
16
4
10
27
21
40
85
