90
0 49 74 81 77 47 55 33 50 84 59 99 49 80 60 88 93 53 56 80 51 100 53 33 31 47 74 50 70 60 61 28 50 74 101 21 80 77 87 58 82 55 47 66 40 26 88 39 8 84 39 37 46 14 49 85 10 55 55 77 64 39 30 75 57 80 52 68 21 16 54 5 31 37 86 57 61 86 18 22 83 101 73 67 37 66 31 45 77 45 
49 0 39 35 37 42 40 24 35 64 12 51 39 37 44 40 44 35 16 40 25 51 43 27 34 36 35 12 51 23 47 34 7 25 54 29 32 28 63 14 40 37 42 36 21 26 67 26 46 40 38 32 12 38 45 40 54 9 7 41 18 36 39 59 42 58 13 40 51 33 24 45 20 33 42 35 50 38 33 36 48 53 27 19 23 52 18 8 36 49 
74 39 0 25 9 81 79 41 26 28 30 40 30 63 83 48 37 23 52 13 64 47 29 41 44 29 9 51 21 17 86 70 46 39 61 55 30 31 26 47 17 76 81 9 34 61 31 65 67 20 37 71 51 70 34 62 74 43 41 4 46 75 47 28 81 22 52 77 62 62 20 73 56 38 22 74 29 32 56 71 9 61 23 41 37 26 51 47 64 42 
81 35 25 0 16 74 69 49 45 52 23 19 50 42 72 23 13 43 41 13 55 23 51 50 57 48 16 42 46 23 76 69 38 19 36 60 6 10 48 35 9 66 75 31 42 61 53 61 76 7 54 67 46 72 55 40 84 33 32 22 29 71 62 53 71 47 42 62 75 66 31 78 55 52 7 63 52 7 63 71 27 36 8 24 45 50 52 43 45 62 
77 37 9 16 0 79 76 44 34 36 26 31 38 55 79 39 28 31 48 4 61 38 37 45 49 37 3 47 30 17 83 70 42 31 52 57 21 23 33 43 8 73 79 17 37 62 38 63 71 11 45 69 49 72 42 54 79 39 37 6 39 73 54 37 78 31 48 72 68 64 23 75 56 44 13 70 38 23 59 72 13 52 15 34 40 35 52 45 57 50 
47 42 81 74 79 0 10 50 70 104 53 88 72 49 13 70 81 71 34 81 20 84 77 54 58 69 77 32 90 65 14 19 37 59 80 40 70 66 104 40 79 13 1 77 54 27 108 16 51 79 65 12 30 33 76 56 57 41 42 83 47 8 61 98 11 98 32 27 63 37 64 42 29 60 81 16 85 76 45 25 90 79 66 52 53 89 34 34 44 76 
55 40 79 69 76 10 0 53 72 104 50 81 75 40 5 63 74 73 28 78 15 77 80 57 62 72 74 29 91 63 7 27 34 52 71 46 64 60 103 34 76 4 11 76 56 33 107 18 59 75 68 18 28 41 79 47 65 37 39 80 41 16 67 99 2 98 28 17 71 44 64 50 32 63 76 7 88 69 51 33 87 70 63 46 56 91 37 32 35 79 
33 24 41 49 44 50 53 0 20 56 29 68 22 60 58 61 62 22 39 47 42 71 27 4 11 19 41 33 41 27 60 34 30 46 75 14 49 47 57 37 49 53 50 33 7 24 60 35 27 51 15 38 30 29 26 64 35 33 31 44 42 42 16 49 55 50 35 61 28 21 21 32 21 10 53 52 35 55 15 33 50 75 41 42 4 40 16 27 59 26 
50 35 26 45 34 70 72 20 0 36 34 64 5 71 77 63 58 3 51 37 59 68 8 18 19 3 31 47 21 22 79 54 42 50 77 33 46 46 38 48 41 70 70 17 16 44 40 54 43 44 11 58 46 48 11 73 49 43 41 30 51 62 21 29 74 31 48 75 36 40 14 50 41 13 46 69 16 52 33 52 34 77 38 49 17 20 36 42 70 17 
84 64 28 52 36 104 104 56 36 0 56 66 36 91 108 75 64 34 78 39 89 74 31 54 53 38 37 76 15 42 111 90 71 67 88 69 57 59 5 73 44 101 105 28 51 80 4 88 77 47 45 93 76 84 36 90 83 69 67 30 73 97 55 9 106 6 77 103 69 76 40 84 76 48 49 99 24 59 68 88 25 88 51 69 52 18 71 72 92 43 
59 12 30 23 26 53 50 29 34 56 0 40 39 37 53 32 34 33 22 28 35 42 42 32 39 36 24 21 44 14 57 46 16 17 46 38 21 18 55 17 28 47 54 28 24 38 59 38 55 28 40 44 24 49 45 39 63 13 11 30 17 48 44 52 52 50 22 47 57 43 20 55 32 36 30 44 47 27 42 48 37 46 15 15 27 47 29 20 36 50 
99 51 40 19 31 88 81 68 64 66 40 0 68 46 83 20 7 61 54 28 68 8 68 69 76 67 33 56 61 42 87 83 52 29 23 78 19 23 62 48 23 77 89 48 61 77 67 75 94 20 73 81 60 89 73 40 102 47 47 37 41 85 81 68 83 61 56 70 94 83 50 95 71 71 18 74 69 13 81 87 41 24 27 36 64 66 69 57 50 80 
49 39 30 50 38 72 75 22 5 36 39 68 0 76 80 68 63 7 55 42 62 73 5 19 18 3 36 50 21 27 82 56 46 55 82 34 51 51 38 53 46 73 72 21 19 46 40 57 42 48 10 60 49 49 6 78 48 48 46 34 56 64 20 27 77 31 52 79 34 41 19 49 43 13 50 72 13 57 33 53 37 82 43 54 19 18 38 45 75 12 
80 37 63 42 55 49 40 60 71 91 37 46 76 0 41 26 40 70 24 55 32 39 79 64 71 73 54 30 80 50 45 55 31 24 31 62 36 33 88 23 51 36 50 64 58 54 93 43 79 49 75 48 34 66 82 7 87 28 30 61 20 50 76 88 41 85 28 26 87 64 57 75 49 70 49 33 84 39 67 61 68 30 40 22 60 83 50 36 5 86 
60 44 83 72 79 13 5 58 77 108 53 83 80 41 0 65 76 78 31 81 19 79 85 62 67 77 77 33 95 67 4 32 38 55 72 51 66 62 107 37 79 7 14 80 61 38 111 23 64 78 73 23 32 46 84 48 70 40 42 83 43 21 72 103 3 102 32 16 76 49 68 55 37 68 79 9 93 72 56 38 90 71 66 48 61 96 42 36 36 84 
88 40 48 23 39 70 63 61 63 75 32 20 68 26 65 0 15 61 37 36 50 14 70 64 71 66 39 40 69 41 69 69 38 15 14 69 18 17 71 32 32 59 71 53 56 64 76 59 86 29 72 65 45 76 74 20 94 33 33 45 25 68 76 76 65 70 40 51 89 72 49 84 58 68 28 56 74 17 73 73 50 14 26 21 59 73 57 43 30 80 
93 44 37 13 28 81 74 62 58 64 34 7 63 40 76 15 0 56 47 25 61 10 64 63 70 61 29 49 58 36 80 76 45 22 24 72 13 16 60 41 20 70 82 44 55 70 65 68 88 17 67 74 53 82 68 35 96 40 40 34 34 78 75 65 76 59 49 64 88 77 44 89 64 65 15 67 65 7 75 80 39 24 21 29 58 63 62 50 44 75 
53 35 23 43 31 71 73 22 3 34 33 61 7 70 78 61 56 0 51 35 59 66 9 20 22 6 29 47 19 20 80 56 42 49 75 35 44 44 35 48 39 71 71 14 17 46 38 55 46 41 14 59 46 50 13 72 52 43 41 27 50 63 24 27 75 28 48 75 39 42 13 52 42 16 43 69 15 50 35 54 31 75 36 48 18 18 37 42 69 19 
56 16 52 41 48 34 28 39 51 78 22 54 55 24 31 37 47 51 0 50 14 51 59 43 50 52 46 6 66 36 35 33 9 25 49 38 36 32 77 6 48 25 35 50 37 30 81 22 55 47 54 28 10 42 61 29 63 9 11 52 13 31 55 74 30 72 4 25 63 40 40 51 25 49 48 22 66 42 43 38 59 48 35 18 39 68 26 12 21 65 
80 40 13 13 4 81 78 47 37 39 28 28 42 55 81 36 25 35 50 0 63 35 41 48 52 40 6 49 34 20 85 73 44 31 49 60 19 22 35 44 5 75 82 21 40 65 40 66 74 8 48 72 52 75 46 53 82 41 39 9 39 76 57 40 80 34 50 72 71 67 26 78 59 47 10 72 42 20 62 75 14 49 15 34 43 39 55 48 57 54 
51 25 64 55 61 20 15 42 59 89 35 68 62 32 19 50 61 59 14 63 0 64 67 46 52 59 59 14 76 48 22 24 19 39 61 38 50 46 88 20 61 12 21 61 43 25 92 12 51 61 57 16 13 37 68 39 59 22 24 65 27 18 57 84 17 83 13 19 63 36 49 46 23 52 62 10 74 56 43 30 72 60 48 32 44 77 27 17 27 68 
100 51 47 23 38 84 77 71 68 74 42 8 73 39 79 14 10 66 51 35 64 0 74 72 79 71 39 53 68 46 83 81 50 26 15 80 22 24 70 45 30 73 85 54 64 76 75 72 97 27 77 78 58 88 78 33 105 45 45 44 38 82 84 75 79 69 53 64 97 84 54 96 70 75 25 70 75 17 84 85 49 16 30 33 67 73 69 55 44 85 
53 43 29 51 37 77 80 27 8 31 42 68 5 79 85 70 64 9 59 41 67 74 0 24 22 8 35 55 17 29 87 61 50 58 84 39 53 53 34 56 45 78 77 20 24 51 35 62 46 48 14 65 54 54 5 81 52 51 49 33 59 69 24 22 82 27 56 83 38 46 22 53 48 18 50 77 8 58 37 58 35 84 45 57 24 13 43 50 78 13 
33 27 41 50 45 54 57 4 18 54 32 69 19 64 62 64 63 20 43 48 46 72 24 0 7 16 42 37 39 28 64 37 34 49 78 15 50 49 55 41 50 57 54 33 8 27 58 39 26 52 12 42 34 30 23 67 34 36 34 44 45 46 12 46 59 48 39 65 25 22 22 32 25 7 54 56 32 56 15 34 50 78 42 46 5 37 20 31 63 23 
31 34 44 57 49 58 62 11 19 53 39 76 18 71 67 71 70 22 50 52 52 79 22 7 0 16 46 44 39 34 69 41 41 56 85 18 57 56 56 48 56 62 58 35 15 31 57 44 24 58 8 47 41 32 19 74 30 43 41 48 52 50 5 44 64 49 46 71 19 24 26 31 30 6 60 62 30 63 15 37 52 85 49 53 12 35 25 38 70 18 
47 36 29 48 37 69 72 19 3 38 36 67 3 73 77 66 61 6 52 40 59 71 8 16 16 0 34 47 23 25 79 53 43 53 80 31 49 49 40 50 44 70 69 20 16 43 42 54 40 47 8 57 46 46 9 75 46 45 43 33 53 61 18 30 74 33 49 76 33 38 17 47 40 10 49 69 16 55 30 50 37 80 41 51 16 21 35 42 72 14 
74 35 9 16 3 77 74 41 31 37 24 33 36 54 77 39 29 29 46 6 59 39 35 42 46 34 0 45 30 14 81 67 40 30 52 54 21 22 34 41 10 71 77 15 34 59 39 61 68 13 42 67 47 69 40 53 76 37 35 7 38 71 51 37 76 31 46 71 65 61 20 72 53 41 15 68 36 23 56 69 14 52 14 33 37 34 49 43 56 48 
50 12 51 42 47 32 29 33 47 76 21 56 50 30 33 40 49 47 6 49 14 53 55 37 44 47 45 0 63 34 36 29 5 27 52 33 38 34 75 8 47 26 33 48 31 25 79 19 49 47 48 25 5 37 56 35 57 9 10 51 15 29 49 71 31 70 2 29 57 34 36 45 19 43 49 24 62 44 38 33 58 52 34 20 33 64 21 6 27 59 
70 51 21 46 30 90 91 41 21 15 44 61 21 80 95 69 58 19 66 34 76 68 17 39 39 23 30 63 0 30 98 75 58 58 82 54 51 52 17 61 38 88 90 16 36 65 19 74 63 41 31 78 63 69 22 81 69 57 55 25 61 82 41 8 93 10 64 91 55 61 27 70 61 33 43 86 11 53 53 73 23 82 43 58 37 5 56 59 80 29 
60 23 17 23 17 65 63 27 22 42 14 42 27 50 67 41 36 20 36 20 48 46 29 28 34 25 14 34 30 0 70 53 29 29 55 40 24 24 41 31 22 60 65 14 20 45 45 49 54 24 31 55 35 55 33 52 62 27 25 18 31 59 39 38 65 36 35 61 53 47 8 58 39 29 26 58 34 30 42 55 25 55 16 28 23 33 35 31 50 39 
61 47 86 76 83 14 7 60 79 111 57 87 82 45 4 69 80 80 35 85 22 83 87 64 69 79 81 36 98 70 0 33 41 59 76 53 70 66 110 41 83 11 14 83 63 40 114 25 65 82 75 24 35 47 86 52 71 44 46 87 47 22 74 106 5 105 35 19 77 50 71 56 39 70 83 13 95 76 58 39 94 75 70 52 63 98 44 39 40 86 
28 34 70 69 70 19 27 34 54 90 46 83 56 55 32 69 76 56 33 73 24 81 61 37 41 53 67 29 75 53 33 0 31 55 81 23 65 61 90 37 74 27 19 63 39 10 94 12 32 74 49 9 24 14 60 62 38 36 37 71 44 11 43 83 29 84 29 40 44 18 50 23 14 44 76 29 69 71 26 6 78 81 61 48 38 74 19 26 51 58 
50 7 46 38 42 37 34 30 42 71 16 52 46 31 38 38 45 42 9 44 19 50 50 34 41 43 40 5 58 29 41 31 0 24 51 32 34 30 70 8 43 31 38 43 28 26 74 23 49 43 45 29 8 38 52 36 57 5 6 46 14 33 46 66 36 65 6 33 56 34 31 46 20 40 45 29 57 40 37 35 53 51 30 17 30 59 20 5 29 56 
74 25 39 19 31 59 52 46 50 67 17 29 55 24 55 15 22 49 25 31 39 26 58 49 56 53 30 27 58 29 59 55 24 0 29 54 13 9 64 19 28 49 60 42 41 50 69 46 71 26 57 52 32 62 61 23 79 19 19 37 12 56 61 66 54 61 27 44 74 58 36 70 44 53 26 46 63 17 58 59 44 29 16 7 44 62 43 29 26 67 
101 54 61 36 52 80 71 75 77 88 46 23 82 31 72 14 24 75 49 49 61 15 84 78 85 80 52 52 82 55 76 81 51 29 0 83 31 31 84 44 44 67 81 66 70 77 89 71 100 41 86 76 57 89 88 24 108 47 47 58 37 79 90 89 72 83 52 57 103 85 63 97 71 82 39 64 87 29 87 85 63 1 39 35 73 86 71 56 36 94 
21 29 55 60 57 40 46 14 33 69 38 78 34 62 51 69 72 35 38 60 38 80 39 15 18 31 54 33 54 40 53 23 32 54 83 0 59 56 70 40 62 46 40 47 21 13 73 28 17 63 26 29 28 15 37 67 25 37 36 58 46 32 21 61 48 63 34 57 25 7 35 18 15 22 65 47 47 65 5 19 64 82 52 48 18 52 12 27 59 36 
80 32 30 6 21 70 64 49 46 57 21 19 51 36 66 18 13 44 36 19 50 22 53 50 57 49 21 38 51 24 70 65 34 13 31 59 0 4 54 30 15 60 71 35 42 58 59 57 75 13 55 63 42 70 57 34 83 29 28 27 23 67 62 58 66 52 38 56 75 64 32 76 52 53 13 57 56 6 62 68 33 31 8 18 45 55 50 39 39 63 
77 28 31 10 23 66 60 47 46 59 18 23 51 33 62 17 16 44 32 22 46 24 53 49 56 49 22 34 52 24 66 61 30 9 31 56 4 0 56 26 19 56 67 36 41 54 61 53 73 17 55 59 38 66 57 31 81 25 24 29 19 63 61 59 62 53 34 52 74 61 32 73 48 52 17 53 57 10 60 64 36 31 9 14 44 56 46 35 35 63 
87 63 26 48 33 104 103 57 38 5 55 62 38 88 107 71 60 35 77 35 88 70 34 55 56 40 34 75 17 41 110 90 70 64 84 70 54 56 0 72 40 100 105 27 52 81 5 88 80 43 48 93 75 85 39 87 86 68 66 27 72 97 58 13 105 7 76 102 72 77 40 87 76 50 45 98 27 55 70 89 21 84 48 67 53 21 71 71 90 46 
58 14 47 35 43 40 34 37 48 73 17 48 53 23 37 32 41 48 6 44 20 45 56 41 48 50 41 8 61 31 41 37 8 19 44 40 30 26 72 0 42 31 41 45 35 33 76 27 57 41 52 33 13 45 59 28 65 5 7 47 7 37 53 69 36 67 8 30 64 42 36 53 27 47 42 28 63 36 45 41 54 44 29 12 37 64 28 13 22 63 
82 40 17 9 8 79 76 49 41 44 28 23 46 51 79 32 20 39 48 5 61 30 45 50 56 44 10 47 38 22 83 74 43 28 44 62 15 19 40 42 0 73 80 25 42 66 45 66 76 3 52 72 51 76 50 49 84 39 37 14 37 76 61 45 78 39 48 70 75 69 30 80 60 51 5 70 46 15 64 76 19 44 13 32 45 43 56 48 54 58 
55 37 76 66 73 13 4 53 70 101 47 77 73 36 7 59 70 71 25 75 12 73 78 57 62 70 71 26 88 60 11 27 31 49 67 46 60 56 100 31 73 0 14 73 54 33 104 18 59 72 68 18 25 41 79 43 65 34 36 77 37 17 67 96 6 95 25 14 71 44 61 50 32 63 73 3 86 66 51 33 84 66 60 42 55 89 37 29 31 79 
47 42 81 75 79 1 11 50 70 105 54 89 72 50 14 71 82 71 35 82 21 85 77 54 58 69 77 33 90 65 14 19 38 60 81 40 71 67 105 41 80 14 0 78 54 27 109 17 51 80 65 12 31 33 76 57 57 42 43 83 48 8 61 98 11 99 33 28 63 37 65 42 29 60 82 17 85 77 45 25 90 80 67 53 53 89 34 34 45 76 
66 36 9 31 17 77 76 33 17 28 28 48 21 64 80 53 44 14 50 21 61 54 20 33 35 20 15 48 16 14 83 63 43 42 66 47 35 36 27 45 25 73 78 0 26 54 31 61 59 28 28 66 48 62 25 65 65 41 39 13 45 70 38 24 78 22 49 75 53 54 13 65 49 29 30 71 21 38 48 64 17 66 27 42 29 20 44 44 64 33 
40 21 34 42 37 54 56 7 16 51 24 61 19 58 61 56 55 17 37 40 43 64 24 8 15 16 34 31 36 20 63 39 28 41 70 21 42 41 52 35 42 54 54 26 0 29 55 38 34 44 17 42 30 36 25 60 42 30 28 37 38 46 20 44 58 45 33 60 33 28 14 39 25 12 46 53 32 48 22 38 43 70 34 38 3 35 20 26 57 28 
26 26 61 61 62 27 33 24 44 80 38 77 46 54 38 64 70 46 30 65 25 76 51 27 31 43 59 25 65 45 40 10 26 50 77 13 58 54 81 33 66 33 27 54 29 0 84 15 26 66 39 16 20 12 50 59 34 31 31 63 40 19 34 73 35 74 26 44 38 11 41 21 6 34 68 34 59 64 18 10 70 77 53 43 28 64 10 21 51 49 
88 67 31 53 38 108 107 60 40 4 59 67 40 93 111 76 65 38 81 40 92 75 35 58 57 42 39 79 19 45 114 94 74 69 89 73 59 61 5 76 45 104 109 31 55 84 0 92 81 48 49 97 79 88 40 92 87 72 70 32 76 101 59 13 109 10 80 106 73 80 44 88 80 52 50 102 28 60 72 92 26 89 53 72 56 22 75 75 95 47 
39 26 65 61 63 16 18 35 54 88 38 75 57 43 23 59 68 55 22 66 12 72 62 39 44 54 61 19 74 49 25 12 23 46 71 28 57 53 88 27 66 18 17 61 38 15 92 0 41 66 50 6 15 25 61 50 48 28 29 67 34 10 49 82 20 82 19 29 53 26 48 34 14 45 68 19 70 63 33 18 74 70 53 39 38 73 19 18 39 61 
8 46 67 76 71 51 59 27 43 77 55 94 42 79 64 86 88 46 55 74 51 97 46 26 24 40 68 49 63 54 65 32 49 71 100 17 75 73 80 57 76 59 51 59 34 26 81 41 0 78 32 41 45 18 41 84 8 54 53 70 63 43 22 68 61 73 51 70 14 15 48 10 30 30 80 60 53 81 13 26 76 99 68 65 31 59 29 44 76 37 
84 40 20 7 11 79 75 51 44 47 28 20 48 49 78 29 17 41 47 8 61 27 48 52 58 47 13 47 41 24 82 74 43 26 41 63 13 17 43 41 3 72 80 28 44 66 48 66 78 0 55 72 51 76 53 47 86 39 37 17 36 76 63 48 77 42 48 69 77 70 32 81 60 53 2 69 49 12 66 76 22 41 13 31 47 46 56 48 52 60 
39 38 37 54 45 65 68 15 11 45 40 73 10 75 73 72 67 14 54 48 57 77 14 12 8 8 42 48 31 31 75 49 45 57 86 26 55 55 48 52 52 68 65 28 17 39 49 50 32 55 0 53 45 40 11 77 38 47 45 41 55 57 10 36 70 41 50 76 25 32 23 39 36 5 57 67 22 61 23 45 45 86 47 54 15 27 31 42 74 11 
37 32 71 67 69 12 18 38 58 93 44 81 60 48 23 65 74 59 28 72 16 78 65 42 47 57 67 25 78 55 24 9 29 52 76 29 63 59 93 33 72 18 12 66 42 16 97 6 41 72 53 0 21 23 64 55 47 34 35 73 40 4 50 86 20 87 25 31 53 26 53 32 17 48 74 20 73 69 34 15 80 76 59 45 41 77 22 24 43 64 
46 12 51 46 49 30 28 30 46 76 24 60 49 34 32 45 53 46 10 52 13 58 54 34 41 46 47 5 63 35 35 24 8 32 57 28 42 38 75 13 51 25 31 48 30 20 79 15 45 51 45 21 0 32 55 39 53 13 14 53 20 25 46 71 30 70 6 31 53 30 36 41 15 40 53 23 61 48 33 28 60 57 38 25 31 64 16 4 31 56 
14 38 70 72 72 33 41 29 48 84 49 89 49 66 46 76 82 50 42 75 37 88 54 30 32 46 69 37 69 55 47 14 38 62 89 15 70 66 85 45 76 41 33 62 36 12 88 25 18 76 40 23 32 0 51 71 24 43 43 73 52 25 34 76 43 78 38 54 31 8 50 9 18 37 78 43 62 76 17 8 79 89 64 55 33 67 20 33 63 49 
49 45 34 55 42 76 79 26 11 36 45 73 6 82 84 74 68 13 61 46 68 78 5 23 19 9 40 56 22 33 86 60 52 61 88 37 57 57 39 59 50 79 76 25 25 50 40 61 41 53 11 64 55 51 0 84 47 54 52 38 62 68 19 27 81 32 58 85 33 43 25 50 47 16 55 78 12 62 34 56 40 88 49 60 24 18 42 51 81 8 
85 40 62 40 54 56 47 64 73 90 39 40 78 7 48 20 35 72 29 53 39 33 81 67 74 75 53 35 81 52 52 62 36 23 24 67 34 31 87 28 49 43 57 65 60 59 92 50 84 47 77 55 39 71 84 0 92 32 33 60 22 57 79 89 48 84 33 33 91 69 59 80 54 72 47 40 86 36 72 67 67 23 39 24 63 85 55 41 12 88 
10 54 74 84 79 57 65 35 49 83 63 102 48 87 70 94 96 52 63 82 59 105 52 34 30 46 76 57 69 62 71 38 57 79 108 25 83 81 86 65 84 65 57 65 42 34 87 48 8 86 38 47 53 24 47 92 0 62 61 78 71 49 28 74 67 79 59 77 15 23 56 15 38 36 88 67 59 89 21 32 82 107 76 73 39 65 37 52 84 41 
55 9 43 33 39 41 37 33 43 69 13 47 48 28 40 33 40 43 9 41 22 45 51 36 43 45 37 9 57 27 44 36 5 19 47 37 29 25 68 5 39 34 42 41 30 31 72 28 54 39 47 34 13 43 54 32 62 0 2 43 10 38 48 65 39 63 9 34 60 39 31 51 25 42 40 31 58 35 41 40 50 46 26 12 32 59 25 10 27 58 
55 7 41 32 37 42 39 31 41 67 11 47 46 30 42 33 40 41 11 39 24 45 49 34 41 43 35 10 55 25 46 37 6 19 47 36 28 24 66 7 37 36 43 39 28 31 70 29 53 37 45 35 14 43 52 33 61 2 0 41 11 39 46 63 41 61 11 36 58 39 29 51 25 40 39 33 56 34 40 41 48 46 24 12 30 57 24 11 29 56 
77 41 4 22 6 83 80 44 30 30 30 37 34 61 83 45 34 27 52 9 65 44 33 44 48 33 7 51 25 18 87 71 46 37 58 58 27 29 27 47 14 77 83 13 37 63 32 67 70 17 41 73 53 73 38 60 78 43 41 0 45 77 51 31 82 25 52 77 66 65 23 76 57 42 19 74 33 29 59 73 7 58 21 40 40 30 53 49 63 46 
64 18 46 29 39 47 41 42 51 73 17 41 56 20 43 25 34 50 13 39 27 38 59 45 52 53 38 15 61 31 47 44 14 12 37 46 23 19 72 7 37 37 48 45 38 40 76 34 63 36 55 40 20 52 62 22 71 10 11 45 0 44 57 69 43 67 15 33 69 48 37 60 34 50 36 34 64 29 51 48 52 37 24 5 41 64 34 19 19 66 
39 36 75 71 73 8 16 42 62 97 48 85 64 50 21 68 78 63 31 76 18 82 69 46 50 61 71 29 82 59 22 11 33 56 79 32 67 63 97 37 76 17 8 70 46 19 101 10 43 76 57 4 25 25 68 57 49 38 39 77 44 0 53 90 18 91 29 31 55 29 57 34 21 52 78 20 77 73 37 17 84 78 63 49 45 81 26 28 45 68 
30 39 47 62 54 61 67 16 21 55 44 81 20 76 72 76 75 24 55 57 57 84 24 12 5 18 51 49 41 39 74 43 46 61 90 21 62 61 58 53 61 67 61 38 20 34 59 49 22 63 10 50 46 34 19 79 28 48 46 51 57 53 0 46 69 51 51 76 15 26 31 31 35 10 65 67 31 68 17 39 55 90 54 58 17 37 30 43 75 15 
75 59 28 53 37 98 99 49 29 9 52 68 27 88 103 76 65 27 74 40 84 75 22 46 44 30 37 71 8 38 106 83 66 66 89 61 58 59 13 69 45 96 98 24 44 73 13 82 68 48 36 86 71 76 27 89 74 65 63 31 69 90 46 0 101 7 72 99 60 68 35 75 69 40 50 94 15 60 59 80 27 89 50 66 45 9 64 67 88 34 
57 42 81 71 78 11 2 55 74 106 52 83 77 41 3 65 76 75 30 80 17 79 82 59 64 74 76 31 93 65 5 29 36 54 72 48 66 62 105 36 78 6 11 78 58 35 109 20 61 77 70 20 30 43 81 48 67 39 41 82 43 18 69 101 0 100 30 17 73 46 66 52 34 65 78 9 90 71 53 35 89 71 65 48 58 93 39 34 36 81 
80 58 22 47 31 98 98 50 31 6 50 61 31 85 102 70 59 28 72 34 83 69 27 48 49 33 31 70 10 36 105 84 65 61 83 63 52 53 7 67 39 95 99 22 45 74 10 82 73 42 41 87 70 78 32 84 79 63 61 25 67 91 51 7 100 0 71 97 65 70 34 80 70 43 44 93 20 54 63 82 20 83 45 63 46 14 65 66 86 39 
52 13 52 42 48 32 28 35 48 77 22 56 52 28 32 40 49 48 4 50 13 53 56 39 46 49 46 2 64 35 35 29 6 27 52 34 38 34 76 8 48 25 33 49 33 26 80 19 51 48 50 25 6 38 58 33 59 9 11 52 15 29 51 72 30 71 0 27 59 36 37 47 21 45 49 23 63 44 39 34 59 52 35 20 35 65 22 8 25 61 
68 40 77 62 72 27 17 61 75 103 47 70 79 26 16 51 64 75 25 72 19 64 83 65 71 76 71 29 91 61 19 40 33 44 57 57 56 52 102 30 70 14 28 75 60 44 106 29 70 69 76 31 31 54 85 33 77 34 36 77 33 31 76 99 17 97 27 0 82 55 64 63 42 71 69 11 90 61 62 46 84 56 57 38 61 92 46 34 21 87 
21 51 62 75 68 63 71 28 36 69 57 94 34 87 76 89 88 39 63 71 63 97 38 25 19 33 65 57 55 53 77 44 56 74 103 25 75 74 72 64 75 71 63 53 33 38 73 53 14 77 25 53 53 31 33 91 15 60 58 66 69 55 15 60 73 65 59 82 0 27 45 24 40 25 79 72 45 81 20 39 70 103 67 70 30 51 37 51 84 26 
16 33 62 66 64 37 44 21 40 76 43 83 41 64 49 72 77 42 40 67 36 84 46 22 24 38 61 34 61 47 50 18 34 58 85 7 64 61 77 42 69 44 37 54 28 11 80 26 15 70 32 26 30 8 43 69 23 39 39 65 48 29 26 68 46 70 36 55 27 0 42 12 15 29 72 45 54 70 9 13 71 85 58 51 25 59 15 29 61 41 
54 24 20 31 23 64 64 21 14 40 20 50 19 57 68 49 44 13 40 26 49 54 22 22 26 17 20 36 27 8 71 50 31 36 63 35 32 32 40 36 30 61 65 13 14 41 44 48 48 32 23 53 36 50 25 59 56 31 29 23 37 57 31 35 66 34 37 64 45 42 0 53 36 21 34 59 27 38 36 51 29 63 24 35 17 28 31 32 56 31 
5 45 73 78 75 42 50 32 50 84 55 95 49 75 55 84 89 52 51 78 46 96 53 32 31 47 72 45 70 58 56 23 46 70 97 18 76 73 87 53 80 50 42 65 39 21 88 34 10 81 39 32 41 9 50 80 15 51 51 76 60 34 31 75 52 80 47 63 24 12 53 0 26 37 83 52 61 82 17 17 82 97 70 63 36 66 27 41 72 46 
31 20 56 55 56 29 32 21 41 76 32 71 43 49 37 58 64 42 25 59 23 70 48 25 30 40 53 19 61 39 39 14 20 44 71 15 52 48 76 27 60 32 29 49 25 6 80 14 30 60 36 17 15 18 47 54 38 25 25 57 34 21 35 69 34 70 21 42 40 15 36 26 0 31 62 32 56 58 20 16 64 71 47 37 24 60 5 15 46 47 
37 33 38 52 44 60 63 10 13 48 36 71 13 70 68 68 65 16 49 47 52 75 18 7 6 10 41 43 33 29 70 44 40 53 82 22 53 52 50 47 51 63 60 29 12 34 52 45 30 53 5 48 40 37 16 72 36 42 40 42 50 52 10 40 65 43 45 71 25 29 21 37 31 0 55 62 26 59 20 41 46 82 45 50 10 31 26 37 69 16 
86 42 22 7 13 81 76 53 46 49 30 18 50 49 79 28 15 43 48 10 62 25 50 54 60 49 15 49 43 26 83 76 45 26 39 65 13 17 45 42 5 73 82 30 46 68 50 68 80 2 57 74 53 78 55 47 88 40 39 19 36 78 65 50 78 44 49 69 79 72 34 83 62 55 0 70 51 11 68 78 24 39 15 31 49 48 58 50 52 62 
57 35 74 63 70 16 7 52 69 99 44 74 72 33 9 56 67 69 22 72 10 70 77 56 62 69 68 24 86 58 13 29 29 46 64 47 57 53 98 28 70 3 17 71 53 34 102 19 60 69 67 20 23 43 78 40 67 31 33 74 34 20 67 94 9 93 23 11 72 45 59 52 32 62 70 0 84 63 52 35 81 63 57 39 54 87 37 27 28 78 
61 50 29 52 38 85 88 35 16 24 47 69 13 84 93 74 65 15 66 42 74 75 8 32 30 16 36 62 11 34 95 69 57 63 87 47 56 57 27 63 46 86 85 21 32 59 28 70 53 49 22 73 61 62 12 86 59 58 56 33 64 77 31 15 90 20 63 90 45 54 27 61 56 26 51 84 0 59 45 66 33 87 48 62 32 6 51 57 83 19 
86 38 32 7 23 76 69 55 52 59 27 13 57 39 72 17 7 50 42 20 56 17 58 56 63 55 23 44 53 30 76 71 40 17 29 65 6 10 55 36 15 66 77 38 48 64 60 63 81 12 61 69 48 76 62 36 89 35 34 29 29 73 68 60 71 54 44 61 81 70 38 82 58 59 11 63 59 0 68 74 34 29 14 24 51 57 56 45 43 69 
18 33 56 63 59 45 51 15 33 68 42 81 33 67 56 73 75 35 43 62 43 84 37 15 15 30 56 38 53 42 58 26 37 58 87 5 62 60 70 45 64 51 45 48 22 18 72 33 13 66 23 34 33 17 34 72 21 41 40 59 51 37 17 59 53 63 39 62 20 9 36 17 20 20 68 52 45 68 0 22 65 86 55 52 19 50 17 32 64 32 
22 36 71 71 72 25 33 33 52 88 48 87 53 61 38 73 80 54 38 75 30 85 58 34 37 50 69 33 73 55 39 6 35 59 85 19 68 64 89 41 76 33 25 64 38 10 92 18 26 76 45 15 28 8 56 67 32 40 41 73 48 17 39 80 35 82 34 46 39 13 51 17 16 41 78 35 66 74 22 0 80 85 63 52 36 71 20 30 57 54 
83 48 9 27 13 90 87 50 34 25 37 41 37 68 90 50 39 31 59 14 72 49 35 50 52 37 14 58 23 25 94 78 53 44 63 64 33 36 21 54 19 84 90 17 43 70 26 74 76 22 45 80 60 79 40 67 82 50 48 7 52 84 55 27 89 20 59 84 70 71 29 82 64 46 24 81 33 34 65 80 0 63 28 47 46 28 60 56 70 48 
101 53 61 36 52 79 70 75 77 88 46 24 82 30 71 14 24 75 48 49 60 16 84 78 85 80 52 52 82 55 75 81 51 29 1 82 31 31 84 44 44 66 80 66 70 77 89 70 99 41 86 76 57 89 88 23 107 46 46 58 37 78 90 89 71 83 52 56 103 85 63 97 71 82 39 63 87 29 86 85 63 0 39 34 73 86 70 56 35 94 
73 27 23 8 15 66 63 41 38 51 15 27 43 40 66 26 21 36 35 15 48 30 45 42 49 41 14 34 43 16 70 61 30 16 39 52 8 9 48 29 13 60 67 27 34 53 53 53 68 13 47 59 38 64 49 39 76 26 24 21 24 63 54 50 65 45 35 57 67 58 24 70 47 45 15 57 48 14 55 63 28 39 0 19 37 47 44 35 42 55 
67 19 41 24 34 52 46 42 49 69 15 36 54 22 48 21 29 48 18 34 32 33 57 46 53 51 33 20 58 28 52 48 17 7 35 48 18 14 67 12 32 42 53 42 38 43 72 39 65 31 54 45 25 55 60 24 73 12 12 40 5 49 58 66 48 63 20 38 70 51 35 63 37 50 31 39 62 24 52 52 47 34 19 0 41 61 36 22 23 65 
37 23 37 45 40 53 56 4 17 52 27 64 19 60 61 59 58 18 39 43 44 67 24 5 12 16 37 33 37 23 63 38 30 44 73 18 45 44 53 37 45 55 53 29 3 28 56 38 31 47 15 41 31 33 24 63 39 32 30 40 41 45 17 45 58 46 35 61 30 25 17 36 24 10 49 54 32 51 19 36 46 73 37 41 0 36 19 27 59 26 
66 52 26 50 35 89 91 40 20 18 47 66 18 83 96 73 63 18 68 39 77 73 13 37 35 21 34 64 5 33 98 74 59 62 86 52 55 56 21 64 43 89 89 20 35 64 22 73 59 46 27 77 64 67 18 85 65 59 57 30 64 81 37 9 93 14 65 92 51 59 28 66 60 31 48 87 6 57 50 71 28 86 47 61 36 0 55 60 83 25 
31 18 51 52 52 34 37 16 36 71 29 69 38 50 42 57 62 37 26 55 27 69 43 20 25 35 49 21 56 35 44 19 20 43 71 12 50 46 71 28 56 37 34 44 20 10 75 19 29 56 31 22 16 20 42 55 37 25 24 53 34 26 30 64 39 65 22 46 37 15 31 27 5 26 58 37 51 56 17 20 60 70 44 36 19 55 0 15 47 42 
45 8 47 43 45 34 32 27 42 72 20 57 45 36 36 43 50 42 12 48 17 55 50 31 38 42 43 6 59 31 39 26 5 29 56 27 39 35 71 13 48 29 34 44 26 21 75 18 44 48 42 24 4 33 51 41 52 10 11 49 19 28 43 67 34 66 8 34 51 29 32 41 15 37 50 27 57 45 32 30 56 56 35 22 27 60 15 0 33 53 
77 36 64 45 57 44 35 59 70 92 36 50 75 5 36 30 44 69 21 57 27 44 78 63 70 72 56 27 80 50 40 51 29 26 36 59 39 35 90 22 54 31 45 64 57 51 95 39 76 52 74 43 31 63 81 12 84 27 29 63 19 45 75 88 36 86 25 21 84 61 56 72 46 69 52 28 83 43 64 57 70 35 42 23 59 83 47 33 0 85 
45 49 42 62 50 76 79 26 17 43 50 80 12 86 84 80 75 19 65 54 68 85 13 23 18 14 48 59 29 39 86 58 56 67 94 36 63 63 46 63 58 79 76 33 28 49 47 61 37 60 11 64 56 49 8 88 41 58 56 46 66 68 15 34 81 39 61 87 26 41 31 46 47 16 62 78 19 69 32 54 48 94 55 65 26 25 42 53 85 0 
79
22
87
59
40
60
62
41
99
41
76
100
56
93
85
53
53
48
40
74
62
55
2
29
46
20
2
81
49
74
92
35
21
34
43
1
88
80
15
41
69
80
28
60
50
29
70
58
27
61
93
82
19
74
34
43
67
69
45
38
11
71
40
39
93
20
36
32
52
7
13
72
96
11
72
44
28
57
4
60
95
98
40
68
45
56
79
19
48
