80
0 20 50 83 95 18 41 72 59 10 87 68 48 45 52 45 53 62 9 88 87 45 33 8 75 47 65 72 63 79 37 20 87 33 13 3 52 44 56 22 20 20 71 71 79 85 49 48 53 48 53 74 36 73 80 71 69 81 48 34 41 42 38 59 71 29 70 14 80 45 36 72 65 21 57 38 7 8 25 93 
20 0 36 65 77 4 22 61 54 22 68 49 36 31 45 39 33 55 19 71 74 43 29 15 55 27 57 57 55 60 37 22 69 15 14 17 34 31 37 7 29 28 66 58 72 66 43 32 40 29 40 55 32 60 61 51 62 72 37 34 29 23 27 40 66 10 50 12 72 27 28 64 52 27 38 26 13 22 7 77 
50 36 0 33 45 34 18 27 35 45 41 31 6 5 25 25 32 28 44 38 38 36 27 42 39 22 24 22 23 37 35 36 37 21 37 49 11 6 43 30 43 42 45 22 43 36 24 5 6 20 6 28 29 26 38 41 33 38 8 34 9 38 12 47 44 26 33 36 39 10 18 31 17 40 45 12 46 46 39 43 
83 65 33 0 12 65 44 30 59 78 12 27 37 38 51 55 45 48 77 8 19 65 59 75 32 42 37 15 39 19 65 69 4 50 70 81 32 39 56 62 76 75 63 20 53 4 53 35 33 39 32 13 60 26 18 39 48 36 38 65 42 59 45 60 62 55 28 69 44 38 51 39 25 73 58 45 77 79 67 15 
95 77 45 12 0 77 55 38 67 90 15 36 48 50 60 64 54 56 89 9 20 74 70 87 40 53 45 25 47 26 76 81 8 62 82 93 44 51 65 74 88 87 71 28 59 11 62 47 44 50 43 22 71 34 25 47 56 40 49 76 54 69 57 69 70 67 37 81 49 50 62 47 34 85 67 57 89 91 78 10 
18 4 34 65 77 0 23 58 51 19 69 50 33 29 42 36 36 52 16 71 72 39 25 12 57 29 54 56 52 61 33 18 69 15 10 16 34 29 40 4 25 24 63 56 69 67 39 31 38 30 38 56 28 58 62 54 59 69 34 30 26 26 24 43 63 11 52 8 69 27 25 61 50 23 41 23 12 19 11 77 
41 22 18 44 55 23 0 45 49 40 46 27 21 15 39 36 17 44 37 50 54 45 32 34 34 7 42 37 40 38 40 36 48 8 31 39 12 18 27 20 44 43 61 39 60 44 37 13 24 7 24 33 35 44 39 33 50 56 23 39 18 20 19 31 60 12 29 29 57 8 25 49 35 41 29 17 35 40 23 56 
72 61 27 30 38 58 45 0 29 66 42 47 25 31 25 32 56 18 65 29 20 39 43 64 55 48 8 16 10 44 44 56 34 48 59 71 35 30 67 54 60 59 33 11 23 34 28 32 21 45 21 35 41 4 45 60 18 11 24 46 32 65 34 71 32 53 49 58 14 37 36 9 11 58 69 35 69 67 66 29 
59 54 35 59 67 51 49 29 0 49 70 65 29 35 10 15 65 11 50 58 49 14 26 51 73 55 22 44 20 69 22 39 63 47 46 59 46 32 76 47 40 39 12 39 21 63 12 39 30 53 31 60 23 33 70 76 14 33 27 25 31 69 31 80 12 50 67 46 26 42 27 23 34 38 78 33 58 51 61 58 
10 22 45 78 90 19 40 66 49 0 85 67 43 41 42 35 55 52 3 83 82 35 23 7 74 46 58 67 56 78 27 10 82 32 9 11 49 39 59 20 10 10 61 66 69 81 39 45 48 47 48 72 26 67 79 72 59 74 43 24 36 45 33 62 61 29 69 11 70 42 30 64 60 11 60 33 13 2 28 88 
87 68 41 12 15 69 46 42 70 85 0 22 46 45 62 64 42 59 82 17 29 75 68 80 25 43 48 26 50 11 74 77 10 54 76 85 36 47 51 66 84 83 74 31 65 8 63 41 42 41 41 13 69 38 10 32 59 48 47 74 50 57 53 55 73 58 23 74 56 43 59 51 36 81 53 53 81 85 69 23 
68 49 31 27 36 50 27 47 65 67 22 0 37 33 55 56 20 57 64 35 44 66 57 61 8 22 49 31 50 12 65 63 29 35 58 66 21 36 29 47 71 70 74 36 69 25 55 28 35 21 34 14 59 43 13 13 61 56 39 64 39 35 42 33 73 39 2 56 61 28 48 55 36 68 31 40 62 67 48 42 
48 36 6 37 48 33 21 25 29 43 46 37 0 6 19 19 36 23 42 40 39 30 23 40 45 26 21 24 19 43 29 34 41 23 35 47 17 5 47 29 40 39 40 23 39 40 18 10 5 24 5 34 24 25 44 47 29 36 2 29 7 41 10 51 39 28 39 34 36 13 14 28 17 37 49 10 45 44 41 45 
45 31 5 38 50 29 15 31 35 41 45 33 6 0 25 23 30 29 39 43 43 33 24 37 41 20 27 27 25 40 32 33 42 17 33 44 12 3 41 25 40 39 46 27 45 40 24 5 10 18 10 32 26 30 41 42 35 42 8 31 6 35 9 45 45 22 35 31 42 7 15 34 21 37 43 8 41 42 35 48 
52 45 25 51 60 42 39 25 10 42 62 55 19 25 0 7 55 10 43 51 45 14 19 44 63 45 17 36 15 60 19 32 55 37 39 52 36 22 66 38 35 34 22 32 27 55 3 29 20 43 21 51 16 28 61 66 17 33 17 21 21 59 21 70 21 40 57 39 28 32 17 22 26 33 68 23 51 44 51 54 
45 39 25 55 64 36 36 32 15 35 64 56 19 23 7 0 53 17 36 55 51 11 12 37 64 43 24 40 22 62 12 25 59 32 32 45 35 20 63 32 28 27 27 36 34 58 4 28 22 41 23 53 9 34 63 65 24 40 17 14 18 54 17 67 27 35 58 32 35 30 12 29 30 26 65 19 44 37 46 59 
53 33 32 45 54 36 17 56 65 55 42 20 36 30 55 53 0 59 52 53 61 62 49 48 22 10 55 44 55 32 57 52 47 24 46 50 21 33 11 35 60 59 76 48 75 43 54 27 38 12 38 32 52 54 33 18 65 66 38 56 35 15 36 15 75 26 20 44 70 23 42 62 45 57 13 34 46 55 29 60 
62 55 28 48 56 52 44 18 11 52 59 57 23 29 10 17 59 0 53 47 38 23 29 54 65 49 11 33 9 59 29 42 52 44 49 62 39 27 70 48 45 44 17 28 17 52 13 33 22 47 23 50 26 22 60 69 7 23 21 31 28 64 29 74 16 48 59 49 18 36 27 12 23 43 72 30 61 54 61 47 
9 19 44 77 89 16 37 65 50 3 82 64 42 39 43 36 52 53 0 82 81 36 24 4 71 43 58 66 56 75 28 11 81 29 7 9 46 38 56 17 12 13 62 65 70 79 40 42 47 44 47 69 27 66 76 69 60 74 42 25 35 42 32 59 62 26 66 8 71 39 29 65 59 13 57 32 10 3 25 87 
88 71 38 8 9 71 50 29 58 83 17 35 40 43 51 55 53 47 82 0 12 65 62 80 40 49 36 16 38 26 67 74 7 56 75 86 38 44 64 67 80 79 62 19 51 11 53 40 36 46 35 21 63 25 25 47 47 31 41 68 47 67 50 68 61 61 36 74 40 44 54 38 25 77 66 50 83 84 73 7 
87 74 38 19 20 72 54 20 49 82 29 44 39 43 45 51 61 38 81 12 0 59 60 79 51 55 28 17 30 38 63 72 19 59 74 86 42 43 72 68 78 77 52 16 40 23 48 42 34 52 34 31 60 17 37 57 37 20 39 65 46 73 49 76 51 64 46 73 29 47 52 28 22 75 74 49 84 83 77 10 
45 43 36 65 74 39 45 39 14 35 75 66 30 33 14 11 62 23 36 65 59 0 14 37 74 52 31 50 29 73 8 25 69 40 33 45 45 30 72 36 26 25 26 46 35 68 12 38 33 50 34 64 11 42 74 75 28 46 28 11 28 61 26 76 26 41 68 34 40 40 20 35 40 24 74 28 44 37 50 68 
33 29 27 59 70 25 32 43 26 23 68 57 23 24 19 12 49 29 24 62 60 14 0 25 65 39 35 46 33 64 8 13 63 26 20 33 36 21 58 22 18 17 38 44 46 62 16 29 26 39 27 55 3 44 65 64 36 51 21 7 18 47 15 62 38 27 59 20 47 29 9 41 38 15 60 17 32 25 36 67 
8 15 42 75 87 12 34 64 51 7 80 61 40 37 44 37 48 54 4 80 79 37 25 0 68 40 57 64 55 72 29 12 79 26 5 8 44 36 52 14 16 16 63 63 71 77 41 40 45 41 45 67 28 65 73 66 61 73 40 26 33 38 30 55 63 23 63 6 72 37 28 64 57 15 53 30 7 7 21 85 
75 55 39 32 40 57 34 55 73 74 25 8 45 41 63 64 22 65 71 40 51 74 65 68 0 28 57 39 58 14 73 70 33 42 65 72 29 44 28 54 78 77 82 44 77 29 63 36 43 27 42 20 67 51 15 7 69 64 47 72 47 37 50 31 81 46 6 63 69 36 56 63 44 75 29 48 68 74 51 46 
47 27 22 42 53 29 7 48 55 46 43 22 26 20 45 43 10 49 43 49 55 52 39 40 28 0 46 38 45 34 47 43 46 15 37 44 13 23 21 26 51 50 66 41 65 42 44 17 28 3 28 31 42 46 35 26 55 58 28 46 25 18 26 25 65 18 23 35 61 13 32 53 37 48 23 24 40 46 26 56 
65 57 24 37 45 54 42 8 22 58 48 49 21 27 17 24 55 11 58 36 28 31 35 57 57 46 0 22 2 49 36 48 41 44 52 64 34 26 66 50 52 51 26 17 20 41 20 29 18 44 18 40 33 11 50 62 12 16 20 38 28 62 30 70 25 49 51 51 15 34 29 7 13 50 68 31 63 60 62 37 
72 57 22 15 25 56 37 16 44 67 26 31 24 27 36 40 44 33 66 16 17 50 46 64 39 38 22 0 24 28 52 58 19 42 59 71 25 28 55 52 64 63 48 5 39 19 38 25 20 35 19 19 47 12 29 44 33 25 25 52 31 56 34 59 47 47 33 58 30 30 38 25 10 61 57 34 68 68 60 21 
63 55 23 39 47 52 40 10 20 56 50 50 19 25 15 22 55 9 56 38 30 29 33 55 58 45 2 24 0 50 34 46 43 42 50 62 34 24 66 48 50 49 25 19 20 43 18 28 17 43 17 41 31 13 51 62 11 18 18 36 26 60 28 70 24 47 52 49 17 32 27 9 14 48 68 29 61 58 60 39 
79 60 37 19 26 61 38 44 69 78 11 12 43 40 60 62 32 59 75 26 38 73 64 72 14 34 49 28 50 0 72 71 19 46 69 77 29 43 41 58 79 78 75 33 67 15 61 35 40 32 39 9 66 40 1 21 61 53 45 71 46 47 49 44 74 50 12 67 58 36 55 53 36 76 42 47 73 78 60 32 
37 37 35 65 76 33 40 44 22 27 74 65 29 32 19 12 57 29 28 67 63 8 8 29 73 47 36 52 34 72 0 17 69 34 25 37 44 29 66 30 18 17 34 48 43 68 16 37 32 47 33 63 6 46 73 72 35 52 27 3 26 55 23 70 34 35 67 26 47 37 17 41 42 16 68 25 36 29 44 71 
20 22 36 69 81 18 36 56 39 10 77 63 34 33 32 25 52 42 11 74 72 25 13 12 70 43 48 58 46 71 17 0 73 28 9 20 42 30 57 18 8 7 51 56 59 72 29 37 38 43 39 64 16 57 72 69 49 64 33 14 27 44 24 61 51 26 65 10 60 35 20 54 50 5 59 25 19 12 29 79 
87 69 37 4 8 69 48 34 63 82 10 29 41 42 55 59 47 52 81 7 19 69 63 79 33 46 41 19 43 19 69 73 0 54 74 85 36 43 58 66 80 79 67 24 57 4 57 39 37 43 36 15 64 30 18 40 52 38 42 69 46 62 49 62 66 59 30 73 47 42 55 43 29 77 60 49 81 83 71 13 
33 15 21 50 62 15 8 48 47 32 54 35 23 17 37 32 24 44 29 56 59 40 26 26 42 15 44 42 42 46 34 28 54 0 23 31 19 18 32 12 36 35 59 43 60 52 35 17 27 15 27 41 29 47 47 41 50 59 24 33 16 22 16 36 58 5 37 21 59 12 20 51 38 33 34 14 27 32 18 62 
13 14 37 70 82 10 31 59 46 9 76 58 35 33 39 32 46 49 7 75 74 33 20 5 65 37 52 59 50 69 25 9 74 23 0 13 40 31 50 11 15 14 58 58 66 73 36 36 40 38 40 63 23 60 70 63 56 68 35 22 28 36 25 53 58 20 60 2 67 33 23 59 52 13 51 25 12 10 21 80 
3 17 49 81 93 16 39 71 59 11 85 66 47 44 52 45 50 62 9 86 86 45 33 8 72 44 64 71 62 77 37 20 85 31 13 0 50 43 53 19 21 21 71 70 79 83 49 46 52 46 52 72 36 72 78 68 69 80 47 34 40 39 37 56 71 27 67 13 79 43 35 71 64 22 54 37 4 10 22 92 
52 34 11 32 44 34 12 35 46 49 36 21 17 12 36 35 21 39 46 38 42 45 36 44 29 13 34 25 34 29 44 42 36 19 40 50 0 15 32 31 50 49 56 28 54 33 35 7 17 10 17 23 38 33 30 30 44 45 19 43 18 31 21 36 55 24 23 38 49 7 27 41 24 47 34 19 46 49 35 44 
44 31 6 39 51 29 18 30 32 39 47 36 5 3 22 20 33 27 38 44 43 30 21 36 44 23 26 28 24 43 29 30 43 18 31 43 15 0 44 25 37 36 43 27 43 42 21 8 9 21 9 34 23 29 44 45 33 41 6 28 3 38 6 48 43 23 38 30 41 10 12 33 21 34 46 6 41 40 36 49 
56 37 43 56 65 40 27 67 76 59 51 29 47 41 66 63 11 70 56 64 72 72 58 52 28 21 66 55 66 41 66 57 58 32 50 53 32 44 0 40 65 64 87 59 86 54 64 38 49 23 49 43 61 65 42 22 76 77 49 64 45 14 46 4 86 31 29 48 81 34 52 73 56 62 2 44 49 59 31 71 
22 7 30 62 74 4 20 54 47 20 66 47 29 25 38 32 35 48 17 67 68 36 22 14 54 26 50 52 48 58 30 18 66 12 11 19 31 25 40 0 25 24 59 52 65 64 36 27 34 27 34 53 25 54 59 52 55 65 30 27 22 27 20 43 59 9 49 9 65 24 21 57 46 23 41 19 16 20 14 73 
20 29 43 76 88 25 44 60 40 10 84 71 40 40 35 28 60 45 12 80 78 26 18 16 78 51 52 64 50 79 18 8 80 36 15 21 50 37 65 25 0 1 52 62 61 79 32 44 44 51 45 71 19 62 80 77 52 68 39 15 34 51 31 68 52 34 72 17 63 43 26 57 56 3 66 32 22 12 36 85 
20 28 42 75 87 24 43 59 39 10 83 70 39 39 34 27 59 44 13 79 77 25 17 16 77 50 51 63 49 78 17 7 79 35 14 21 49 36 64 24 1 0 51 61 60 78 31 43 43 50 44 70 18 61 79 76 51 67 38 14 33 50 30 67 51 33 71 16 62 42 25 56 55 2 65 31 23 12 35 84 
71 66 45 63 71 63 61 33 12 61 74 74 40 46 22 27 76 17 62 62 52 26 38 63 82 66 26 48 25 75 34 51 67 59 58 71 56 43 87 59 52 51 0 43 14 67 24 50 39 64 40 66 35 37 76 86 15 32 38 37 43 81 43 91 1 62 76 58 24 53 39 24 39 50 89 45 70 63 73 62 
71 58 22 20 28 56 39 11 39 66 31 36 23 27 32 36 48 28 65 19 16 46 44 63 44 41 17 5 19 33 48 56 24 43 58 70 28 27 59 52 62 61 43 0 34 24 34 26 18 38 18 24 44 7 34 49 28 20 23 49 30 59 33 63 42 48 38 57 25 31 36 20 6 59 61 33 68 67 61 23 
79 72 43 53 59 69 60 23 21 69 65 69 39 45 27 34 75 17 70 51 40 35 46 71 77 65 20 39 20 67 43 59 57 60 66 79 54 43 86 65 61 60 14 34 0 57 30 48 37 63 37 58 43 27 68 82 10 20 37 46 44 80 45 90 13 64 71 66 11 52 44 14 33 59 88 47 78 71 77 50 
85 66 36 4 11 67 44 34 63 81 8 25 40 40 55 58 43 52 79 11 23 68 62 77 29 42 41 19 43 15 68 72 4 52 73 83 33 42 54 64 79 78 67 24 57 0 56 37 36 39 35 11 63 30 15 36 52 40 41 68 45 58 48 58 66 56 26 71 48 40 54 43 29 76 56 48 79 82 67 17 
49 43 24 53 62 39 37 28 12 39 63 55 18 24 3 4 54 13 40 53 48 12 16 41 63 44 20 38 18 61 16 29 57 35 36 49 35 21 64 36 32 31 24 34 30 56 0 28 21 42 22 52 13 31 62 65 20 36 16 18 19 57 19 68 24 38 57 36 31 31 15 25 28 30 66 21 48 41 49 57 
48 32 5 35 47 31 13 32 39 45 41 28 10 5 29 28 27 33 42 40 42 38 29 40 36 17 29 25 28 35 37 37 39 17 36 46 7 8 38 27 44 43 50 26 48 37 28 0 11 15 11 28 31 31 36 37 38 43 12 36 11 33 14 42 49 22 30 34 44 5 20 36 22 41 40 12 43 45 35 46 
53 40 6 33 44 38 24 21 30 48 42 35 5 10 20 22 38 22 47 36 34 33 26 45 43 28 18 20 17 40 32 38 37 27 40 52 17 9 49 34 44 43 39 18 37 36 21 11 0 26 1 31 27 20 41 47 27 32 5 32 12 44 15 53 38 32 37 39 33 16 18 25 12 41 51 15 50 49 45 41 
48 29 20 39 50 30 7 45 53 47 41 21 24 18 43 41 12 47 44 46 52 50 39 41 27 3 44 35 43 32 47 43 43 15 38 46 10 21 23 27 51 50 64 38 63 39 42 15 26 0 26 28 41 43 33 26 53 55 26 46 23 21 24 27 63 19 22 36 59 11 30 51 34 48 25 22 42 47 28 53 
53 40 6 32 43 38 24 21 31 48 41 34 5 10 21 23 38 23 47 35 34 34 27 45 42 28 18 19 17 39 33 39 36 27 40 52 17 9 49 34 45 44 40 18 37 35 22 11 1 26 0 30 28 20 40 46 28 32 6 33 12 44 15 53 39 32 36 39 33 16 19 25 12 42 51 15 50 49 45 40 
74 55 28 13 22 56 33 35 60 72 13 14 34 32 51 53 32 50 69 21 31 64 55 67 20 31 40 19 41 9 63 64 15 41 63 72 23 34 43 53 71 70 66 24 58 11 52 28 31 28 30 0 57 31 10 26 52 44 36 62 37 47 40 47 65 45 15 61 49 30 46 44 27 68 45 40 68 72 56 28 
36 32 29 60 71 28 35 41 23 26 69 59 24 26 16 9 52 26 27 63 60 11 3 28 67 42 33 47 31 66 6 16 64 29 23 36 38 23 61 25 19 18 35 44 43 63 13 31 27 41 28 57 0 43 67 67 33 49 22 5 20 50 17 65 35 30 61 23 44 31 11 38 38 17 63 19 35 28 39 67 
73 60 26 26 34 58 44 4 33 67 38 43 25 30 28 34 54 22 66 25 17 42 44 65 51 46 11 12 13 40 46 57 30 47 60 72 33 29 65 54 62 61 37 7 27 30 31 31 20 43 20 31 43 0 41 56 22 13 25 48 32 64 35 69 36 52 45 59 18 36 37 13 9 59 67 35 70 68 65 26 
80 61 38 18 25 62 39 45 70 79 10 13 44 41 61 63 33 60 76 25 37 74 65 73 15 35 50 29 51 1 73 72 18 47 70 78 30 44 42 59 80 79 76 34 68 15 62 36 41 33 40 10 67 41 0 22 62 53 46 72 47 48 50 45 75 51 13 68 59 37 56 54 37 77 43 48 74 79 61 31 
71 51 41 39 47 54 33 60 76 72 32 13 47 42 66 65 18 69 69 47 57 75 64 66 7 26 62 44 62 21 72 69 40 41 63 68 30 45 22 52 77 76 86 49 82 36 65 37 47 26 46 26 67 56 22 0 73 69 49 71 48 33 50 24 85 43 11 61 74 36 56 68 49 74 23 48 64 72 47 53 
69 62 33 48 56 59 50 18 14 59 59 61 29 35 17 24 65 7 60 47 37 28 36 61 69 55 12 33 11 61 35 49 52 50 56 69 44 33 76 55 52 51 15 28 10 52 20 38 27 53 28 52 33 22 62 73 0 19 27 37 34 70 35 80 14 54 63 56 12 42 34 9 25 50 78 37 68 61 67 47 
81 72 38 36 40 69 56 11 33 74 48 56 36 42 33 40 66 23 74 31 20 46 51 73 64 58 16 25 18 53 52 64 38 59 68 80 45 41 77 65 68 67 32 20 20 40 36 43 32 55 32 44 49 13 53 69 19 0 35 54 43 76 45 81 32 64 58 67 9 48 45 11 21 66 79 46 79 76 77 30 
48 37 8 38 49 34 23 24 27 43 47 39 2 8 17 17 38 21 42 41 39 28 21 40 47 28 20 25 18 45 27 33 42 24 35 47 19 6 49 30 39 38 38 23 37 41 16 12 5 26 6 36 22 25 46 49 27 35 0 27 8 43 10 53 37 29 41 34 35 15 13 27 17 36 51 11 45 44 42 46 
34 34 34 65 76 30 39 46 25 24 74 64 29 31 21 14 56 31 25 68 65 11 7 26 72 46 38 52 36 71 3 14 69 33 22 34 43 28 64 27 15 14 37 49 46 68 18 36 32 46 33 62 5 48 72 71 37 54 27 0 25 53 22 68 37 33 66 23 49 36 16 43 43 13 66 24 33 26 41 72 
41 29 9 42 54 26 18 32 31 36 50 39 7 6 21 18 35 28 35 47 46 28 18 33 47 25 28 31 26 46 26 27 46 16 28 40 18 3 45 22 34 33 43 30 44 45 19 11 12 23 12 37 20 32 47 48 34 43 8 25 0 38 3 49 42 21 41 27 43 12 9 35 24 31 47 3 38 37 34 52 
42 23 38 59 69 26 20 65 69 45 57 35 41 35 59 54 15 64 42 67 73 61 47 38 37 18 62 56 60 47 55 44 62 22 36 39 31 38 14 27 51 50 81 59 80 58 57 33 44 21 44 47 50 64 48 33 70 76 43 53 38 0 38 17 80 20 35 34 77 28 42 69 55 49 15 36 35 45 17 73 
38 27 12 45 57 24 19 34 31 33 53 42 10 9 21 17 36 29 32 50 49 26 15 30 50 26 30 34 28 49 23 24 49 16 25 37 21 6 46 20 31 30 43 33 45 48 19 14 15 24 15 40 17 35 50 50 35 45 10 22 3 38 0 50 42 19 44 24 45 14 6 37 27 28 48 2 35 34 32 55 
59 40 47 60 69 43 31 71 80 62 55 33 51 45 70 67 15 74 59 68 76 76 62 55 31 25 70 59 70 44 70 61 62 36 53 56 36 48 4 43 68 67 91 63 90 58 68 42 53 27 53 47 65 69 45 24 80 81 53 68 49 17 50 0 90 35 32 51 85 38 56 77 60 66 2 48 52 62 34 75 
71 66 44 62 70 63 60 32 12 61 73 73 39 45 21 27 75 16 62 61 51 26 38 63 81 65 25 47 24 74 34 51 66 58 58 71 55 43 86 59 52 51 1 42 13 66 24 49 38 63 39 65 35 36 75 85 14 32 37 37 42 80 42 90 0 61 75 58 23 52 38 23 38 50 88 44 70 63 72 61 
29 10 26 55 67 11 12 53 50 29 58 39 28 22 40 35 26 48 26 61 64 41 27 23 46 18 49 47 47 50 35 26 59 5 20 27 24 23 31 9 34 33 62 48 64 56 38 22 32 19 32 45 30 52 51 43 54 64 29 33 21 20 19 35 61 0 41 18 64 17 23 56 43 31 33 18 23 29 13 67 
70 50 33 28 37 52 29 49 67 69 23 2 39 35 57 58 20 59 66 36 46 68 59 63 6 23 51 33 52 12 67 65 30 37 60 67 23 38 29 49 72 71 76 38 71 26 57 30 37 22 36 15 61 45 13 11 63 58 41 66 41 35 44 32 75 41 0 58 63 30 50 57 38 69 30 42 63 69 49 43 
14 12 36 69 81 8 29 58 46 11 74 56 34 31 39 32 44 49 8 74 73 34 20 6 63 35 51 58 49 67 26 10 73 21 2 13 38 30 48 9 17 16 58 57 66 71 36 34 39 36 39 61 23 59 68 61 56 67 34 23 27 34 24 51 58 18 58 0 66 31 22 58 51 15 49 24 12 11 19 79 
80 72 39 44 49 69 57 14 26 70 56 61 36 42 28 35 70 18 71 40 29 40 47 72 69 61 15 30 17 58 47 60 47 59 67 79 49 41 81 65 63 62 24 25 11 48 31 44 33 59 33 49 44 18 59 74 12 9 35 49 43 77 45 85 23 64 63 66 0 49 44 8 25 61 83 46 78 72 77 39 
45 27 10 38 50 27 8 37 42 42 43 28 13 7 32 30 23 36 39 44 47 40 29 37 36 13 34 30 32 36 37 35 42 12 33 43 7 10 34 24 43 42 53 31 52 40 31 5 16 11 16 30 31 36 37 36 42 48 15 36 12 28 14 38 52 17 30 31 49 0 20 41 27 40 36 12 39 42 30 50 
36 28 18 51 62 25 25 36 27 30 59 48 14 15 17 12 42 27 29 54 52 20 9 28 56 32 29 38 27 55 17 20 55 20 23 35 27 12 52 21 26 25 39 36 44 54 15 20 18 30 19 46 11 37 56 56 34 45 13 16 9 42 6 56 38 23 50 22 44 20 0 36 30 23 54 8 34 31 34 59 
72 64 31 39 47 61 49 9 23 64 51 55 28 34 22 29 62 12 65 38 28 35 41 64 63 53 7 25 9 53 41 54 43 51 59 71 41 33 73 57 57 56 24 20 14 43 25 36 25 51 25 44 38 13 54 68 9 11 27 43 35 69 37 77 23 56 57 58 8 41 36 0 19 55 75 38 70 66 69 38 
65 52 17 25 34 50 35 11 34 60 36 36 17 21 26 30 45 23 59 25 22 40 38 57 44 37 13 10 14 36 42 50 29 38 52 64 24 21 56 46 56 55 39 6 33 29 28 22 12 34 12 27 38 9 37 49 25 21 17 43 24 55 27 60 38 43 38 51 25 27 30 19 0 53 58 27 62 61 56 29 
21 27 40 73 85 23 41 58 38 11 81 68 37 37 33 26 57 43 13 77 75 24 15 15 75 48 50 61 48 76 16 5 77 33 13 22 47 34 62 23 3 2 50 59 59 76 30 41 41 48 42 68 17 59 77 74 50 66 36 13 31 49 28 66 50 31 69 15 61 40 23 55 53 0 64 29 22 13 34 82 
57 38 45 58 67 41 29 69 78 60 53 31 49 43 68 65 13 72 57 66 74 74 60 53 29 23 68 57 68 42 68 59 60 34 51 54 34 46 2 41 66 65 89 61 88 56 66 40 51 25 51 45 63 67 43 23 78 79 51 66 47 15 48 2 88 33 30 49 83 36 54 75 58 64 0 46 50 60 32 73 
38 26 12 45 57 23 17 35 33 33 53 40 10 8 23 19 34 30 32 50 49 28 17 30 48 24 31 34 29 47 25 25 49 14 25 37 19 6 44 19 32 31 45 33 47 48 21 12 15 22 15 40 19 35 48 48 37 46 11 24 3 36 2 48 44 18 42 24 46 12 8 38 27 29 46 0 35 35 31 55 
7 13 46 77 89 12 35 69 58 13 81 62 45 41 51 44 46 61 10 83 84 44 32 7 68 40 63 68 61 73 36 19 81 27 12 4 46 41 49 16 22 23 70 68 78 79 48 43 50 42 50 68 35 70 74 64 68 79 45 33 38 35 35 52 70 23 63 12 78 39 34 70 62 22 50 35 0 12 18 89 
8 22 46 79 91 19 40 67 51 2 85 67 44 42 44 37 55 54 3 84 83 37 25 7 74 46 60 68 58 78 29 12 83 32 10 10 49 40 59 20 12 12 63 67 71 82 41 45 49 47 49 72 28 68 79 72 61 76 44 26 37 45 34 62 63 29 69 11 72 42 31 66 61 13 60 35 12 0 28 89 
25 7 39 67 78 11 23 66 61 28 69 48 41 35 51 46 29 61 25 73 77 50 36 21 51 26 62 60 60 60 44 29 71 18 21 22 35 36 31 14 36 35 73 61 77 67 49 35 45 28 45 56 39 65 61 47 67 77 42 41 34 17 32 34 72 13 49 19 77 30 34 69 56 34 32 31 18 28 0 79 
93 77 43 15 10 77 56 29 58 88 23 42 45 48 54 59 60 47 87 7 10 68 67 85 46 56 37 21 39 32 71 79 13 62 80 92 44 49 71 73 85 84 62 23 50 17 57 46 41 53 40 28 67 26 31 53 47 30 46 72 52 73 55 75 61 67 43 79 39 50 59 38 29 82 73 55 89 89 79 0 
13
1
91
91
71
63
63
40
69
46
29
62
16
69
7
71
43
35
30
36
17
34
81
2
5
88
43
100
46
81
35
37
1
17
24
29
76
57
61
80
10
53
16
41
5
79
61
90
5
84
5
77
97
63
22
4
35
96
19
85
59
98
51
47
39
95
21
84
93
83
98
4
39
75
74
97
51
1
4
