80
0 7 31 56 30 55 77 53 39 51 27 33 23 22 79 80 11 71 61 72 78 67 68 46 34 19 70 39 68 72 79 24 71 40 37 2 38 28 23 28 74 28 33 66 79 63 36 34 84 36 35 48 70 51 45 48 52 53 73 46 24 31 25 30 22 54 71 50 79 35 10 55 67 58 22 45 42 66 45 36 
7 0 27 49 23 48 72 47 33 48 21 27 16 27 74 73 7 68 54 66 74 60 65 41 27 20 64 42 64 67 72 27 68 33 37 9 41 23 19 21 69 21 28 61 74 58 29 28 77 39 31 41 66 45 45 48 48 46 68 41 17 37 20 33 25 51 64 46 74 29 3 52 64 54 28 40 36 61 43 32 
31 27 0 40 37 35 48 29 48 22 43 43 30 27 50 56 20 42 45 44 47 50 38 15 32 17 45 29 37 41 58 22 42 44 20 31 27 5 8 36 43 33 6 35 48 32 39 43 60 30 4 39 39 26 28 28 21 42 42 15 35 38 10 22 22 25 48 19 48 45 28 25 38 27 33 16 20 35 18 5 
56 49 40 0 33 7 38 17 41 53 45 40 35 66 39 28 48 66 5 32 59 11 60 38 25 55 25 69 53 53 24 62 65 30 59 58 67 38 43 34 41 31 34 48 53 45 29 38 30 70 38 10 59 20 67 67 44 6 43 34 39 77 36 62 61 54 19 41 59 42 46 51 62 51 71 31 20 38 54 39 
30 23 37 33 0 36 66 40 12 58 12 8 8 50 68 61 28 78 36 60 78 42 73 46 9 41 56 62 69 71 56 49 78 10 54 32 61 32 32 2 65 4 34 65 75 62 6 7 63 61 39 23 73 40 62 65 54 28 66 43 7 60 27 53 47 61 52 51 78 10 20 60 74 62 51 41 31 60 55 40 
55 48 35 7 36 0 31 10 45 46 48 43 36 61 33 25 45 59 12 25 52 15 53 31 27 50 20 64 46 46 24 57 58 34 54 56 62 33 38 37 34 33 29 41 46 38 32 41 29 65 33 14 52 13 61 60 37 13 36 27 41 72 32 57 56 47 16 34 52 45 46 44 55 44 66 24 15 31 47 34 
77 72 48 38 66 31 0 26 76 41 77 73 65 75 2 22 66 42 39 6 30 37 37 34 57 65 13 68 29 25 30 69 41 65 59 77 66 50 55 66 7 62 45 24 20 24 63 72 26 72 44 45 35 27 61 58 32 44 11 33 70 85 52 66 70 39 22 32 28 75 71 36 40 34 81 33 37 15 46 44 
53 47 29 17 40 10 26 0 51 36 51 47 39 56 28 27 43 49 22 20 42 25 43 21 31 45 17 57 36 36 29 51 48 41 47 54 55 28 33 40 25 36 24 31 36 28 38 46 31 59 26 23 42 3 52 50 27 23 27 17 44 67 29 51 51 37 19 24 42 49 45 34 45 34 61 15 11 21 37 26 
39 33 48 41 12 45 76 51 0 69 12 6 18 60 78 69 38 89 43 70 90 49 84 58 20 51 65 72 81 83 64 59 89 11 65 41 71 43 43 13 76 16 46 77 86 74 13 5 71 71 50 31 85 51 73 76 66 35 77 55 16 70 38 63 57 72 60 63 90 4 30 71 85 74 61 53 43 71 66 51 
51 48 22 53 58 46 41 36 69 0 64 64 51 40 42 57 41 20 58 40 29 61 17 15 52 33 44 28 19 24 61 33 20 64 19 50 26 27 29 57 34 54 24 19 32 17 59 64 61 32 19 53 19 33 20 17 9 56 31 19 56 46 31 28 35 3 51 12 31 66 49 5 16 8 46 22 33 26 7 18 
27 21 43 45 12 48 77 51 12 64 0 7 13 48 79 73 27 84 48 71 87 54 79 54 21 40 68 62 78 80 68 47 84 18 57 29 61 38 37 11 76 15 41 74 85 71 17 9 75 59 45 35 81 51 65 68 62 40 76 52 8 58 33 53 45 67 64 59 87 8 18 66 80 69 49 50 41 70 61 46 
33 27 43 40 8 43 73 47 6 64 7 0 13 54 75 68 32 84 42 67 86 48 79 54 16 45 63 67 77 79 63 53 84 11 60 35 66 38 38 8 72 12 41 73 82 70 11 2 70 65 45 30 81 47 68 71 62 34 73 51 10 64 33 58 51 67 59 59 86 2 24 66 80 69 55 49 39 67 61 46 
23 16 30 35 8 36 65 39 18 51 13 13 0 42 67 61 20 71 39 59 74 45 66 41 11 33 56 54 65 67 59 41 71 18 47 25 53 25 25 6 63 5 28 61 72 58 13 13 65 53 32 26 68 38 55 58 49 31 63 39 5 52 20 45 39 54 52 46 74 15 13 53 67 56 44 37 28 57 48 33 
22 27 27 66 50 61 75 56 60 40 48 54 42 0 76 83 22 58 71 71 69 76 57 41 50 11 72 20 59 64 84 7 59 60 21 20 19 28 23 48 68 47 33 58 71 56 55 55 87 14 31 61 59 53 27 30 45 65 67 42 44 11 30 12 5 43 75 43 71 56 30 45 55 48 6 43 46 60 33 31 
79 74 50 39 68 33 2 28 78 42 79 75 67 76 0 22 68 42 41 8 30 38 38 36 59 67 14 69 30 25 30 70 41 67 60 79 67 52 57 68 8 64 47 25 20 25 65 74 26 73 46 47 36 29 62 59 33 45 12 35 72 86 54 67 71 40 23 33 28 77 73 37 41 35 82 35 39 16 47 46 
80 73 56 28 61 25 22 27 69 57 73 68 61 83 22 0 70 64 26 19 52 21 58 46 52 72 13 83 50 47 8 78 63 58 73 81 81 55 60 62 29 58 51 45 42 43 57 66 4 86 53 38 57 30 77 74 48 34 33 43 66 94 56 78 78 57 9 47 50 70 71 54 61 53 88 41 38 33 62 53 
11 7 20 48 28 45 66 43 38 41 27 32 20 22 68 70 0 61 53 61 67 59 58 35 28 13 59 35 57 61 69 21 61 38 30 11 34 17 12 26 63 25 22 55 68 52 33 33 74 33 24 41 59 40 38 41 41 46 62 35 22 33 14 26 19 44 61 39 68 34 9 45 57 47 24 34 32 55 36 25 
71 68 42 66 78 59 42 49 89 20 84 84 71 58 42 64 61 0 71 45 15 72 6 32 71 52 52 42 14 17 71 51 1 83 37 70 41 47 49 77 35 74 44 19 25 21 78 84 68 48 39 70 7 46 33 29 24 71 31 35 76 64 51 46 53 17 61 27 17 86 69 18 4 16 64 38 50 31 26 38 
61 54 45 5 36 12 39 22 43 58 48 42 39 71 41 26 53 71 0 33 63 6 65 43 28 60 27 74 58 57 21 67 70 32 64 63 72 43 48 38 43 34 39 53 56 50 31 40 28 75 43 13 64 25 72 72 49 8 46 39 42 82 41 67 66 59 18 46 63 44 51 56 67 56 76 36 25 42 59 44 
72 66 44 32 60 25 6 20 70 40 71 67 59 71 8 19 61 45 33 0 33 31 39 31 51 61 7 67 31 28 26 66 44 59 57 72 65 45 50 60 10 56 40 26 23 24 57 66 23 70 40 39 38 21 60 57 31 38 14 29 64 82 47 64 66 39 16 30 31 69 65 36 42 34 77 28 31 14 45 40 
78 74 47 59 78 52 30 42 90 29 87 86 74 69 30 52 67 15 63 33 0 64 13 33 70 62 40 55 10 7 59 62 14 82 48 78 53 51 55 78 23 74 46 13 10 16 77 85 56 60 43 65 11 41 46 42 26 65 19 35 79 75 54 57 64 26 49 29 2 88 73 24 16 21 75 37 48 21 36 42 
67 60 50 11 42 15 37 25 49 61 54 48 45 76 38 21 59 72 6 31 64 0 66 46 34 65 24 79 59 58 15 72 71 38 69 69 77 48 53 44 41 40 44 54 54 51 37 46 22 80 48 19 65 28 76 75 52 14 45 42 48 87 47 72 71 62 15 49 62 50 57 59 69 59 81 39 30 43 62 49 
68 65 38 60 73 53 37 43 84 17 79 79 66 57 38 58 58 6 65 39 13 66 0 27 66 50 46 42 8 13 65 50 5 78 36 67 40 42 46 72 30 69 39 13 21 15 73 79 62 47 34 65 2 40 33 29 19 65 26 30 71 63 46 45 52 14 55 22 15 81 65 13 3 11 63 33 45 25 24 33 
46 41 15 38 46 31 34 21 58 15 54 54 41 41 36 46 35 32 43 31 33 46 27 0 39 32 34 37 24 26 49 35 32 51 27 46 35 18 23 46 28 42 13 20 33 17 46 53 50 40 11 38 27 18 31 29 8 41 27 4 46 52 21 33 36 16 39 5 33 56 40 14 28 16 47 7 18 20 16 10 
34 27 32 25 9 27 57 31 20 52 21 16 11 50 59 52 28 71 28 51 70 34 66 39 0 40 47 61 62 63 48 48 71 12 52 36 59 27 30 10 56 6 28 57 66 54 7 15 55 60 33 15 66 31 60 60 47 20 57 36 14 61 23 52 46 55 43 44 70 18 24 53 67 55 52 33 23 51 49 34 
19 20 17 55 41 50 65 45 51 33 40 45 33 11 67 72 13 52 60 61 62 65 50 32 40 0 62 22 52 57 73 8 53 51 18 18 21 17 12 39 60 38 22 51 64 48 46 46 76 20 21 50 52 43 26 29 37 54 59 32 35 22 19 13 6 36 64 35 64 47 22 38 49 41 16 33 35 52 26 22 
70 64 45 25 56 20 13 17 65 44 68 63 56 72 14 13 59 52 27 7 40 24 46 34 47 62 0 71 38 35 19 67 51 54 61 70 69 45 50 57 17 53 40 33 30 31 52 61 17 74 41 34 45 19 64 61 35 31 21 31 61 83 45 66 67 44 9 34 38 65 62 41 49 40 78 29 28 21 49 41 
39 42 29 69 62 64 68 57 72 28 62 67 54 20 69 83 35 42 74 67 55 79 42 37 61 22 71 0 46 51 85 15 43 72 10 37 2 34 31 60 61 59 35 46 59 45 67 67 87 6 31 68 44 54 9 13 36 71 59 40 57 22 38 9 17 30 75 37 57 69 44 33 39 35 24 42 49 53 22 31 
68 64 37 53 69 46 29 36 81 19 78 77 65 59 30 50 57 14 58 31 10 59 8 24 62 52 38 46 0 5 57 52 13 74 38 68 44 41 45 69 22 65 37 5 13 8 69 76 54 51 33 59 7 34 38 34 16 59 18 26 70 65 45 47 54 16 47 19 12 79 64 14 11 11 65 29 40 17 26 32 
72 67 41 53 71 46 25 36 83 24 80 79 67 64 25 47 61 17 57 28 7 58 13 26 63 57 35 51 5 0 54 57 16 75 43 72 49 44 49 71 18 67 39 6 8 9 70 78 51 56 37 59 11 34 43 39 20 59 14 28 72 70 47 52 59 21 44 22 7 81 66 19 16 16 70 30 41 15 31 36 
79 72 58 24 56 24 30 29 64 61 68 63 59 84 30 8 69 71 21 26 59 15 65 49 48 73 19 85 57 54 0 80 70 53 75 80 83 56 61 58 36 54 52 52 49 50 52 61 7 88 55 33 64 32 80 78 52 29 40 45 62 95 56 80 79 62 10 50 57 65 70 59 68 58 89 43 38 40 65 55 
24 27 22 62 49 57 69 51 59 33 47 53 41 7 70 78 21 51 67 66 62 72 50 35 48 8 67 15 52 57 80 0 52 59 14 22 14 24 19 47 62 46 28 51 64 49 54 54 82 12 26 57 52 48 21 24 38 61 61 37 43 17 26 6 2 36 70 37 64 55 29 38 48 41 13 38 42 54 26 26 
71 68 42 65 78 58 41 48 89 20 84 84 71 59 41 63 61 1 70 44 14 71 5 32 71 53 51 43 13 16 70 52 0 83 38 70 42 47 49 77 34 74 44 18 24 20 78 84 67 49 39 70 6 45 34 30 24 70 30 35 76 65 51 47 54 17 60 27 16 86 69 18 4 16 65 38 50 30 27 38 
40 33 44 30 10 34 65 41 11 64 18 11 18 60 67 58 38 83 32 59 82 38 78 51 12 51 54 72 74 75 53 59 83 0 63 42 70 39 41 12 66 13 40 69 77 66 5 9 60 71 45 20 78 42 71 72 59 24 68 48 17 70 35 63 57 67 49 56 82 12 30 65 79 67 61 45 34 62 61 46 
37 37 20 59 54 54 59 47 65 19 57 60 47 21 60 73 30 37 64 57 48 69 36 27 52 18 61 10 38 43 75 14 38 63 0 36 8 25 22 53 52 51 26 38 51 36 58 60 77 13 21 59 38 44 8 11 27 62 50 30 51 27 29 9 16 22 65 27 50 62 39 24 34 27 27 32 39 44 13 21 
2 9 31 58 32 56 77 54 41 50 29 35 25 20 79 81 11 70 63 72 78 69 67 46 36 18 70 37 68 72 80 22 70 42 36 0 36 28 23 30 74 30 33 66 79 63 38 36 85 34 35 50 69 51 43 46 52 55 73 46 25 29 25 28 20 53 72 50 79 37 12 54 66 57 20 45 43 66 44 36 
38 41 27 67 61 62 66 55 71 26 61 66 53 19 67 81 34 41 72 65 53 77 40 35 59 21 69 2 44 49 83 14 42 70 8 36 0 32 29 59 59 57 33 44 57 43 65 66 85 7 29 66 42 52 8 12 34 69 57 38 56 23 36 8 16 28 73 35 55 68 43 31 38 33 24 40 47 51 20 29 
28 23 5 38 32 33 50 28 43 27 38 38 25 28 52 55 17 47 43 45 51 48 42 18 27 17 45 34 41 44 56 24 47 39 25 28 32 0 5 31 46 28 5 38 51 35 34 38 59 34 8 34 44 26 33 33 25 38 45 18 30 39 5 26 23 30 47 23 51 40 23 29 43 32 33 17 18 38 23 9 
23 19 8 43 32 38 55 33 43 29 37 38 25 23 57 60 12 49 48 50 55 53 46 23 30 12 50 31 45 49 61 19 49 41 22 23 29 5 0 31 51 29 10 43 56 40 36 38 64 30 12 38 47 31 30 33 29 42 50 23 29 34 7 22 18 32 52 27 56 40 20 33 45 35 28 22 23 43 24 13 
28 21 36 34 2 37 66 40 13 57 11 8 6 48 68 62 26 77 38 60 78 44 72 46 10 39 57 60 69 71 58 47 77 12 53 30 59 31 31 0 65 4 33 65 75 62 8 8 64 59 38 25 73 40 61 64 54 30 66 43 5 58 26 51 45 60 53 51 78 10 18 59 73 62 49 41 31 60 54 39 
74 69 43 41 65 34 7 25 76 34 76 72 63 68 8 29 63 35 43 10 23 41 30 28 56 60 17 61 22 18 36 62 34 66 52 74 59 46 51 65 0 61 41 17 13 17 63 71 33 65 39 48 28 25 54 51 25 47 4 28 68 78 49 59 63 32 26 25 21 74 68 29 33 27 74 29 35 8 39 38 
28 21 33 31 4 33 62 36 16 54 15 12 5 47 64 58 25 74 34 56 74 40 69 42 6 38 53 59 65 67 54 46 74 13 51 30 57 28 29 4 61 0 30 61 71 58 8 11 61 58 35 21 69 36 59 61 50 26 62 39 8 57 23 50 44 57 49 47 74 14 18 56 70 58 49 37 27 56 51 36 
33 28 6 34 34 29 45 24 46 24 41 41 28 33 47 51 22 44 39 40 46 44 39 13 28 22 40 35 37 39 52 28 44 40 26 33 33 5 10 33 41 30 0 33 46 30 35 41 55 36 5 33 40 21 34 34 21 36 40 13 33 44 8 28 28 27 43 18 46 43 27 26 40 29 38 12 14 33 21 6 
66 61 35 48 65 41 24 31 77 19 74 73 61 58 25 45 55 19 53 26 13 54 13 20 57 51 33 46 5 6 52 51 18 69 38 66 44 38 43 65 17 61 33 0 13 3 64 72 49 51 31 54 12 29 38 35 14 54 13 22 66 65 41 47 53 16 42 16 13 75 60 14 16 11 64 24 35 12 26 30 
79 74 48 53 75 46 20 36 86 32 85 82 72 71 20 42 68 25 56 23 10 54 21 33 66 64 30 59 13 8 49 64 24 77 51 79 57 51 56 75 13 71 46 13 0 16 73 81 46 64 44 59 19 35 51 47 27 59 10 33 77 78 54 60 66 29 39 29 8 84 73 27 24 24 77 35 44 15 39 43 
63 58 32 45 62 38 24 28 74 17 71 70 58 56 25 43 52 21 50 24 16 51 15 17 54 48 31 45 8 9 50 49 20 66 36 63 43 35 40 62 17 58 30 3 16 0 61 69 47 49 28 51 14 26 37 34 11 51 14 19 63 63 38 45 51 15 40 13 16 72 57 12 18 10 62 21 32 10 24 27 
36 29 39 29 6 32 63 38 13 59 17 11 13 55 65 57 33 78 31 57 77 37 73 46 7 46 52 67 69 70 52 54 78 5 58 38 65 34 36 8 63 8 35 64 73 61 0 9 59 66 40 19 73 38 66 67 54 23 64 43 13 65 30 58 52 62 48 51 77 13 26 60 74 62 57 40 30 58 56 41 
34 28 43 38 7 41 72 46 5 64 9 2 13 55 74 66 33 84 40 66 85 46 79 53 15 46 61 67 76 78 61 54 84 9 60 36 66 38 38 8 71 11 41 72 81 69 9 0 68 66 45 28 80 46 68 71 61 32 72 50 11 65 33 58 52 67 57 58 85 4 25 66 80 69 56 48 38 66 61 46 
84 77 60 30 63 29 26 31 71 61 75 70 65 87 26 4 74 68 28 23 56 22 62 50 55 76 17 87 54 51 7 82 67 60 77 85 85 59 64 64 33 61 55 49 46 47 59 68 0 90 57 40 61 34 81 78 52 36 37 47 69 98 60 82 82 61 13 51 54 72 75 58 65 57 92 45 42 37 66 57 
36 39 30 70 61 65 72 59 71 32 59 65 53 14 73 86 33 48 75 70 60 80 47 40 60 20 74 6 51 56 88 12 49 71 13 34 7 34 30 59 65 58 36 51 64 49 66 66 90 0 33 68 49 56 15 19 40 72 63 43 55 16 37 8 14 35 78 40 62 67 41 37 45 40 18 45 50 57 26 33 
35 31 4 38 39 33 44 26 50 19 45 45 32 31 46 53 24 39 43 40 43 48 34 11 33 21 41 31 33 37 55 26 39 45 21 35 29 8 12 38 39 35 5 31 44 28 40 45 57 33 0 38 36 23 29 29 17 41 38 11 37 42 12 25 26 22 45 15 44 47 31 21 35 24 37 12 18 31 16 1 
48 41 39 10 23 14 45 23 31 53 35 30 26 61 47 38 41 70 13 39 65 19 65 38 15 50 34 68 59 59 33 57 70 20 59 50 66 34 38 25 48 21 33 54 59 51 19 28 40 68 38 0 65 25 67 67 46 5 50 35 29 72 31 60 56 54 29 43 65 32 38 52 66 54 65 32 20 44 54 39 
70 66 39 59 73 52 35 42 85 19 81 81 68 59 36 57 59 7 64 38 11 65 2 27 66 52 45 44 7 11 64 52 6 78 38 69 42 44 47 73 28 69 40 12 19 14 73 80 61 49 36 65 0 40 35 31 19 65 24 30 73 65 48 47 54 16 54 22 13 83 67 15 5 12 65 33 45 24 26 35 
51 45 26 20 40 13 27 3 51 33 51 47 38 53 29 30 40 46 25 21 41 28 40 18 31 43 19 54 34 34 32 48 45 42 44 51 52 26 31 40 25 36 21 29 35 26 38 46 34 56 23 25 40 0 49 47 24 25 26 14 43 64 26 48 48 34 22 21 41 49 44 31 43 31 59 12 10 20 34 23 
45 45 28 67 62 61 61 52 73 20 65 68 55 27 62 77 38 33 72 60 46 76 33 31 60 26 64 9 38 43 80 21 34 71 8 43 8 33 30 61 54 59 34 38 51 37 66 68 81 15 29 67 35 49 0 4 29 70 51 35 59 31 37 15 23 22 70 30 48 70 47 25 30 27 32 37 47 46 15 28 
48 48 28 67 65 60 58 50 76 17 68 71 58 30 59 74 41 29 72 57 42 75 29 29 60 29 61 13 34 39 78 24 30 72 11 46 12 33 33 64 51 61 34 35 47 34 67 71 78 19 29 67 31 47 4 0 26 70 48 33 62 35 38 18 26 19 68 28 44 73 50 22 26 24 36 36 47 43 13 28 
52 48 21 44 54 37 32 27 66 9 62 62 49 45 33 48 41 24 49 31 26 52 19 8 47 37 35 36 16 20 52 38 24 59 27 52 34 25 29 54 25 50 21 14 27 11 54 61 52 40 17 46 19 24 29 26 0 48 23 11 54 54 29 35 40 10 42 3 27 64 48 7 20 8 51 14 26 17 14 16 
53 46 42 6 28 13 44 23 35 56 40 34 31 65 45 34 46 71 8 38 65 14 65 41 20 54 31 71 59 59 29 61 70 24 62 55 69 38 42 30 47 26 36 54 59 51 23 32 36 72 41 5 65 25 70 70 48 0 49 37 34 76 35 64 60 57 25 45 65 36 43 55 68 56 70 34 23 44 57 42 
73 68 42 43 66 36 11 27 77 31 76 73 63 67 12 33 62 31 46 14 19 45 26 27 57 59 21 59 18 14 40 61 30 68 50 73 57 45 50 66 4 62 40 13 10 14 64 72 37 63 38 50 24 26 51 48 23 49 0 27 68 77 48 58 62 29 30 24 18 75 67 26 29 24 73 28 35 7 37 37 
46 41 15 34 43 27 33 17 55 19 52 51 39 42 35 43 35 35 39 29 35 42 30 4 36 32 31 40 26 28 45 37 35 48 30 46 38 18 23 43 28 39 13 22 33 19 43 50 47 43 11 35 30 14 35 33 11 37 27 0 44 53 21 36 37 20 35 8 35 53 40 18 31 19 48 3 15 20 20 11 
24 17 35 39 7 41 70 44 16 56 8 10 5 44 72 66 22 76 42 64 79 48 71 46 14 35 61 57 70 72 62 43 76 17 51 25 56 30 29 5 68 8 33 66 77 63 13 11 69 55 37 29 73 43 59 62 54 34 68 44 0 54 25 48 41 59 57 51 79 12 14 58 72 61 45 42 33 62 53 38 
31 37 38 77 60 72 85 67 70 46 58 64 52 11 86 94 33 64 82 82 75 87 63 52 61 22 83 22 65 70 95 17 65 70 27 29 23 39 34 58 78 57 44 65 78 63 65 65 98 16 42 72 65 64 31 35 54 76 77 53 54 0 41 19 16 49 86 53 77 66 40 51 61 54 9 54 57 70 40 42 
25 20 10 36 27 32 52 29 38 31 33 33 20 30 54 56 14 51 41 47 54 47 46 21 23 19 45 38 45 47 56 26 51 35 29 25 36 5 7 26 49 23 8 41 54 38 30 33 60 37 12 31 48 26 37 38 29 35 48 21 25 41 0 29 25 34 47 26 54 35 19 33 47 36 35 20 18 41 28 13 
30 33 22 62 53 57 66 51 63 28 53 58 45 12 67 78 26 46 67 64 57 72 45 33 52 13 66 9 47 52 80 6 47 63 9 28 8 26 22 51 59 50 28 47 60 45 58 58 82 8 25 60 47 48 15 18 35 64 58 36 48 19 29 0 8 31 70 34 59 60 35 33 43 36 18 37 42 51 21 25 
22 25 22 61 47 56 70 51 57 35 45 51 39 5 71 78 19 53 66 66 64 71 52 36 46 6 67 17 54 59 79 2 54 57 16 20 16 23 18 45 63 44 28 53 66 51 52 52 82 14 26 56 54 48 23 26 40 60 62 37 41 16 25 8 0 38 70 38 66 53 27 40 50 43 11 38 41 55 28 26 
54 51 25 54 61 47 39 37 72 3 67 67 54 43 40 57 44 17 59 39 26 62 14 16 55 36 44 30 16 21 62 36 17 67 22 53 28 30 32 60 32 57 27 16 29 15 62 67 61 35 22 54 16 34 22 19 10 57 29 20 59 49 34 31 38 0 52 13 28 69 52 3 13 5 49 23 34 25 10 21 
71 64 48 19 52 16 22 19 60 51 64 59 52 75 23 9 61 61 18 16 49 15 55 39 43 64 9 75 47 44 10 70 60 49 65 72 73 47 52 53 26 49 43 42 39 40 48 57 13 78 45 29 54 22 70 68 42 25 30 35 57 86 47 70 70 52 0 40 47 61 62 49 58 48 80 33 29 30 55 45 
50 46 19 41 51 34 32 24 63 12 59 59 46 43 33 47 39 27 46 30 29 49 22 5 44 35 34 37 19 22 50 37 27 56 27 50 35 23 27 51 25 47 18 16 29 13 51 58 51 40 15 43 22 21 30 28 3 45 24 8 51 53 26 34 38 13 40 0 29 61 45 10 23 11 49 11 23 17 15 14 
79 74 48 59 78 52 28 42 90 31 87 86 74 71 28 50 68 17 63 31 2 62 15 33 70 64 38 57 12 7 57 64 16 82 50 79 55 51 56 78 21 74 46 13 8 16 77 85 54 62 44 65 13 41 48 44 27 65 18 35 79 77 54 59 66 28 47 29 0 88 73 26 18 23 77 37 48 21 38 43 
35 29 45 42 10 45 75 49 4 66 8 2 15 56 77 70 34 86 44 69 88 50 81 56 18 47 65 69 79 81 65 55 86 12 62 37 68 40 40 10 74 14 43 75 84 72 13 4 72 67 47 32 83 49 70 73 64 36 75 53 12 66 35 60 53 69 61 61 88 0 26 68 82 71 57 51 41 69 63 48 
10 3 28 46 20 46 71 45 30 49 18 24 13 30 73 71 9 69 51 65 73 57 65 40 24 22 62 44 64 66 70 29 69 30 39 12 43 23 20 18 68 18 27 60 73 57 26 25 75 41 31 38 67 44 47 50 48 43 67 40 14 40 19 35 27 52 62 45 73 26 0 52 65 55 31 39 34 60 44 32 
55 52 25 51 60 44 36 34 71 5 66 66 53 45 37 54 45 18 56 36 24 59 13 14 53 38 41 33 14 19 59 38 18 65 24 54 31 29 33 59 29 56 26 14 27 12 60 66 58 37 21 52 15 31 25 22 7 55 26 18 58 51 33 33 40 3 49 10 26 68 52 0 14 3 51 21 32 22 12 20 
67 64 38 62 74 55 40 45 85 16 80 80 67 55 41 61 57 4 67 42 16 69 3 28 67 49 49 39 11 16 68 48 4 79 34 66 38 43 45 73 33 70 40 16 24 18 74 80 65 45 35 66 5 43 30 26 20 68 29 31 72 61 47 43 50 13 58 23 18 82 65 14 0 12 61 34 46 28 23 34 
58 54 27 51 62 44 34 34 74 8 69 69 56 48 35 53 47 16 56 34 21 59 11 16 55 41 40 35 11 16 58 41 16 67 27 57 33 32 35 62 27 58 29 11 24 10 62 69 57 40 24 54 12 31 27 24 8 56 24 19 61 54 36 36 43 5 48 11 23 71 55 3 12 0 54 22 34 20 15 23 
22 28 33 71 51 66 81 61 61 46 49 55 44 6 82 88 24 64 76 77 75 81 63 47 52 16 78 24 65 70 89 13 65 61 27 20 24 33 28 49 74 49 38 64 77 62 57 56 92 18 37 65 65 59 32 36 51 70 73 48 45 9 35 18 11 49 80 49 77 57 31 51 61 54 0 49 51 66 39 37 
45 40 16 31 41 24 33 15 53 22 50 49 37 43 35 41 34 38 36 28 37 39 33 7 33 33 29 42 29 30 43 38 38 45 32 45 40 17 22 41 29 37 12 24 35 21 40 48 45 45 12 32 33 12 37 36 14 34 28 3 42 54 20 37 38 23 33 11 37 51 39 21 34 22 49 0 12 21 23 12 
42 36 20 20 31 15 37 11 43 33 41 39 28 46 39 38 32 50 25 31 48 30 45 18 23 35 28 49 40 41 38 42 50 34 39 43 47 18 23 31 35 27 14 35 44 32 30 38 42 50 18 20 45 10 47 47 26 23 35 15 33 57 18 42 41 34 29 23 48 41 34 32 46 34 51 12 0 29 34 19 
66 61 35 38 60 31 15 21 71 26 70 67 57 60 16 33 55 31 42 14 21 43 25 20 51 52 21 53 17 15 40 54 30 62 44 66 51 38 43 60 8 56 33 12 15 10 58 66 37 57 31 44 24 20 46 43 17 44 7 20 62 70 41 51 55 25 30 17 21 69 60 22 28 20 66 21 29 0 31 30 
45 43 18 54 55 47 46 37 66 7 61 61 48 33 47 62 36 26 59 45 36 62 24 16 49 26 49 22 26 31 65 26 27 61 13 44 20 23 24 54 39 51 21 26 39 24 56 61 66 26 16 54 26 34 15 13 14 57 37 20 53 40 28 21 28 10 55 15 38 63 44 12 23 15 39 23 34 31 0 15 
36 32 5 39 40 34 44 26 51 18 46 46 33 31 46 53 25 38 44 40 42 49 33 10 34 22 41 31 32 36 55 26 38 46 21 36 29 9 13 39 38 36 6 30 43 27 41 46 57 33 1 39 35 23 28 28 16 42 37 11 38 42 13 25 26 21 45 14 43 48 32 20 34 23 37 12 19 30 15 0 
65
19
95
5
76
76
65
92
18
97
67
75
56
48
84
20
47
79
94
13
51
94
96
28
59
36
34
28
99
26
26
20
32
63
12
51
39
18
95
83
51
3
62
71
66
6
94
73
59
78
38
81
6
56
72
53
19
31
73
34
28
92
78
27
16
38
39
83
32
74
96
35
28
84
57
82
37
25
97
