50
0 52 28 29 70 50 38 83 109 26 129 74 41 9 52 76 63 40 35 37 80 69 43 13 35 18 77 45 75 93 81 11 53 49 66 48 33 53 51 54 55 86 8 43 35 51 64 88 7 73 
52 0 71 81 68 83 14 120 77 43 97 89 35 60 87 58 13 59 17 61 76 80 67 65 59 69 45 97 100 112 49 62 86 73 42 65 66 72 86 22 23 54 60 52 75 70 103 56 59 82 
28 71 0 31 72 64 57 97 112 28 132 76 55 23 54 101 77 54 60 51 94 73 57 15 12 32 91 59 89 88 80 25 67 26 85 50 47 67 53 68 69 100 22 71 37 65 68 102 21 84 
29 81 31 0 41 64 67 98 114 41 115 77 56 24 23 105 68 40 64 52 95 74 58 16 43 33 63 60 81 107 86 26 36 57 95 63 47 68 22 59 58 72 23 72 6 51 79 74 22 53 
70 68 72 41 0 102 54 113 143 82 144 118 97 65 52 98 81 81 57 93 136 115 99 57 84 74 92 101 122 145 115 67 65 98 82 104 85 109 51 88 87 101 64 92 35 92 120 103 63 82 
50 83 64 64 102 0 87 119 116 58 136 110 69 41 50 97 70 24 85 73 110 107 71 49 74 46 84 81 65 43 88 39 37 88 115 80 17 85 51 61 60 93 44 89 67 35 92 95 43 80 
38 14 57 67 54 87 0 106 91 29 111 103 49 46 90 44 27 73 3 75 90 66 81 51 45 55 59 83 113 98 63 48 90 59 28 51 70 86 89 36 37 68 46 38 73 84 89 70 45 68 
83 120 97 98 113 119 106 0 60 88 190 143 110 78 96 100 124 109 109 106 116 140 112 82 104 87 138 38 68 154 92 80 109 118 134 110 102 122 97 115 116 147 77 126 104 98 133 149 76 126 
109 77 112 114 143 116 91 60 0 117 130 122 68 100 103 135 64 92 94 94 75 157 100 108 124 105 78 98 128 142 32 98 90 138 119 139 99 105 104 55 56 87 103 129 108 103 151 89 102 133 
26 43 28 41 82 58 29 88 117 0 104 86 49 17 64 73 56 48 32 49 92 83 55 25 16 26 85 57 87 92 89 19 61 30 57 22 41 61 63 62 63 94 20 65 47 59 71 96 19 94 
129 97 132 115 144 136 111 190 130 104 0 96 88 120 94 155 84 112 114 114 129 177 120 128 120 125 52 160 153 179 102 118 107 134 139 126 119 121 93 75 76 61 123 149 109 123 130 41 122 124 
74 89 76 77 118 110 103 143 122 86 96 0 80 69 86 147 76 100 106 97 121 119 103 61 88 78 44 105 135 153 94 71 99 102 131 83 93 95 85 67 68 35 68 85 83 111 34 55 67 115 
41 35 55 56 97 69 49 110 68 49 88 80 0 32 78 93 22 50 52 26 67 98 32 40 65 37 36 72 91 112 40 30 72 79 77 71 52 37 77 13 14 45 35 80 62 61 83 47 34 108 
9 60 23 24 65 41 46 78 100 17 120 69 32 0 47 85 54 31 44 32 75 66 38 8 33 9 68 40 70 84 72 2 44 47 74 39 24 44 46 45 46 77 3 48 30 42 55 79 2 77 
52 87 54 23 52 50 90 96 103 64 94 86 78 47 0 128 74 40 87 58 118 97 64 39 66 56 42 83 81 93 92 49 13 80 118 86 33 66 1 65 66 51 46 60 17 51 102 53 45 30 
76 58 101 105 98 97 44 100 135 73 155 147 93 85 128 0 71 116 41 113 121 104 119 89 89 94 103 62 92 54 107 87 129 77 72 95 109 129 127 80 81 112 84 82 111 113 133 114 83 112 
63 13 77 68 81 70 27 124 64 56 84 76 22 54 74 71 0 46 30 48 63 93 54 62 72 59 32 94 87 113 36 52 73 86 55 78 53 59 73 9 10 41 57 65 62 57 105 43 56 95 
40 59 54 40 81 24 73 109 92 48 112 100 50 31 40 116 46 0 75 63 91 97 69 39 64 36 60 71 41 67 64 29 27 78 94 70 7 75 41 37 36 69 34 79 46 11 82 71 33 70 
35 17 60 64 57 85 3 109 94 32 114 106 52 44 87 41 30 75 0 72 93 63 78 48 48 53 62 80 110 95 66 46 88 62 31 54 68 88 86 39 40 71 43 41 70 86 92 73 42 71 
37 61 51 52 93 73 75 106 94 49 114 97 26 32 58 113 48 63 72 0 93 94 6 36 63 41 62 68 98 116 66 34 71 77 103 71 56 39 57 39 40 71 31 80 58 74 87 73 30 88 
80 76 94 95 136 110 90 116 75 92 129 121 67 75 118 121 63 91 93 93 0 137 99 79 106 84 77 78 108 67 43 77 118 120 118 114 98 104 117 54 55 86 74 123 101 102 130 88 73 131 
69 80 73 74 115 107 66 140 157 83 177 119 98 66 97 104 93 97 63 94 137 0 100 58 85 75 125 102 132 82 129 68 110 99 94 105 90 110 96 102 103 134 65 38 80 108 89 136 64 68 
43 67 57 58 99 71 81 112 100 55 120 103 32 38 64 119 54 69 78 6 99 100 0 42 69 47 68 74 104 114 72 40 77 83 109 77 62 45 63 45 46 77 37 86 64 80 93 79 36 94 
13 65 15 16 57 49 51 82 108 25 128 61 40 8 39 89 62 39 48 36 79 58 42 0 27 17 76 44 74 92 80 10 52 41 79 47 32 52 38 53 54 85 7 56 22 50 63 87 6 69 
35 59 12 43 84 74 45 104 124 16 120 88 65 33 66 89 72 64 48 63 106 85 69 27 0 42 101 71 101 76 92 35 77 14 73 38 57 77 65 78 79 110 34 78 49 75 80 112 33 96 
18 69 32 33 74 46 55 87 105 26 125 78 37 9 56 94 59 36 53 41 84 75 47 17 42 0 73 49 77 89 77 7 49 56 83 48 29 53 55 50 51 82 12 57 39 47 60 84 11 86 
77 45 91 63 92 84 59 138 78 85 52 44 36 68 42 103 32 60 62 62 77 125 68 76 101 73 0 108 101 127 50 66 55 115 87 107 67 69 41 23 24 9 71 97 57 71 78 11 70 72 
45 97 59 60 101 81 83 38 98 57 160 105 72 40 83 62 94 71 80 68 78 102 74 44 71 49 108 0 30 116 112 42 84 85 111 79 64 84 82 85 86 117 39 88 66 60 95 119 38 113 
75 100 89 81 122 65 113 68 128 87 153 135 91 70 81 92 87 41 110 98 108 132 104 74 101 77 101 30 0 108 105 70 68 115 113 109 48 114 82 78 77 110 69 118 87 30 117 112 68 111 
93 112 88 107 145 43 98 154 142 92 179 153 112 84 93 54 113 67 95 116 67 82 114 92 76 89 127 116 108 0 110 82 80 90 126 78 60 128 94 104 103 136 87 120 110 78 127 138 86 123 
81 49 80 86 115 88 63 92 32 89 102 94 40 72 92 107 36 64 66 66 43 129 72 80 92 77 50 112 105 110 0 70 91 106 91 111 71 77 91 27 28 59 75 101 80 75 123 61 74 122 
11 62 25 26 67 39 48 80 98 19 118 71 30 2 49 87 52 29 46 34 77 68 40 10 35 7 66 42 70 82 70 0 42 49 76 41 22 46 48 43 44 75 5 50 32 40 53 77 4 79 
53 86 67 36 65 37 90 109 90 61 107 99 72 44 13 129 73 27 88 71 118 110 77 52 77 49 55 84 68 80 91 42 0 91 118 83 20 53 14 64 63 64 47 73 30 38 95 66 46 43 
49 73 26 57 98 88 59 118 138 30 134 102 79 47 80 77 86 78 62 77 120 99 83 41 14 56 115 85 115 90 106 49 91 0 87 52 71 91 79 92 93 124 48 92 63 89 94 126 47 110 
66 42 85 95 82 115 28 134 119 57 139 131 77 74 118 72 55 94 31 103 118 94 109 79 73 83 87 111 113 126 91 76 118 87 0 79 98 114 117 64 65 96 74 66 101 83 117 98 73 96 
48 65 50 63 104 80 51 110 139 22 126 83 71 39 86 95 78 70 54 71 114 105 77 47 38 48 107 79 109 78 111 41 83 52 79 0 63 83 85 84 85 116 42 87 69 81 49 118 41 116 
33 66 47 47 85 17 70 102 99 41 119 93 52 24 33 109 53 7 68 56 98 90 62 32 57 29 67 64 48 60 71 22 20 71 98 63 0 68 34 44 43 76 27 72 50 18 75 78 26 63 
53 72 67 68 109 85 86 122 105 61 121 95 37 44 66 129 59 75 88 39 104 110 45 52 77 53 69 84 114 128 77 46 53 91 114 83 68 0 67 50 51 60 47 92 74 86 99 80 46 96 
51 86 53 22 51 51 89 97 104 63 93 85 77 46 1 127 73 41 86 57 117 96 63 38 65 55 41 82 82 94 91 48 14 79 117 85 34 67 0 64 65 50 45 61 16 52 101 52 44 31 
54 22 68 59 88 61 36 115 55 62 75 67 13 45 65 80 9 37 39 39 54 102 45 53 78 50 23 85 78 104 27 43 64 92 64 84 44 50 64 0 1 32 48 74 53 48 96 34 47 95 
55 23 69 58 87 60 37 116 56 63 76 68 14 46 66 81 10 36 40 40 55 103 46 54 79 51 24 86 77 103 28 44 63 93 65 85 43 51 65 1 0 33 49 75 52 47 97 35 48 96 
86 54 100 72 101 93 68 147 87 94 61 35 45 77 51 112 41 69 71 71 86 134 77 85 110 82 9 117 110 136 59 75 64 124 96 116 76 60 50 32 33 0 80 106 66 80 69 20 79 81 
8 60 22 23 64 44 46 77 103 20 123 68 35 3 46 84 57 34 43 31 74 65 37 7 34 12 71 39 69 87 75 5 47 48 74 42 27 47 45 48 49 80 0 51 29 45 58 82 1 76 
43 52 71 72 92 89 38 126 129 65 149 85 80 48 60 82 65 79 41 80 123 38 86 56 78 57 97 88 118 120 101 50 73 92 66 87 72 92 61 74 75 106 51 0 77 90 51 108 50 30 
35 75 37 6 35 67 73 104 108 47 109 83 62 30 17 111 62 46 70 58 101 80 64 22 49 39 57 66 87 110 80 32 30 63 101 69 50 74 16 53 52 66 29 77 0 57 85 68 28 47 
51 70 65 51 92 35 84 98 103 59 123 111 61 42 51 113 57 11 86 74 102 108 80 50 75 47 71 60 30 78 75 40 38 89 83 81 18 86 52 48 47 80 45 90 57 0 93 82 44 81 
64 103 68 79 120 92 89 133 151 71 130 34 83 55 102 133 105 82 92 87 130 89 93 63 80 60 78 95 117 127 123 53 95 94 117 49 75 99 101 96 97 69 58 51 85 93 0 89 57 81 
88 56 102 74 103 95 70 149 89 96 41 55 47 79 53 114 43 71 73 73 88 136 79 87 112 84 11 119 112 138 61 77 66 126 98 118 78 80 52 34 35 20 82 108 68 82 89 0 81 83 
7 59 21 22 63 43 45 76 102 19 122 67 34 2 45 83 56 33 42 30 73 64 36 6 33 11 70 38 68 86 74 4 46 47 73 41 26 46 44 47 48 79 1 50 28 44 57 81 0 75 
73 82 84 53 82 80 68 126 133 94 124 115 108 77 30 112 95 70 71 88 131 68 94 69 96 86 72 113 111 123 122 79 43 110 96 116 63 96 31 95 96 81 76 30 47 81 81 83 75 0 
31
43
28
35
37
11
6
92
51
14
52
83
83
35
41
93
69
86
33
65
39
31
77
42
1
71
50
77
83
54
75
100
15
36
32
16
31
67
90
23
5
86
51
96
71
59
49
74
62
