50
0 111 97 101 147 121 50 117 87 156 86 71 73 100 52 102 155 104 76 82 114 156 13 116 49 38 105 140 165 131 124 105 46 124 82 77 128 110 110 158 75 83 39 164 59 57 91 64 98 85 
111 0 28 66 68 102 61 65 128 127 57 47 171 31 62 67 183 158 86 76 90 87 98 118 90 104 9 41 126 97 25 6 68 85 43 73 47 104 104 77 36 75 72 66 119 76 42 81 49 114 
97 28 0 82 84 123 77 81 100 99 29 63 170 3 57 83 168 138 77 78 106 59 98 90 62 99 30 57 98 69 41 22 51 57 15 81 68 106 106 98 52 79 88 94 121 48 14 77 21 86 
101 66 82 0 122 79 98 119 126 165 95 101 164 85 49 1 194 157 25 77 144 141 99 140 88 91 68 57 161 69 41 60 55 133 91 86 106 49 105 136 90 78 109 132 53 66 88 97 95 151 
147 68 84 122 0 163 116 121 184 75 113 102 220 87 123 123 238 213 147 118 118 35 153 174 146 165 70 97 182 153 81 62 129 141 99 134 90 146 136 60 91 119 127 113 175 132 98 136 105 170 
121 102 123 79 163 0 93 160 182 199 129 129 85 126 128 80 236 168 104 156 172 182 108 103 144 133 93 136 210 148 120 101 134 180 138 156 131 128 184 161 118 157 82 168 132 145 137 143 144 72 
50 61 77 98 116 93 0 114 111 122 80 36 110 80 100 97 160 97 123 106 79 136 37 141 73 62 63 90 117 146 74 55 94 134 92 63 101 134 134 111 25 107 11 127 83 105 91 70 98 135 
117 65 81 119 121 160 114 0 164 180 110 100 177 84 73 120 232 181 97 127 143 140 104 171 126 115 67 94 179 150 78 59 79 89 96 110 105 155 121 135 89 128 125 47 67 90 95 111 102 167 
87 128 100 126 184 182 111 164 0 169 99 109 147 103 127 127 144 165 151 136 152 159 74 155 38 99 130 157 198 139 141 122 121 127 85 152 125 164 164 155 98 135 100 194 97 128 114 53 121 124 
156 127 99 165 75 199 122 180 169 0 70 86 217 102 116 166 237 192 140 123 43 40 144 131 131 126 129 156 180 138 140 121 110 126 84 141 165 151 151 135 97 124 133 188 183 99 101 142 94 127 
86 57 29 95 113 129 80 110 99 70 0 92 159 32 46 96 167 137 70 88 113 88 97 61 61 88 59 86 127 68 70 51 40 56 14 71 97 116 116 127 81 89 91 123 113 29 31 76 24 57 
71 47 63 101 102 129 36 100 109 86 92 0 131 66 102 102 158 133 126 97 43 122 58 153 71 83 49 76 94 132 60 41 108 120 78 99 87 125 125 117 11 98 47 113 100 111 77 56 84 127 
73 171 170 164 220 85 110 177 147 217 159 131 0 173 125 165 215 164 149 142 174 225 73 188 109 98 173 149 225 204 165 165 119 197 155 150 196 170 131 221 135 143 99 205 119 130 164 124 171 157 
100 31 3 85 87 126 80 84 103 102 32 66 173 0 60 86 171 141 74 81 109 62 101 93 65 102 33 60 101 72 44 25 54 60 18 84 71 109 109 101 55 82 91 97 124 45 11 80 18 89 
52 62 57 49 123 128 100 73 127 116 46 102 125 60 0 50 195 108 24 54 125 116 65 107 89 42 53 96 155 91 80 61 6 84 42 37 76 82 82 106 91 55 91 120 96 17 51 104 57 103 
102 67 83 1 123 80 97 120 127 166 96 102 165 86 50 0 195 158 26 76 145 142 100 139 89 92 69 58 160 70 42 61 56 134 92 87 107 48 104 137 91 77 108 133 54 67 89 98 96 152 
155 183 168 194 238 236 160 232 144 237 167 158 215 171 195 195 0 233 219 209 201 227 142 223 106 167 185 212 252 207 196 177 189 195 153 220 193 237 181 223 147 210 154 249 165 196 182 121 189 192 
104 158 138 157 213 168 97 181 165 192 137 133 164 141 108 158 233 0 132 160 149 197 91 198 127 66 160 187 204 177 171 152 114 165 123 145 184 188 188 208 122 161 86 224 122 125 152 142 159 189 
76 86 77 25 147 104 123 97 151 140 70 126 149 74 24 26 219 132 0 78 149 136 89 131 113 66 77 82 175 94 66 85 30 108 66 61 100 74 106 130 115 79 115 144 78 41 63 122 70 127 
82 76 78 77 118 156 106 127 136 123 88 97 142 81 54 76 209 160 78 0 140 83 69 119 105 94 67 110 140 133 94 75 48 126 84 79 105 28 28 135 105 1 95 102 115 59 92 120 99 145 
114 90 106 144 118 172 79 143 152 43 113 43 174 109 125 145 201 149 149 140 0 83 101 174 114 83 92 119 137 175 103 84 131 163 121 142 130 168 168 160 54 141 90 156 143 142 120 99 127 170 
156 87 59 141 35 182 136 140 159 40 88 122 225 62 116 142 227 197 136 83 83 0 152 149 121 158 89 116 157 128 100 81 110 116 74 140 125 111 111 95 111 84 147 148 180 107 73 136 80 145 
13 98 98 99 153 108 37 104 74 144 97 58 73 101 65 100 142 91 89 69 101 152 0 129 36 25 100 127 152 137 111 92 59 125 83 90 123 97 97 148 62 70 26 151 46 70 104 51 111 98 
116 118 90 140 174 103 141 171 155 131 61 153 188 93 107 139 223 198 131 119 174 149 129 0 117 149 120 132 188 104 131 112 101 117 75 132 158 91 147 188 142 120 152 161 146 90 92 102 85 31 
49 90 62 88 146 144 73 126 38 131 61 71 109 65 89 89 106 127 113 105 114 121 36 117 0 61 92 119 160 101 103 84 83 89 47 114 87 133 133 117 60 106 62 156 59 90 76 15 83 86 
38 104 99 91 165 133 62 115 99 126 88 83 98 102 42 92 167 66 66 94 83 158 25 149 61 0 95 138 177 133 122 103 48 126 84 79 118 122 122 148 87 95 51 162 71 59 93 76 99 123 
105 9 30 68 70 93 63 67 130 129 59 49 173 33 53 69 185 160 77 67 92 89 100 120 92 95 0 43 128 99 27 8 59 87 45 64 38 95 95 68 38 66 74 75 121 70 44 83 51 106 
140 41 57 57 97 136 90 94 157 156 86 76 149 60 96 58 212 187 82 110 119 116 127 132 119 138 43 0 155 126 16 35 102 114 72 107 81 106 138 111 65 109 101 107 110 105 71 110 78 101 
165 126 98 161 182 210 117 179 198 180 127 94 225 101 155 160 252 204 175 140 137 157 152 188 160 177 128 155 0 167 139 120 149 155 113 179 166 112 168 196 105 141 128 192 194 146 112 150 119 184 
131 97 69 69 153 148 146 150 139 138 68 132 204 72 91 70 207 177 94 133 175 128 137 104 101 133 99 126 167 0 110 91 85 96 54 116 132 118 161 162 121 134 157 157 122 96 83 116 90 125 
124 25 41 41 81 120 74 78 141 140 70 60 165 44 80 42 196 171 66 94 103 100 111 131 103 122 27 16 139 110 0 19 86 98 56 91 65 90 122 95 49 93 85 91 94 89 55 94 62 115 
105 6 22 60 62 101 55 59 122 121 51 41 165 25 61 61 177 152 85 75 84 81 92 112 84 103 8 35 120 91 19 0 67 79 37 72 46 103 103 76 30 74 66 72 113 70 36 75 43 108 
46 68 51 55 129 134 94 79 121 110 40 108 119 54 6 56 189 114 30 48 131 110 59 101 83 48 59 102 149 85 86 67 0 78 36 31 82 76 76 112 97 49 85 126 95 11 45 98 52 97 
124 85 57 133 141 180 134 89 127 126 56 120 197 60 84 134 195 165 108 126 163 116 125 117 89 126 87 114 155 96 98 79 78 0 42 109 125 154 154 155 109 127 145 136 148 85 71 104 78 113 
82 43 15 91 99 138 92 96 85 84 14 78 155 18 42 92 153 123 66 84 121 74 83 75 47 84 45 72 113 54 56 37 36 42 0 67 83 112 112 113 67 85 103 109 106 43 29 62 36 71 
77 73 81 86 134 156 63 110 152 141 71 99 150 84 37 87 220 145 61 79 142 140 90 132 114 79 64 107 179 116 91 72 31 109 67 0 102 107 107 132 88 80 74 139 126 42 76 129 83 128 
128 47 68 106 90 131 101 105 125 165 97 87 196 71 76 107 193 184 100 105 130 125 123 158 87 118 38 81 166 132 65 46 82 125 83 102 0 133 133 30 76 104 112 113 146 93 82 102 89 144 
110 104 106 49 146 128 134 155 164 151 116 125 170 109 82 48 237 188 74 28 168 111 97 91 133 122 95 106 112 118 90 103 76 154 112 107 133 0 56 163 133 29 123 130 102 87 120 146 127 122 
110 104 106 105 136 184 134 121 164 151 116 125 131 109 82 104 181 188 106 28 168 111 97 147 133 122 95 138 168 161 122 103 76 154 112 107 133 56 0 163 133 29 123 74 143 87 120 148 127 173 
158 77 98 136 60 161 111 135 155 135 127 117 221 101 106 137 223 208 130 135 160 95 148 188 117 148 68 111 196 162 95 76 112 155 113 132 30 163 163 0 106 134 122 143 176 123 112 132 119 174 
75 36 52 90 91 118 25 89 98 97 81 11 135 55 91 91 147 122 115 105 54 111 62 142 60 87 38 65 105 121 49 30 97 109 67 88 76 133 133 106 0 104 36 102 89 100 66 45 73 116 
83 75 79 78 119 157 107 128 135 124 89 98 143 82 55 77 210 161 79 1 141 84 70 120 106 95 66 109 141 134 93 74 49 127 85 80 104 29 29 134 104 0 96 103 116 60 93 121 100 146 
39 72 88 109 127 82 11 125 100 133 91 47 99 91 91 108 154 86 115 95 90 147 26 152 62 51 74 101 128 157 85 66 85 145 103 74 112 123 123 122 36 96 0 138 72 96 102 77 109 124 
164 66 94 132 113 168 127 47 194 188 123 113 205 97 120 133 249 224 144 102 156 148 151 161 156 162 75 107 192 157 91 72 126 136 109 139 113 130 74 143 102 103 138 0 114 137 108 147 115 130 
59 119 121 53 175 132 83 67 97 183 113 100 119 124 96 54 165 122 78 115 143 180 46 146 59 71 121 110 194 122 94 113 95 148 106 126 146 102 143 176 89 116 72 114 0 84 118 44 125 115 
57 76 48 66 132 145 105 90 128 99 29 111 130 45 17 67 196 125 41 59 142 107 70 90 90 59 70 105 146 96 89 70 11 85 43 42 93 87 87 123 100 60 96 137 84 0 34 105 41 86 
91 42 14 88 98 137 91 95 114 101 31 77 164 11 51 89 182 152 63 92 120 73 104 92 76 93 44 71 112 83 55 36 45 71 29 76 82 120 120 112 66 93 102 108 118 34 0 91 7 88 
64 81 77 97 136 143 70 111 53 142 76 56 124 80 104 98 121 142 122 120 99 136 51 102 15 76 83 110 150 116 94 75 98 104 62 129 102 146 148 132 45 121 77 147 44 105 91 0 98 71 
98 49 21 95 105 144 98 102 121 94 24 84 171 18 57 96 189 159 70 99 127 80 111 85 83 99 51 78 119 90 62 43 52 78 36 83 89 127 127 119 73 100 109 115 125 41 7 98 0 81 
85 114 86 151 170 72 135 167 124 127 57 127 157 89 103 152 192 189 127 145 170 145 98 31 86 123 106 101 184 125 115 108 97 113 71 128 144 122 173 174 116 146 124 130 115 86 88 71 81 0 
59
72
66
68
34
92
76
41
16
33
66
83
15
86
42
32
72
53
97
79
16
92
9
28
4
61
4
96
19
61
77
35
42
29
79
9
91
65
53
16
69
26
9
34
2
27
26
55
18
