80
0 26 94 82 76 60 50 64 68 96 55 66 55 32 39 66 75 5 62 78 57 83 90 65 34 72 79 48 44 51 54 59 76 91 69 42 23 75 18 45 33 53 42 7 92 48 30 70 30 59 76 33 39 38 39 64 53 38 67 57 72 60 41 30 58 28 62 62 69 66 83 64 87 40 78 86 71 74 72 76 
26 0 70 63 69 34 30 38 63 77 46 40 29 7 29 44 49 23 44 53 31 60 71 49 32 57 62 31 33 25 31 33 52 66 62 17 19 49 19 26 7 44 42 23 68 26 15 44 24 56 71 17 25 38 39 53 42 20 55 31 61 57 19 30 32 8 53 36 53 40 59 53 68 36 56 61 45 50 46 67 
94 70 0 24 66 43 44 54 74 29 59 55 53 63 61 28 34 89 40 18 42 12 23 42 73 41 36 49 57 55 40 43 18 6 63 53 73 55 77 49 65 60 78 87 4 46 64 34 67 76 77 61 57 78 79 53 54 56 48 56 51 76 54 76 43 67 59 45 40 34 11 52 23 70 17 11 57 20 39 56 
82 63 24 0 42 49 33 61 51 14 37 62 58 56 44 20 44 77 21 26 45 14 8 20 56 17 12 35 39 58 32 48 19 26 39 47 60 64 65 37 59 38 58 75 25 37 52 42 53 53 53 49 44 58 59 30 33 44 25 62 27 53 44 59 47 57 36 51 17 40 16 29 5 50 13 26 65 22 48 32 
76 69 66 42 0 74 45 86 12 45 23 87 80 63 40 48 79 72 35 64 69 56 46 29 42 26 30 40 36 78 52 73 56 68 7 62 55 93 59 45 69 25 36 69 67 51 54 75 48 20 11 52 44 40 39 19 28 50 21 84 16 20 52 46 71 61 16 76 28 71 57 20 44 36 52 67 92 58 81 10 
60 34 43 49 74 0 30 12 74 63 53 13 10 30 45 29 15 57 40 25 5 39 56 46 55 53 54 36 43 12 22 1 31 38 67 20 48 19 51 31 27 53 63 57 40 25 39 12 46 70 81 36 39 61 62 55 47 32 54 13 60 71 29 55 3 36 59 2 50 9 37 55 53 54 37 33 18 28 12 67 
50 30 44 33 45 30 0 42 44 47 23 43 35 24 18 16 39 45 14 32 25 33 41 20 30 28 32 6 14 33 8 29 27 43 38 19 29 49 33 5 29 23 36 43 44 6 20 34 23 40 51 17 13 35 36 26 17 12 26 39 32 41 11 32 27 24 29 32 24 29 33 26 38 27 28 39 48 26 39 39 
64 38 54 61 86 12 42 0 86 75 65 2 9 35 55 41 21 61 52 37 17 51 68 58 64 65 66 48 55 13 34 13 43 48 79 28 54 11 56 43 31 65 73 61 50 37 47 20 55 82 93 45 49 70 71 67 59 42 66 7 72 83 40 64 15 41 71 10 62 21 49 67 65 64 49 43 7 40 16 79 
68 63 74 51 12 74 44 86 0 55 21 87 79 59 34 52 83 64 38 68 69 62 56 33 34 34 40 39 33 77 52 73 61 74 12 61 47 93 51 44 65 22 26 61 74 50 48 78 40 9 8 47 40 30 29 22 27 47 26 83 24 8 49 38 71 55 17 76 34 73 64 23 54 28 58 73 92 62 83 20 
96 77 29 14 45 63 47 75 55 0 45 76 72 70 57 34 57 91 34 39 59 25 7 31 67 24 17 48 52 72 46 62 32 33 43 61 73 77 78 51 73 47 66 89 32 51 66 55 66 59 56 63 57 68 68 37 44 58 32 76 32 59 58 71 61 71 43 65 27 54 27 36 10 61 26 36 79 35 61 35 
55 46 59 37 23 53 23 65 21 45 0 66 58 40 17 33 62 51 19 50 48 47 43 17 22 21 28 18 13 56 31 52 43 59 16 40 32 72 37 23 46 2 21 48 59 29 31 57 25 18 28 29 21 23 23 9 6 27 13 62 17 18 29 26 50 38 7 55 20 52 48 9 41 16 42 56 71 44 62 21 
66 40 55 62 87 13 43 2 87 76 66 0 11 37 57 42 21 63 53 38 18 52 69 59 66 66 67 49 56 15 35 14 44 49 80 30 56 9 58 44 33 66 75 63 51 38 49 21 57 83 94 47 51 72 73 68 60 44 67 9 73 84 42 66 16 43 72 11 63 22 50 68 66 66 50 44 5 41 16 80 
55 29 53 58 80 10 35 9 79 72 58 11 0 26 46 38 24 52 46 35 13 48 65 52 55 60 63 40 47 4 28 10 40 48 73 19 45 20 47 35 22 57 64 52 50 29 38 21 46 74 86 36 40 61 62 61 52 33 60 4 66 74 31 55 11 32 64 9 56 19 47 61 62 55 46 43 16 37 19 73 
32 7 63 56 63 30 24 35 59 70 40 37 26 0 25 37 44 28 38 46 26 53 64 43 30 51 56 25 27 22 24 29 45 59 56 10 19 46 21 20 6 38 40 27 61 19 12 39 21 52 67 12 19 36 37 47 36 14 49 29 55 53 13 29 27 6 47 32 47 34 52 47 61 33 49 54 42 43 42 61 
39 29 61 44 40 45 18 55 34 57 17 57 46 25 0 33 55 35 23 50 40 50 52 26 12 33 40 12 5 43 26 44 44 60 33 27 16 64 21 14 31 15 18 32 61 20 14 50 9 28 42 13 6 17 18 25 14 13 28 50 33 28 16 15 42 21 24 47 30 45 50 25 49 9 45 57 62 44 55 38 
66 44 28 20 48 29 16 41 52 34 33 42 38 37 33 0 31 61 14 17 25 17 28 19 45 24 25 21 29 38 13 28 11 27 42 28 45 48 49 21 40 33 51 59 28 18 36 27 39 50 56 33 29 50 51 30 27 28 27 42 33 51 26 48 27 39 35 31 21 23 17 29 25 42 12 24 47 11 33 40 
75 49 34 44 79 15 39 21 83 57 62 21 24 44 55 31 0 72 45 18 18 32 50 50 67 55 54 45 53 27 31 16 26 28 73 34 62 21 65 41 42 62 73 71 30 35 53 5 60 79 87 50 50 72 73 61 56 45 58 26 64 80 42 69 17 50 66 15 52 10 30 60 47 64 31 23 23 23 5 71 
5 23 89 77 72 57 45 61 64 91 51 63 52 28 35 61 72 0 57 74 54 78 85 61 30 68 75 43 40 48 49 56 71 86 65 38 19 72 14 40 30 49 38 3 87 43 25 67 26 55 72 28 35 34 35 60 49 33 63 54 68 56 36 26 55 23 58 59 65 62 78 60 82 36 73 82 68 69 69 72 
62 44 40 21 35 40 14 52 38 34 19 53 46 38 23 14 45 57 0 31 35 28 29 6 35 14 18 14 18 45 18 39 24 40 28 33 39 59 44 18 43 20 38 55 40 20 32 41 32 37 42 29 23 38 39 16 14 25 14 50 20 37 25 38 37 38 21 42 10 36 29 15 26 30 23 37 58 25 46 27 
78 53 18 26 64 25 32 37 68 39 50 38 35 46 50 17 18 74 31 0 24 14 32 35 62 38 37 38 46 37 25 25 8 13 58 36 58 39 62 36 48 50 68 72 15 31 49 17 55 67 72 46 45 67 68 46 44 41 43 38 48 68 39 64 25 51 52 27 36 16 12 45 29 59 13 8 41 6 23 55 
57 31 42 45 69 5 25 17 69 59 48 18 13 26 40 25 18 54 35 24 0 35 52 41 51 49 50 31 38 13 17 4 27 37 62 16 44 24 47 26 25 48 58 53 39 20 35 13 42 65 76 32 34 56 57 50 42 28 49 17 55 66 25 51 2 32 54 7 45 9 34 50 49 49 33 32 23 25 16 62 
83 60 12 14 56 39 33 51 62 25 47 52 48 53 50 17 32 78 28 14 35 0 18 30 62 30 26 38 45 48 30 38 8 12 51 44 62 53 66 38 56 48 66 76 12 35 53 31 56 64 65 50 46 66 67 41 42 45 36 52 40 64 43 65 37 56 47 41 28 30 2 40 16 58 5 12 55 11 37 46 
90 71 23 8 46 56 41 68 56 7 43 69 65 64 52 28 50 85 29 32 52 18 0 27 63 22 16 43 47 65 40 55 25 27 44 55 68 70 73 45 67 45 64 83 26 45 60 48 61 58 57 57 52 65 66 35 40 52 30 69 32 58 52 67 54 65 41 58 24 47 20 34 3 57 19 30 72 28 54 36 
65 49 42 20 29 46 20 58 33 31 17 59 52 43 26 19 50 61 6 35 41 30 27 0 36 8 14 18 21 51 24 45 28 42 23 39 42 65 47 23 49 18 38 58 42 26 36 46 35 34 37 33 27 38 39 11 13 29 8 56 14 34 30 40 43 42 17 48 4 42 31 10 24 30 25 40 64 29 52 21 
34 32 73 56 42 55 30 64 34 67 22 66 55 30 12 45 67 30 35 62 51 62 63 36 0 43 50 24 17 52 38 54 56 72 35 36 13 74 17 26 36 20 10 27 73 32 18 62 9 25 42 19 17 6 7 31 23 23 35 59 39 26 26 4 52 25 28 57 40 57 62 31 60 6 57 69 71 56 67 42 
72 57 41 17 26 53 28 65 34 24 21 66 60 51 33 24 55 68 14 38 49 30 22 8 43 0 7 26 28 59 32 52 30 42 22 47 49 72 54 31 57 23 42 65 42 34 44 51 42 36 36 41 35 44 44 13 20 37 8 64 10 36 38 47 51 50 19 55 4 47 31 12 20 37 26 41 71 32 57 17 
79 62 36 12 30 54 32 66 40 17 28 67 63 56 40 25 54 75 18 37 50 26 16 14 50 7 0 32 35 63 36 53 29 38 28 51 56 73 61 36 61 30 49 72 37 38 50 51 49 42 41 47 41 51 51 20 27 43 15 67 16 42 43 54 52 56 26 56 10 48 28 19 14 44 24 38 72 31 57 20 
48 31 49 35 40 36 6 48 39 48 18 49 40 25 12 21 45 43 14 38 31 38 43 18 24 26 32 0 8 38 14 35 32 48 33 22 25 55 30 5 31 17 30 41 49 11 18 40 19 34 46 15 9 29 30 22 12 11 24 44 30 35 12 27 33 24 24 38 22 35 38 22 40 21 33 45 54 32 45 36 
44 33 57 39 36 43 14 55 33 52 13 56 47 27 5 29 53 40 18 46 38 45 47 21 17 28 35 8 0 44 22 42 40 56 29 28 21 62 26 12 33 11 22 37 57 18 18 48 14 27 40 16 8 21 22 20 9 14 23 51 28 28 16 20 40 25 20 45 25 43 46 20 44 13 40 53 61 40 53 34 
51 25 55 58 78 12 33 13 77 72 56 15 4 22 43 38 27 48 45 37 13 48 65 51 52 59 63 38 44 0 27 12 40 50 71 16 41 24 43 33 18 55 61 48 52 27 34 24 43 71 84 33 37 58 59 59 50 30 59 7 65 71 28 51 12 28 62 13 55 21 47 59 62 52 46 45 20 38 23 72 
54 31 40 32 52 22 8 34 52 46 31 35 28 24 26 13 31 49 18 25 17 30 40 24 38 32 36 14 22 27 0 21 22 37 45 15 33 41 37 12 27 31 44 47 38 6 24 26 31 48 59 21 21 43 44 33 25 16 32 32 38 49 14 40 19 27 37 24 28 21 29 33 37 35 25 33 40 20 31 45 
59 33 43 48 73 1 29 13 73 62 52 14 10 29 44 28 16 56 39 25 4 38 55 45 54 52 53 35 42 12 21 0 30 38 66 19 47 20 50 30 27 52 62 56 40 24 38 12 45 69 80 35 38 60 61 54 46 31 53 14 59 70 28 54 2 35 58 3 49 9 37 54 52 53 36 33 19 27 13 66 
76 52 18 19 56 31 27 43 61 32 43 44 40 45 44 11 26 71 24 8 27 8 25 28 56 30 29 32 40 40 22 30 0 16 51 36 55 45 59 32 48 44 62 69 17 28 46 23 50 61 65 43 40 61 62 39 38 38 36 44 40 61 36 59 29 49 45 33 28 22 7 38 22 53 6 13 47 3 29 47 
91 66 6 26 68 38 43 48 74 33 59 49 48 59 60 27 28 86 40 13 37 12 27 42 72 42 38 48 56 50 37 38 16 0 63 49 70 49 74 48 61 60 78 84 2 43 61 28 66 76 77 58 56 77 78 53 54 53 48 51 52 76 51 75 38 64 59 39 40 29 11 52 26 69 17 5 51 17 33 58 
69 62 63 39 7 67 38 79 12 43 16 80 73 56 33 42 73 65 28 58 62 51 44 23 35 22 28 33 29 71 45 66 51 63 0 55 48 86 52 38 62 18 31 62 63 44 47 69 41 17 14 45 37 34 34 12 21 43 15 77 12 16 45 39 64 54 9 69 23 64 53 13 42 29 47 62 85 52 74 9 
42 17 53 47 62 20 19 28 61 61 40 30 19 10 27 28 34 38 33 36 16 44 55 39 36 47 51 22 28 16 15 19 36 49 55 0 28 38 31 17 12 39 45 37 51 13 19 29 27 55 68 17 21 42 43 44 34 14 45 23 51 55 12 36 17 16 46 22 43 24 43 44 52 36 40 44 35 33 32 58 
23 19 73 60 55 48 29 54 47 73 32 56 45 19 16 45 62 19 39 58 44 62 68 42 13 49 56 25 21 41 33 47 55 70 48 28 0 65 5 24 25 30 23 16 71 27 9 57 7 38 55 12 16 19 20 41 30 17 44 48 49 39 20 11 45 13 39 50 46 52 62 41 65 19 57 66 61 53 60 53 
75 49 55 64 93 19 49 11 93 77 72 9 20 46 64 48 21 72 59 39 24 53 70 65 74 72 73 55 62 24 41 20 45 49 86 38 65 0 67 50 42 72 82 72 51 44 57 22 65 89 100 55 58 80 81 74 66 51 73 18 79 90 48 74 22 52 78 17 69 25 51 74 67 73 51 44 4 42 16 86 
18 19 77 65 59 51 33 56 51 78 37 58 47 21 21 49 65 14 44 62 47 66 73 47 17 54 61 30 26 43 37 50 59 74 52 31 5 67 0 28 26 35 25 11 75 31 13 60 12 42 59 16 21 21 22 46 35 21 49 50 54 43 24 13 48 15 44 53 51 55 66 46 70 23 61 70 63 57 63 58 
45 26 49 37 45 31 5 43 44 51 23 44 35 20 14 21 41 40 18 36 26 38 45 23 26 31 36 5 12 33 12 30 32 48 38 17 24 50 28 0 26 22 32 38 49 6 15 36 19 39 51 12 9 31 32 27 17 7 29 39 35 40 7 28 28 20 29 33 27 31 38 27 42 23 33 44 49 31 41 41 
33 7 65 59 69 27 29 31 65 73 46 33 22 6 31 40 42 30 43 48 25 56 67 49 36 57 61 31 33 18 27 27 48 61 62 12 25 42 26 26 0 44 46 30 63 23 18 38 27 58 73 18 25 42 43 53 42 20 55 24 61 59 19 35 25 12 53 29 53 34 55 53 64 39 52 56 38 45 39 67 
53 44 60 38 25 53 23 65 22 47 2 66 57 38 15 33 62 49 20 50 48 48 45 18 20 23 30 17 11 55 31 52 44 60 18 39 30 72 35 22 44 0 20 46 60 28 29 57 23 17 29 27 19 21 21 11 6 25 15 61 19 18 27 24 50 36 9 55 21 52 49 11 42 14 43 57 71 44 62 23 
42 42 78 58 36 63 36 73 26 66 21 75 64 40 18 51 73 38 38 68 58 66 64 38 10 42 49 30 22 61 44 62 62 78 31 45 23 82 25 32 46 20 0 35 78 38 28 68 19 17 34 29 24 4 3 30 25 31 34 68 38 18 34 12 60 35 26 65 41 63 67 30 62 9 61 75 80 62 73 40 
7 23 87 75 69 57 43 61 61 89 48 63 52 27 32 59 71 3 55 72 53 76 83 58 27 65 72 41 37 48 47 56 69 84 62 37 16 72 11 38 30 46 35 0 85 41 23 66 23 52 69 26 32 31 32 57 46 31 60 54 65 53 34 23 54 22 55 59 62 61 76 57 80 33 71 80 68 67 69 69 
92 68 4 25 67 40 44 50 74 32 59 51 50 61 61 28 30 87 40 15 39 12 26 42 73 42 37 49 57 52 38 40 17 2 63 51 71 51 75 49 63 60 78 85 0 44 62 30 67 76 77 59 57 77 78 53 54 54 48 53 52 76 52 76 40 65 59 41 40 31 11 52 25 69 17 7 53 18 35 57 
48 26 46 37 51 25 6 37 50 51 29 38 29 19 20 18 35 43 20 31 20 35 45 26 32 34 38 11 18 27 6 24 28 43 44 13 27 44 31 6 23 28 38 41 44 0 18 30 25 45 57 15 15 37 38 32 23 10 32 33 38 46 8 34 22 21 35 27 30 25 35 32 42 29 30 39 43 26 35 45 
30 15 64 52 54 39 20 47 48 66 31 49 38 12 14 36 53 25 32 49 35 53 60 36 18 44 50 18 18 34 24 38 46 61 47 19 9 57 13 15 18 29 28 23 62 18 0 48 9 41 56 3 10 24 25 38 27 8 40 41 46 42 11 17 36 7 38 41 40 43 53 38 57 21 48 57 54 44 51 52 
70 44 34 42 75 12 34 20 78 55 57 21 21 39 50 27 5 67 41 17 13 31 48 46 62 51 51 40 48 24 26 12 23 28 69 29 57 22 60 36 38 57 68 66 30 30 48 0 55 74 83 45 45 67 68 57 51 40 54 24 60 75 37 64 13 45 62 12 48 5 29 56 45 59 29 23 24 20 6 67 
30 24 67 53 48 46 23 55 40 66 25 57 46 21 9 39 60 26 32 55 42 56 61 35 9 42 49 19 14 43 31 45 50 66 41 27 7 65 12 19 27 23 19 23 67 25 9 55 0 32 48 10 10 15 16 34 23 15 37 50 42 33 18 9 43 16 32 48 39 50 56 34 58 12 51 62 62 49 58 46 
59 56 76 53 20 70 40 82 9 59 18 83 74 52 28 50 79 55 37 67 65 64 58 34 25 36 42 34 27 71 48 69 61 76 17 55 38 89 42 39 58 17 17 52 76 45 41 74 32 0 17 40 34 21 20 23 23 41 28 78 27 1 43 29 67 48 17 72 36 69 65 24 56 20 59 74 88 61 79 26 
76 71 77 53 11 81 51 93 8 56 28 94 86 67 42 56 87 72 42 72 76 65 57 37 42 36 41 46 40 84 59 80 65 77 14 68 55 100 59 51 73 29 34 69 77 57 56 83 48 17 0 55 48 38 37 26 34 54 29 90 26 16 56 46 78 63 22 83 37 78 67 27 55 36 61 76 99 66 88 21 
33 17 61 49 52 36 17 45 47 63 29 47 36 12 13 33 50 28 29 46 32 50 57 33 19 41 47 15 16 33 21 35 43 58 45 17 12 55 16 12 18 27 29 26 59 15 3 45 10 40 55 0 8 25 26 36 25 5 38 40 44 41 8 19 33 9 36 38 37 40 50 36 54 21 45 54 52 41 48 50 
39 25 57 44 44 39 13 49 40 57 21 51 40 19 6 29 50 35 23 45 34 46 52 27 17 35 41 9 8 37 21 38 40 56 37 21 16 58 21 9 25 19 24 32 57 15 10 45 10 34 48 8 0 22 23 28 17 7 30 44 36 34 10 19 36 17 28 41 31 40 46 28 49 15 41 52 56 39 50 42 
38 38 78 58 40 61 35 70 30 68 23 72 61 36 17 50 72 34 38 67 56 66 65 38 6 44 51 29 21 58 43 60 61 77 34 42 19 80 21 31 42 21 4 31 77 37 24 67 15 21 38 25 22 0 1 32 25 29 36 65 40 22 32 8 58 31 28 63 42 62 67 32 62 8 61 74 77 61 72 42 
39 39 79 59 39 62 36 71 29 68 23 73 62 37 18 51 73 35 39 68 57 67 66 39 7 44 51 30 22 59 44 61 62 78 34 43 20 81 22 32 43 21 3 32 78 38 25 68 16 20 37 26 23 1 0 32 26 30 36 66 40 21 33 9 59 32 28 64 42 63 68 32 63 9 62 75 78 62 73 42 
64 53 53 30 19 55 26 67 22 37 9 68 61 47 25 30 61 60 16 46 50 41 35 11 31 13 20 22 20 59 33 54 39 53 12 44 41 74 46 27 53 11 30 57 53 32 38 57 34 23 26 36 28 32 32 0 11 33 5 65 8 23 34 35 52 45 6 57 13 52 42 1 33 25 36 51 73 40 62 14 
53 42 54 33 28 47 17 59 27 44 6 60 52 36 14 27 56 49 14 44 42 42 40 13 23 20 27 12 9 50 25 46 38 54 21 34 30 66 35 17 42 6 25 46 54 23 27 51 23 23 34 25 17 25 26 11 0 22 14 56 19 24 24 27 44 34 12 49 17 46 43 11 37 17 37 51 65 38 56 25 
38 20 56 44 50 32 12 42 47 58 27 44 33 14 13 28 45 33 25 41 28 45 52 29 23 37 43 11 14 30 16 31 38 53 43 14 17 51 21 7 20 25 31 31 54 10 8 40 15 41 54 5 7 29 30 33 22 0 35 37 41 41 3 24 29 13 34 34 33 35 45 33 49 22 40 49 49 36 44 47 
67 55 48 25 21 54 26 66 26 32 13 67 60 49 28 27 58 63 14 43 49 36 30 8 35 8 15 24 23 59 32 53 36 48 15 45 44 73 49 29 55 15 34 60 48 32 40 54 37 28 29 38 30 36 36 5 14 35 0 64 6 28 36 39 51 47 11 56 8 50 38 4 28 29 32 47 72 37 60 13 
57 31 56 62 84 13 39 7 83 76 62 9 4 29 50 42 26 54 50 38 17 52 69 56 59 64 67 44 51 7 32 14 44 51 77 23 48 18 50 39 24 61 68 54 53 33 41 24 50 78 90 40 44 65 66 65 56 37 64 0 70 78 35 58 15 35 68 12 60 22 50 65 66 59 50 46 14 41 21 77 
72 61 51 27 16 60 32 72 24 32 17 73 66 55 33 33 64 68 20 48 55 40 32 14 39 10 16 30 28 65 38 59 40 52 12 51 49 79 54 35 61 19 38 65 52 38 46 60 42 27 26 44 36 40 40 8 19 41 6 70 0 27 42 43 57 53 12 62 12 56 41 8 30 33 36 51 78 42 66 7 
60 57 76 53 20 71 41 83 8 59 18 84 74 53 28 51 80 56 37 68 66 64 58 34 26 36 42 35 28 71 49 70 61 76 16 55 39 90 43 40 59 18 18 53 76 46 42 75 33 1 16 41 34 22 21 23 24 41 28 78 27 0 44 30 68 49 17 73 36 70 65 24 56 21 59 74 89 62 80 25 
41 19 54 44 52 29 11 40 49 58 29 42 31 13 16 26 42 36 25 39 25 43 52 30 26 38 43 12 16 28 14 28 36 51 45 12 20 48 24 7 19 27 34 34 52 8 11 37 18 43 56 8 10 32 33 34 24 3 36 35 42 44 0 27 26 13 36 31 34 32 43 34 49 25 38 47 47 34 41 48 
30 30 76 59 46 55 32 64 38 71 26 66 55 29 15 48 69 26 38 64 51 65 67 40 4 47 54 27 20 51 40 54 59 75 39 36 11 74 13 28 35 24 12 23 76 34 17 64 9 29 46 19 19 8 9 35 27 24 39 58 43 30 27 0 52 24 32 57 44 59 65 35 64 10 60 71 71 58 67 46 
58 32 43 47 71 3 27 15 71 61 50 16 11 27 42 27 17 55 37 25 2 37 54 43 52 51 52 33 40 12 19 2 29 38 64 17 45 22 48 28 25 50 60 54 40 22 36 13 43 67 78 33 36 58 59 52 44 29 51 15 57 68 26 52 0 33 56 5 47 9 36 52 51 51 35 33 21 26 15 64 
28 8 67 57 61 36 24 41 55 71 38 43 32 6 21 39 50 23 38 51 32 56 65 42 25 50 56 24 25 28 27 35 49 64 54 16 13 52 15 20 12 36 35 22 65 21 7 45 16 48 63 9 17 31 32 45 34 13 47 35 53 49 13 24 33 0 45 38 46 40 56 45 62 28 51 59 48 47 48 59 
62 53 59 36 16 59 29 71 17 43 7 72 64 47 24 35 66 58 21 52 54 47 41 17 28 19 26 24 20 62 37 58 45 59 9 46 39 78 44 29 53 9 26 55 59 35 38 62 32 17 22 36 28 28 28 6 12 34 11 68 12 17 36 32 56 45 0 61 19 57 48 7 39 22 42 57 77 46 67 14 
62 36 45 51 76 2 32 10 76 65 55 11 9 32 47 31 15 59 42 27 7 41 58 48 57 55 56 38 45 13 24 3 33 39 69 22 50 17 53 33 29 55 65 59 41 27 41 12 48 72 83 38 41 63 64 57 49 34 56 12 62 73 31 57 5 38 61 0 52 11 39 57 55 56 39 34 16 30 10 69 
69 53 40 17 28 50 24 62 34 27 20 63 56 47 30 21 52 65 10 36 45 28 24 4 40 4 10 22 25 55 28 49 28 40 23 43 46 69 51 27 53 21 41 62 40 30 40 48 39 36 37 37 31 42 42 13 17 33 8 60 12 36 34 44 47 46 19 52 0 44 30 12 21 34 24 39 68 30 54 19 
66 40 34 40 71 9 29 21 73 54 52 22 19 34 45 23 10 62 36 16 9 30 47 42 57 47 48 35 43 21 21 9 22 29 64 24 52 25 55 31 34 52 63 61 31 25 43 5 50 69 78 40 40 62 63 52 46 35 50 22 56 70 32 59 9 40 57 11 44 0 28 51 44 54 28 24 25 19 10 63 
83 59 11 16 57 37 33 49 64 27 48 50 47 52 50 17 30 78 29 12 34 2 20 31 62 31 28 38 46 47 29 37 7 11 53 43 62 51 66 38 55 49 67 76 11 35 53 29 56 65 67 50 46 67 68 42 43 45 38 50 41 65 43 65 36 56 48 39 30 28 0 41 18 59 6 10 53 10 35 48 
64 53 52 29 20 55 26 67 23 36 9 68 61 47 25 29 60 60 15 45 50 40 34 10 31 12 19 22 20 59 33 54 38 52 13 44 41 74 46 27 53 11 30 57 52 32 38 56 34 24 27 36 28 32 32 1 11 33 4 65 8 24 34 35 52 45 7 57 12 51 41 0 32 25 35 50 73 39 61 14 
87 68 23 5 44 53 38 65 54 10 41 66 62 61 49 25 47 82 26 29 49 16 3 24 60 20 14 40 44 62 37 52 22 26 42 52 65 67 70 42 64 42 62 80 25 42 57 45 58 56 55 54 49 62 63 33 37 49 28 66 30 56 49 64 51 62 39 55 21 44 18 32 0 54 16 28 69 25 51 34 
40 36 70 50 36 54 27 64 28 61 16 66 55 33 9 42 64 36 30 59 49 58 57 30 6 37 44 21 13 52 35 53 53 69 29 36 19 73 23 23 39 14 9 33 69 29 21 59 12 20 36 21 15 8 9 25 17 22 29 59 33 21 25 10 51 28 22 56 34 54 59 25 54 0 53 66 71 53 64 36 
78 56 17 13 52 37 28 49 58 26 42 50 46 49 45 12 31 73 23 13 33 5 19 25 57 26 24 33 40 46 25 36 6 17 47 40 57 51 61 33 52 43 61 71 17 30 48 29 51 59 61 45 41 61 62 36 37 40 32 50 36 59 38 60 35 51 42 39 24 28 6 35 16 53 0 15 53 9 35 43 
86 61 11 26 67 33 39 43 73 36 56 44 43 54 57 24 23 82 37 8 32 12 30 40 69 41 38 45 53 45 33 33 13 5 62 44 66 44 70 44 56 57 75 80 7 39 57 23 62 74 76 54 52 74 75 51 51 49 47 46 51 74 47 71 33 59 57 34 39 24 10 50 28 66 15 0 46 13 28 58 
71 45 57 65 92 18 48 7 92 79 71 5 16 42 62 47 23 68 58 41 23 55 72 64 71 71 72 54 61 20 40 19 47 51 85 35 61 4 63 49 38 71 80 68 53 43 54 24 62 88 99 52 56 77 78 73 65 49 72 14 78 89 47 71 21 48 77 16 68 25 53 73 69 71 53 46 0 44 18 85 
74 50 20 22 58 28 26 40 62 35 44 41 37 43 44 11 23 69 25 6 25 11 28 29 56 32 31 32 40 38 20 27 3 17 52 33 53 42 57 31 45 44 62 67 18 26 44 20 49 61 66 41 39 61 62 40 38 36 37 41 42 62 34 58 26 47 46 30 30 19 10 39 25 53 9 13 44 0 26 49 
72 46 39 48 81 12 39 16 83 61 62 16 19 42 55 33 5 69 46 23 16 37 54 52 67 57 57 45 53 23 31 13 29 33 74 32 60 16 63 41 39 62 73 69 35 35 51 6 58 79 88 48 50 72 73 62 56 44 60 21 66 80 41 67 15 48 67 10 54 10 35 61 51 64 35 28 18 26 0 73 
76 67 56 32 10 67 39 79 20 35 21 80 73 61 38 40 71 72 27 55 62 46 36 21 42 17 20 36 34 72 45 66 47 58 9 58 53 86 58 41 67 23 40 69 57 45 52 67 46 26 21 50 42 42 42 14 25 47 13 77 7 25 48 46 64 59 14 69 19 63 48 14 34 36 43 58 85 49 73 0 
26
31
17
45
73
41
14
78
81
83
38
40
76
89
51
33
69
71
21
30
1
24
35
83
69
50
41
57
34
18
58
57
84
28
21
34
67
97
70
31
20
90
27
23
70
86
95
86
43
8
13
3
74
86
35
16
31
30
82
22
51
97
8
92
33
31
26
9
52
56
48
62
86
77
95
18
23
7
3
