65
0 63 73 95 53 23 78 73 29 41 68 38 60 71 35 71 38 42 40 93 72 47 74 48 84 47 47 8 74 73 85 44 65 66 101 34 40 77 27 78 39 26 65 49 77 81 69 44 25 53 94 103 72 13 86 57 47 51 30 72 70 83 126 63 76 
63 0 84 80 52 40 92 33 40 33 36 41 63 74 84 90 27 66 43 68 65 93 77 59 77 50 50 71 62 63 95 21 83 69 107 37 59 49 38 57 56 37 58 59 37 18 79 60 74 80 67 106 81 50 89 56 61 70 33 51 73 77 107 74 70 
73 84 0 116 34 50 94 78 50 53 93 49 67 82 85 94 59 58 47 100 78 62 81 25 61 54 54 81 80 77 60 65 81 73 124 53 63 124 48 71 37 47 42 55 74 102 75 71 75 64 101 118 77 60 107 38 53 74 51 65 91 110 115 56 73 
95 80 116 0 82 81 142 113 81 63 80 90 112 123 130 139 57 106 92 145 107 137 126 100 107 99 99 103 106 106 139 63 125 118 165 86 108 93 79 102 97 78 88 103 117 62 123 102 120 110 146 155 111 91 138 86 101 119 82 108 122 119 151 104 132 
53 52 34 82 0 30 60 50 30 19 75 15 33 56 51 60 25 24 13 66 44 71 47 49 51 20 20 61 46 58 57 31 47 39 90 19 29 101 28 67 46 27 44 21 51 70 41 51 41 56 67 84 79 40 79 4 19 40 23 61 63 87 105 22 65 
23 40 50 81 30 0 77 54 6 18 45 15 37 48 58 64 24 41 17 70 66 62 51 25 61 24 24 31 73 50 84 30 64 43 90 11 33 74 4 67 16 3 42 48 55 58 68 21 48 50 71 80 49 10 63 34 46 44 7 62 47 60 115 40 57 
78 92 94 142 60 77 0 59 77 79 105 62 78 84 63 49 85 36 60 24 66 123 94 96 103 67 67 86 68 89 79 91 59 51 65 66 68 112 75 83 93 74 90 43 63 110 63 83 53 78 25 106 111 87 92 56 41 69 70 77 110 137 58 74 93 
73 33 78 113 50 54 59 0 54 61 46 39 57 46 69 58 60 61 37 35 64 89 71 53 55 44 35 80 93 30 104 54 82 62 74 43 44 53 52 24 63 51 36 68 4 51 88 70 59 54 34 112 98 60 101 54 66 55 47 18 87 110 117 72 37 
29 40 50 81 30 6 77 54 0 18 51 15 37 48 58 64 24 41 17 70 66 62 51 25 61 24 24 37 73 50 84 30 64 43 90 11 33 80 4 68 22 3 42 48 55 58 68 27 48 56 71 78 55 16 63 34 46 44 7 62 47 66 115 46 57 
41 33 53 63 19 18 79 61 18 0 63 27 49 60 70 76 6 43 29 82 56 74 63 37 44 36 36 49 65 43 76 12 66 55 102 23 45 82 16 54 34 15 25 40 57 51 60 39 60 47 83 92 60 28 75 23 38 56 19 48 59 68 124 41 69 
68 36 93 80 75 45 105 46 51 63 0 60 82 84 64 91 63 71 62 81 101 105 96 68 70 69 69 76 62 40 114 57 94 88 120 56 60 49 49 22 61 48 51 78 42 18 98 24 54 64 80 125 52 55 108 79 76 71 52 28 92 105 107 85 75 
38 41 49 90 15 15 62 39 15 27 60 0 22 41 43 49 33 26 2 55 56 68 36 34 66 9 9 46 58 43 69 39 49 28 79 4 18 89 13 56 31 12 51 33 40 59 53 36 33 65 56 73 64 25 64 19 31 29 8 50 48 75 110 37 50 
60 63 67 112 33 37 78 57 37 49 82 22 0 63 61 67 55 44 20 54 74 90 40 56 84 13 27 68 76 65 87 61 67 27 91 26 36 110 35 74 53 34 73 51 58 81 71 58 51 86 55 95 86 47 86 37 49 47 30 68 70 97 128 55 67 
71 74 82 123 56 48 84 46 48 60 84 41 63 0 70 54 66 48 43 79 18 61 77 67 93 50 50 79 70 68 77 62 36 69 106 37 45 99 46 62 64 45 74 41 42 92 61 69 60 76 78 85 97 58 97 58 43 34 41 56 81 108 96 76 9 
35 84 85 130 51 58 63 69 58 70 64 43 61 70 0 56 73 27 41 81 57 82 75 77 94 48 34 43 59 69 70 79 50 67 86 47 25 112 56 63 74 55 80 34 65 82 54 40 10 69 80 97 66 48 107 47 32 36 51 57 86 118 111 65 61 
71 90 94 139 60 64 49 58 64 76 91 49 67 54 56 0 82 55 47 25 71 97 81 83 105 54 40 67 77 75 84 88 78 52 64 53 31 111 62 69 80 61 86 48 62 108 68 76 46 83 24 110 104 74 91 64 50 20 57 63 70 124 107 82 45 
38 27 59 57 25 24 85 60 24 6 63 33 55 66 73 82 0 49 35 88 50 80 69 43 50 42 42 46 71 49 82 6 68 61 108 29 51 76 22 60 40 21 31 46 63 45 66 45 63 53 89 98 54 34 81 29 44 62 25 54 65 62 129 47 75 
42 66 58 106 24 41 36 61 41 43 71 26 44 48 27 55 49 0 24 60 30 87 58 60 67 31 31 50 32 69 43 55 23 50 93 30 32 107 39 70 57 38 64 7 62 76 27 47 17 42 61 70 75 51 90 20 5 35 34 64 74 101 84 38 57 
40 43 47 92 13 17 60 37 17 29 62 2 20 43 41 47 35 24 0 53 54 70 34 36 64 7 7 48 56 45 67 41 47 26 77 6 16 90 15 54 33 14 53 31 38 61 51 38 31 66 54 75 66 27 66 17 29 27 10 48 50 77 108 35 52 
93 68 100 145 66 70 24 35 70 82 81 55 54 79 81 25 88 60 53 0 90 122 73 88 90 46 60 92 92 65 103 89 83 27 41 59 56 88 68 59 86 67 71 67 39 86 87 91 71 89 1 87 119 80 68 70 65 45 63 53 95 130 82 88 70 
72 65 78 107 44 66 66 64 66 56 101 56 74 18 57 71 50 30 54 90 0 79 88 85 87 61 61 80 52 86 59 44 18 80 123 55 62 114 64 80 82 63 80 23 60 83 43 77 47 58 91 67 104 76 115 40 25 51 59 74 99 100 79 58 27 
47 93 62 137 71 62 123 89 62 74 105 68 90 61 82 97 80 87 70 122 79 0 104 37 73 77 77 39 109 89 120 86 97 96 136 64 75 124 60 83 49 59 54 84 85 111 104 83 72 76 121 133 111 60 116 67 82 77 60 77 100 122 127 49 52 
74 77 81 126 47 51 94 71 51 63 96 36 40 77 75 81 69 58 34 73 88 104 0 70 98 27 41 82 90 79 101 75 81 46 51 40 50 124 49 88 67 48 87 65 72 95 85 72 65 100 74 109 100 61 78 51 63 61 44 82 84 111 142 69 81 
48 59 25 100 49 25 96 53 25 37 68 34 56 67 77 83 43 60 36 88 85 37 70 0 36 43 43 56 92 52 85 49 83 62 109 30 52 99 23 46 12 22 17 67 49 77 87 46 67 39 87 99 74 35 82 53 65 63 26 40 66 85 90 65 76 
84 77 61 107 51 61 103 55 61 44 70 66 84 93 94 105 50 67 64 90 87 73 98 36 0 71 71 92 89 54 100 56 90 90 129 66 74 108 59 48 46 58 19 64 51 88 84 82 84 41 89 77 104 71 118 47 62 85 62 42 102 112 89 65 84 
47 50 54 99 20 24 67 44 24 36 69 9 13 50 48 54 42 31 7 46 61 77 27 43 71 0 14 55 63 52 74 48 54 19 78 13 23 97 22 61 40 21 60 38 45 68 58 45 38 73 47 82 73 34 73 24 36 34 17 55 57 84 115 42 54 
47 50 54 99 20 24 67 35 24 36 69 9 27 50 34 40 42 31 7 60 61 77 41 43 71 14 0 45 63 52 74 48 54 33 70 13 9 88 22 47 40 21 60 38 31 68 58 45 24 73 61 82 73 34 73 24 36 20 17 41 57 84 115 42 45 
8 71 81 103 61 31 86 80 37 49 76 46 68 79 43 67 46 50 48 92 80 39 82 56 92 55 45 0 82 80 93 52 73 74 97 42 36 85 35 74 47 34 73 57 76 89 77 52 33 61 91 111 80 21 94 65 55 47 38 68 78 91 134 71 72 
74 62 80 106 46 73 68 93 73 65 62 58 76 70 59 77 71 32 56 92 52 109 90 92 89 63 63 82 0 101 65 77 55 82 125 62 64 75 71 84 89 70 86 29 94 44 49 79 49 64 93 92 107 83 122 42 27 57 66 90 106 133 116 60 79 
73 63 77 106 58 50 89 30 50 43 40 43 65 68 69 75 49 69 45 65 86 89 79 52 54 52 52 80 101 0 112 55 92 71 104 39 44 83 48 18 62 47 35 76 26 58 96 64 59 48 64 108 92 60 99 62 74 55 43 12 83 110 142 80 59 
85 95 60 139 57 84 79 104 84 76 114 69 87 77 70 84 82 43 67 103 59 120 101 85 100 74 74 93 65 112 0 88 66 93 136 73 75 140 82 113 97 81 93 36 105 109 16 90 60 71 104 59 118 94 133 53 38 64 77 107 114 132 127 71 86 
44 21 65 63 31 30 91 54 30 12 57 39 61 62 79 88 6 55 41 89 44 86 75 49 56 48 48 52 77 55 88 0 62 67 114 35 57 70 28 66 46 27 37 52 58 39 72 51 69 59 88 104 60 40 87 35 50 68 31 60 71 56 123 53 71 
65 83 81 125 47 64 59 82 64 66 94 49 67 36 50 78 68 23 47 83 18 97 81 83 90 54 54 73 55 92 66 62 0 73 116 53 55 130 62 93 80 61 87 30 78 99 50 70 40 65 84 49 98 74 113 43 28 58 57 87 97 118 61 61 45 
66 69 73 118 39 43 51 62 43 55 88 28 27 69 67 52 61 50 26 27 80 96 46 62 90 19 33 74 82 71 93 67 73 0 68 32 42 115 41 80 59 40 79 57 64 87 77 64 57 92 28 101 92 53 92 43 55 53 36 74 76 103 109 61 73 
101 107 124 165 90 90 65 74 90 102 120 79 91 106 86 64 108 93 77 41 123 136 51 109 129 78 70 97 125 104 136 114 116 68 0 83 61 127 88 98 106 87 110 100 78 125 120 106 76 128 40 126 134 100 27 94 98 72 83 92 122 119 123 112 97 
34 37 53 86 19 11 66 43 11 23 56 4 26 37 47 53 29 30 6 59 55 64 40 30 66 13 13 42 62 39 73 35 53 32 83 0 22 85 9 57 27 8 47 37 44 55 57 32 37 61 60 69 60 21 60 23 35 33 4 51 44 71 114 41 46 
40 59 63 108 29 33 68 44 33 45 60 18 36 45 25 31 51 32 16 56 62 75 50 52 74 23 9 36 64 44 75 57 55 42 61 22 0 97 31 38 49 30 55 39 40 77 59 45 15 68 55 91 73 43 82 33 37 11 26 32 61 93 116 51 36 
77 49 124 93 101 74 112 53 80 82 49 89 110 99 112 111 76 107 90 88 114 124 124 99 108 97 88 85 75 83 140 70 130 115 127 85 97 0 78 71 90 77 89 104 57 31 124 73 102 104 87 154 101 64 137 105 102 108 81 71 121 126 120 114 90 
27 38 48 79 28 4 75 52 4 16 49 13 35 46 56 62 22 39 15 68 64 60 49 23 59 22 22 35 71 48 82 28 62 41 88 9 31 78 0 66 20 1 40 46 53 56 66 25 46 54 69 78 53 14 61 32 44 42 5 60 45 64 113 44 55 
78 57 71 102 67 67 83 24 68 54 22 56 74 62 63 69 60 70 54 59 80 83 88 46 48 61 47 74 84 18 113 66 93 80 98 57 38 71 66 0 56 65 29 77 20 40 97 46 53 42 58 125 74 77 117 71 75 49 61 6 99 122 129 89 53 
39 56 37 97 46 16 93 63 22 34 61 31 53 64 74 80 40 57 33 86 82 49 67 12 46 40 40 47 89 62 97 46 80 59 106 27 49 90 20 56 0 19 27 64 59 74 84 37 64 49 87 96 65 26 79 50 62 60 23 50 63 76 102 56 73 
26 37 47 78 27 3 74 51 3 15 48 12 34 45 55 61 21 38 14 67 63 59 48 22 58 21 21 34 70 47 81 27 61 40 87 8 30 77 1 65 19 0 39 45 52 55 65 24 45 53 68 77 52 13 60 31 43 41 4 59 44 63 112 43 54 
65 58 42 88 44 42 90 36 42 25 51 51 73 74 80 86 31 64 53 71 80 54 87 17 19 60 60 73 86 35 93 37 87 79 110 47 55 89 40 29 27 39 0 57 32 69 77 63 70 22 70 96 85 52 99 48 59 66 43 23 83 93 107 66 65 
49 59 55 103 21 48 43 68 48 40 78 33 51 41 34 48 46 7 31 67 23 84 65 67 64 38 38 57 29 76 36 52 30 57 100 37 39 104 46 77 64 45 57 0 69 73 20 54 24 35 68 63 82 58 97 17 2 28 41 71 78 108 91 35 50 
77 37 74 117 51 55 63 4 55 57 42 40 58 42 65 62 63 62 38 39 60 85 72 49 51 45 31 76 94 26 105 58 78 64 78 44 40 57 53 20 59 52 32 69 0 55 89 66 55 50 38 113 94 64 104 55 67 51 48 14 88 114 120 73 33 
81 18 102 62 70 58 110 51 58 51 18 59 81 92 82 108 45 76 61 86 83 111 95 77 88 68 68 89 44 58 109 39 99 87 125 55 77 31 56 40 74 55 69 73 55 0 93 42 72 82 85 124 70 68 107 74 71 88 51 46 91 95 89 92 88 
69 79 75 123 41 68 63 88 68 60 98 53 71 61 54 68 66 27 51 87 43 104 85 87 84 58 58 77 49 96 16 72 50 77 120 57 59 124 66 97 84 65 77 20 89 93 0 74 44 55 88 43 102 78 117 37 22 48 61 91 98 128 111 55 70 
44 60 71 102 51 21 83 70 27 39 24 36 58 69 40 76 45 47 38 91 77 83 72 46 82 45 45 52 79 64 90 51 70 64 106 32 45 73 25 46 37 24 63 54 66 42 74 0 30 71 92 101 28 31 84 55 52 56 28 52 68 81 131 61 78 
25 74 75 120 41 48 53 59 48 60 54 33 51 60 10 46 63 17 31 71 47 72 65 67 84 38 24 33 49 59 60 69 40 57 76 37 15 102 46 53 64 45 70 24 55 72 44 30 0 59 70 87 58 38 97 37 22 26 41 47 76 108 101 55 51 
53 80 64 110 56 50 78 54 56 47 64 65 86 76 69 83 53 42 66 89 58 76 100 39 41 73 73 61 64 48 71 59 65 92 128 61 68 104 54 42 49 53 22 35 50 82 55 71 59 0 88 98 99 40 113 52 37 63 57 36 97 110 126 70 83 
94 67 101 146 67 71 25 34 71 83 80 56 55 78 80 24 89 61 54 1 91 121 74 87 89 47 61 91 93 64 104 88 84 28 40 60 55 87 69 58 87 68 70 68 38 85 88 92 70 88 0 86 120 81 67 71 66 44 64 52 94 131 83 89 69 
103 106 118 155 84 80 106 112 78 92 125 73 95 85 97 110 98 70 75 87 67 133 109 99 77 82 82 111 92 108 59 104 49 101 126 69 91 154 78 125 96 77 96 63 113 124 43 101 87 98 86 0 129 90 129 80 65 91 73 119 113 140 110 98 94 
72 81 77 111 79 49 111 98 55 60 52 64 86 97 66 104 54 75 66 119 104 111 100 74 104 73 73 80 107 92 118 60 98 92 134 60 73 101 53 74 65 52 85 82 94 70 102 28 58 99 120 129 0 59 112 78 80 84 56 80 96 109 159 89 106 
13 50 60 91 40 10 87 60 16 28 55 25 47 58 48 74 34 51 27 80 76 60 61 35 71 34 34 21 83 60 94 40 74 53 100 21 43 64 14 77 26 13 52 58 64 68 78 31 38 40 81 90 59 0 73 44 56 54 17 72 57 70 125 50 67 
86 89 107 138 79 63 92 101 63 75 108 64 86 97 107 91 81 90 66 68 115 116 78 82 118 73 73 94 122 99 133 87 113 92 27 60 82 137 61 117 79 60 99 97 104 107 117 84 97 113 67 129 112 73 0 83 95 93 56 111 96 123 150 101 106 
57 56 38 86 4 34 56 54 34 23 79 19 37 58 47 64 29 20 17 70 40 67 51 53 47 24 24 65 42 62 53 35 43 43 94 23 33 105 32 71 50 31 48 17 55 74 37 55 37 52 71 80 78 44 83 0 15 44 27 65 67 91 104 18 67 
47 61 53 101 19 46 41 66 46 38 76 31 49 43 32 50 44 5 29 65 25 82 63 65 62 36 36 55 27 74 38 50 28 55 98 35 37 102 44 75 62 43 59 2 67 71 22 52 22 37 66 65 80 56 95 15 0 30 39 69 79 106 89 33 52 
51 70 74 119 40 44 69 55 44 56 71 29 47 34 36 20 62 35 27 45 51 77 61 63 85 34 20 47 57 55 64 68 58 53 72 33 11 108 42 49 60 41 66 28 51 88 48 56 26 63 44 91 84 54 93 44 30 0 37 43 50 104 112 62 25 
30 33 51 82 23 7 70 47 7 19 52 8 30 41 51 57 25 34 10 63 59 60 44 26 62 17 17 38 66 43 77 31 57 36 83 4 26 81 5 61 23 4 43 41 48 51 61 28 41 57 64 73 56 17 56 27 39 37 0 55 40 67 116 45 50 
72 51 65 108 61 62 77 18 62 48 28 50 68 56 57 63 54 64 48 53 74 77 82 40 42 55 41 68 90 12 107 60 87 74 92 51 32 71 60 6 50 59 23 71 14 46 91 52 47 36 52 119 80 72 111 65 69 43 55 0 93 116 130 83 47 
70 73 91 122 63 47 110 87 47 59 92 48 70 81 86 70 65 74 50 95 99 100 84 66 102 57 57 78 106 83 114 71 97 76 122 44 61 121 45 99 63 44 83 78 88 91 98 68 76 97 94 113 96 57 96 67 79 50 40 93 0 107 156 85 75 
83 77 110 119 87 60 137 110 66 68 105 75 97 108 118 124 62 101 77 130 100 122 111 85 112 84 84 91 133 110 132 56 118 103 119 71 93 126 64 122 76 63 93 108 114 95 128 81 108 110 131 140 109 70 123 91 106 104 67 116 107 0 175 100 117 
126 107 115 151 105 115 58 117 115 124 107 110 128 96 111 107 129 84 108 82 79 127 142 90 89 115 115 134 116 142 127 123 61 109 123 114 116 120 113 129 102 112 107 91 120 89 111 131 101 126 83 110 159 125 150 104 89 112 116 130 156 175 0 122 87 
63 74 56 104 22 40 74 72 46 41 85 37 55 76 65 82 47 38 35 88 58 49 69 65 65 42 42 71 60 80 71 53 61 61 112 41 51 114 44 89 56 43 66 35 73 92 55 61 55 70 89 98 89 50 101 18 33 62 45 83 85 100 122 0 85 
76 70 73 132 65 57 93 37 57 69 75 50 67 9 61 45 75 57 52 70 27 52 81 76 84 54 45 72 79 59 86 71 45 73 97 46 36 90 55 53 73 54 65 50 33 88 70 78 51 83 69 94 106 67 106 67 52 25 50 47 75 117 87 85 0 
72
5
39
71
62
77
50
69
52
96
15
31
94
100
13
18
43
3
79
9
10
75
25
13
24
76
85
54
2
90
15
15
44
36
68
63
95
14
54
28
1
32
72
26
85
22
56
77
1
99
19
59
64
73
54
28
20
85
2
22
61
17
20
68
