17
0 180 174 267 312 225 189 223 261 162 106 451 125 273 263 164 208 
180 0 37 130 168 155 52 160 124 18 74 323 55 93 250 275 287 
174 37 0 93 169 149 15 154 87 19 68 324 49 130 226 238 267 
267 130 93 0 262 185 78 247 115 112 161 417 142 223 182 266 295 
312 168 169 262 0 287 184 292 217 150 206 155 187 261 369 337 185 
225 155 149 185 287 0 164 205 236 137 119 442 100 248 367 387 332 
189 52 15 78 184 164 0 169 72 34 83 339 64 145 211 223 252 
223 160 154 247 292 205 169 0 241 142 124 364 105 253 380 285 337 
261 124 87 115 217 236 72 241 0 106 155 372 136 217 152 151 180 
162 18 19 112 150 137 34 142 106 0 56 305 37 111 245 257 269 
106 74 68 161 206 119 83 124 155 56 0 345 19 167 294 270 251 
451 323 324 417 155 442 339 364 372 305 345 0 342 416 311 492 340 
125 55 49 142 187 100 64 105 136 37 19 342 0 148 275 287 232 
273 93 130 223 261 248 145 253 217 111 167 416 148 0 343 368 237 
263 250 226 182 369 367 211 380 152 245 294 311 275 343 0 303 276 
164 275 238 266 337 387 223 285 151 257 270 492 287 368 303 0 331 
208 287 267 295 185 332 252 337 180 269 251 340 232 237 276 331 0 
61
29
12
84
8
99
35
13
38
40
71
54
4
13
98
35
