70
0 44 81 119 66 20 50 23 36 82 68 14 66 67 76 58 53 23 64 36 91 66 68 97 64 88 62 77 28 105 106 77 54 65 46 66 57 54 33 5 125 115 72 132 85 74 69 97 48 63 36 72 100 87 58 99 108 59 27 78 104 94 87 74 93 57 55 53 68 45 
44 0 39 148 70 24 54 52 64 107 88 42 65 92 101 62 73 51 58 58 81 61 93 122 39 77 88 77 32 97 106 52 83 77 75 56 61 66 62 39 150 140 28 160 89 78 97 104 70 62 64 62 111 91 62 99 136 63 55 106 94 60 91 30 82 67 85 81 86 67 
81 39 0 154 99 63 77 58 65 69 75 81 95 54 63 91 78 76 63 63 86 98 55 84 44 60 67 60 71 116 89 31 67 38 81 61 82 27 68 76 133 102 11 178 110 89 81 143 75 92 93 67 132 105 101 82 149 68 80 90 99 43 83 69 65 76 64 68 69 72 
119 148 154 0 156 129 126 96 143 155 125 133 113 140 149 148 139 142 127 155 150 150 141 133 142 161 156 110 137 70 139 155 127 138 104 125 103 127 106 114 146 115 159 200 75 142 132 216 167 116 130 131 153 133 167 132 221 117 146 141 87 127 163 137 157 109 141 137 119 164 
66 70 99 156 0 46 76 79 34 106 92 56 64 97 96 8 77 47 88 60 115 92 96 125 88 123 50 107 54 119 92 86 92 100 102 90 83 109 89 61 167 143 98 174 86 92 111 121 72 61 76 96 103 85 26 99 132 85 51 120 128 124 111 100 125 78 99 95 98 69 
20 24 63 129 46 0 30 33 56 92 66 34 77 77 86 38 51 43 81 34 104 46 78 106 62 84 80 81 8 90 88 75 64 66 56 79 37 64 43 15 145 124 52 139 65 54 89 117 46 80 56 85 87 67 38 81 128 39 47 98 107 84 67 54 79 43 75 73 72 43 
50 54 77 126 76 30 0 63 61 119 53 60 89 104 110 68 68 69 111 64 115 76 105 129 92 54 64 68 38 87 58 100 94 61 86 109 23 50 73 45 141 126 82 151 51 24 83 143 76 88 38 115 73 53 68 51 132 9 73 92 104 84 37 84 49 17 49 53 59 73 
23 52 58 96 79 33 63 0 59 59 90 37 89 44 53 71 76 46 87 59 114 79 45 74 87 65 73 75 41 123 104 89 31 42 23 89 70 31 10 18 148 92 69 155 98 70 85 120 71 86 59 95 77 95 71 97 131 72 50 94 127 92 100 82 70 76 45 41 84 68 
36 64 65 143 34 56 61 59 0 96 58 22 30 81 90 26 43 13 73 26 96 95 82 98 54 89 68 73 64 85 84 67 90 66 82 71 50 77 69 41 133 116 76 140 68 58 77 87 38 27 44 77 100 51 60 91 98 52 17 86 102 90 77 94 92 44 65 61 64 35 
82 107 69 155 106 92 119 59 96 0 69 92 106 15 22 102 84 83 96 96 119 94 14 43 109 92 60 54 100 106 83 96 28 87 82 94 96 90 69 77 127 61 80 196 124 99 50 157 92 103 86 88 136 66 80 76 168 110 87 41 123 71 119 113 97 102 104 100 63 89 
68 88 75 125 92 66 53 90 58 69 0 54 41 54 63 84 15 45 68 32 84 37 55 84 49 71 98 15 74 102 44 62 67 48 90 66 58 59 100 73 88 102 64 172 79 42 37 119 44 44 73 72 108 88 104 37 130 44 49 46 104 32 62 68 67 52 67 71 6 41 
14 42 81 133 56 34 60 37 22 92 54 0 52 77 86 48 39 9 69 22 80 80 78 94 50 85 48 63 42 91 92 63 68 62 60 67 49 68 47 19 111 112 70 118 77 68 55 83 34 49 22 73 99 73 72 85 94 51 13 64 105 80 73 72 90 43 43 39 54 31 
66 65 95 113 64 77 89 89 30 106 41 52 0 91 100 56 26 43 55 43 82 78 92 115 60 67 98 56 85 61 85 73 104 89 101 57 66 100 99 71 129 106 93 170 38 83 78 117 55 3 74 63 79 81 90 78 108 80 47 87 78 73 70 95 72 72 95 91 47 52 
67 92 54 140 97 77 104 44 81 15 54 77 91 0 9 89 69 68 107 81 130 79 1 30 96 95 47 39 85 93 68 83 13 72 67 105 81 75 54 62 112 48 65 183 109 84 61 142 79 88 73 99 121 51 95 61 153 95 72 56 110 56 104 98 91 87 89 85 48 76 
76 101 63 149 96 86 110 53 90 22 63 86 100 9 0 88 78 77 114 76 137 88 8 37 95 104 46 48 94 100 77 82 22 81 76 112 90 84 63 71 121 55 74 185 118 93 70 151 70 97 72 108 130 60 102 70 162 101 81 63 117 65 113 107 100 93 98 94 57 67 
58 62 91 148 8 38 68 71 26 102 84 48 56 89 88 0 69 39 80 52 107 84 88 117 80 115 42 99 46 111 100 78 84 92 94 82 75 102 81 53 159 135 90 166 94 84 103 113 64 53 68 88 111 77 34 107 124 77 43 112 120 116 103 92 117 70 91 87 90 61 
53 73 78 139 77 51 68 76 43 84 15 39 26 69 78 69 0 30 53 17 69 52 70 89 34 86 83 30 59 87 59 47 82 63 75 51 73 74 86 58 103 107 79 157 64 57 52 104 29 29 61 57 105 94 89 52 115 59 34 61 89 47 62 83 82 67 82 78 21 26 
23 51 76 142 47 43 69 46 13 83 45 9 43 68 77 39 30 0 60 13 83 82 69 85 41 76 57 60 51 98 89 54 77 53 69 58 58 64 56 28 120 103 79 127 81 71 64 74 25 40 31 64 108 64 73 82 85 60 4 73 96 77 64 81 81 52 52 48 51 22 
64 58 63 127 88 81 111 87 73 96 68 69 55 107 114 80 53 60 0 47 27 105 108 119 19 82 68 68 89 57 97 32 110 82 110 2 118 90 97 69 99 102 74 153 93 110 90 134 59 58 91 8 134 124 65 90 132 112 64 89 40 51 115 88 77 112 112 108 74 56 
36 58 63 155 60 34 64 59 26 96 32 22 43 81 76 52 17 13 47 0 70 69 82 72 28 89 70 47 42 100 76 41 69 66 82 45 71 77 69 41 120 90 74 140 81 74 69 87 12 46 44 51 121 77 72 69 98 73 17 78 83 64 77 88 86 65 65 61 38 9 
91 81 86 150 115 104 115 114 96 119 84 80 82 130 137 107 69 83 27 70 0 121 131 142 42 105 91 91 112 80 120 55 133 105 137 25 104 113 124 96 122 125 97 176 120 125 113 157 82 85 77 31 154 134 92 113 155 106 87 112 63 74 131 111 100 98 109 113 90 79 
66 61 98 150 92 46 76 79 95 94 37 80 78 79 88 84 52 82 105 69 121 0 80 109 86 38 126 40 38 98 69 98 92 61 87 103 83 72 89 61 113 127 87 169 111 67 62 156 81 81 102 100 133 69 84 62 167 81 86 58 115 57 87 31 43 89 92 96 31 78 
68 93 55 141 96 78 105 45 82 14 55 78 92 1 8 88 70 69 108 82 131 80 0 29 95 96 46 40 86 92 69 82 14 73 68 106 82 76 55 63 113 47 66 182 110 85 62 143 78 89 72 100 122 52 94 62 154 96 73 55 109 57 105 99 92 88 90 86 49 75 
97 122 84 133 125 106 129 74 98 43 84 94 115 30 37 117 89 85 119 72 142 109 29 0 100 110 75 69 114 63 98 111 43 102 97 117 111 105 84 92 139 18 95 193 139 105 68 159 60 118 101 123 151 81 123 91 158 125 89 59 80 86 134 128 115 117 119 115 78 63 
64 39 44 142 88 62 92 87 54 109 49 50 60 96 95 80 34 41 19 28 42 86 95 100 0 63 49 64 70 72 93 13 91 82 109 17 99 71 97 69 114 109 55 168 98 91 79 115 40 63 72 23 139 105 84 86 126 93 45 70 55 66 96 69 58 93 93 89 55 37 
88 77 60 161 123 84 54 65 89 92 71 85 67 95 104 115 86 76 82 89 105 38 96 110 63 0 96 56 76 108 85 60 96 23 88 80 59 34 75 83 129 128 49 163 87 78 60 150 101 64 74 83 109 89 117 78 161 45 72 51 118 40 91 69 5 53 71 75 65 98 
62 88 67 156 50 80 64 73 68 60 98 48 98 47 46 42 83 57 68 70 91 126 46 75 49 96 0 86 88 117 104 36 42 105 96 66 53 94 83 67 159 93 78 139 81 74 71 131 82 95 26 72 103 83 76 97 142 55 61 80 104 103 101 118 95 47 91 87 95 79 
77 77 60 110 107 81 68 75 73 54 15 63 56 39 48 99 30 60 68 47 91 40 40 69 64 56 86 0 78 117 29 77 52 33 98 66 73 44 85 82 73 87 49 173 94 45 22 134 59 59 67 60 109 90 95 22 145 59 64 31 104 17 65 71 52 67 70 74 9 56 
28 32 71 137 54 8 38 41 64 100 74 42 85 85 94 46 59 51 89 42 112 38 86 114 70 76 88 78 0 82 96 83 72 74 49 87 45 72 51 23 151 127 60 131 73 62 97 125 54 88 64 93 95 75 46 89 136 47 55 96 99 92 75 62 81 51 83 81 69 51 
105 97 116 70 119 90 87 123 85 106 102 91 61 93 100 111 87 98 57 100 80 98 92 63 72 108 117 117 82 0 127 85 106 85 120 55 64 96 133 105 76 45 125 130 92 111 113 172 112 58 91 61 114 94 122 120 163 78 102 122 17 104 124 67 113 70 128 130 108 109 
106 106 89 139 92 88 58 104 84 83 44 92 85 68 77 100 59 89 97 76 120 69 69 98 93 85 104 29 96 127 0 106 81 62 127 95 63 73 114 103 102 116 78 191 74 74 51 163 88 88 78 89 113 93 66 7 174 49 93 60 133 46 94 100 81 57 99 103 38 85 
77 52 31 155 86 75 100 89 67 96 62 63 73 83 82 78 47 54 32 41 55 98 82 111 13 60 36 77 83 85 106 0 78 69 112 30 89 58 99 82 127 96 42 175 111 104 92 128 53 76 62 36 139 118 97 99 139 91 58 83 68 74 109 82 65 83 95 99 68 50 
54 83 67 127 92 64 94 31 90 28 67 68 104 13 22 84 82 77 110 69 133 92 14 43 91 96 42 52 72 106 81 78 0 73 54 108 94 62 41 49 125 61 78 181 122 97 74 151 81 101 68 112 108 64 102 74 162 97 81 69 123 69 117 85 101 89 76 72 61 78 
65 77 38 138 100 66 61 42 66 87 48 62 89 72 81 92 63 53 82 66 105 61 73 102 82 23 105 33 74 85 62 69 73 0 65 80 66 11 52 60 106 120 49 140 94 73 43 127 78 87 81 74 116 96 94 55 138 52 49 52 102 50 98 92 28 60 48 52 42 75 
46 75 81 104 102 56 86 23 82 82 90 60 101 67 76 94 75 69 110 82 137 87 68 97 109 88 96 98 49 120 127 112 54 65 0 112 93 54 13 41 164 115 92 178 121 93 108 143 94 104 82 118 80 118 94 120 154 95 73 109 105 115 123 105 93 99 68 64 96 91 
66 56 61 125 90 79 109 89 71 94 66 67 57 105 112 82 51 58 2 45 25 103 106 117 17 80 66 66 87 55 95 30 108 80 112 0 116 88 99 71 97 100 72 151 95 108 88 132 57 60 89 6 136 122 67 88 130 110 62 87 38 49 113 86 75 110 110 106 72 54 
57 61 82 103 83 37 23 70 50 96 58 49 66 81 90 75 73 58 118 71 104 83 82 111 99 59 53 73 45 64 63 89 94 66 93 116 0 55 80 52 140 109 89 140 28 47 72 132 83 69 27 122 50 30 75 56 143 14 62 81 81 89 60 91 54 6 72 76 64 80 
54 66 27 127 109 64 50 31 77 90 59 68 100 75 84 102 74 64 90 77 113 72 76 105 71 34 94 44 72 96 73 58 62 11 54 88 55 0 41 49 117 123 38 151 83 62 54 138 89 98 70 85 105 85 83 66 149 41 60 63 113 61 87 96 39 49 37 41 53 86 
33 62 68 106 89 43 73 10 69 69 100 47 99 54 63 81 86 56 97 69 124 89 55 84 97 75 83 85 51 133 114 99 41 52 13 99 80 41 0 28 158 102 79 165 108 80 95 130 81 96 69 105 67 105 81 107 141 82 60 96 118 102 110 92 80 86 55 51 94 78 
5 39 76 114 61 15 45 18 41 77 73 19 71 62 71 53 58 28 69 41 96 61 63 92 69 83 67 82 23 105 103 82 49 60 41 71 52 49 28 0 130 110 67 137 80 69 74 102 53 68 41 77 95 82 53 96 113 54 32 83 109 99 82 69 88 58 60 58 73 50 
125 150 133 146 167 145 141 148 133 127 88 111 129 112 121 159 103 120 99 120 122 113 113 139 114 129 159 73 151 76 102 127 125 106 164 97 140 117 158 130 0 121 122 172 167 118 95 194 132 132 133 103 175 163 164 95 205 132 124 104 59 90 138 143 125 140 143 147 82 129 
115 140 102 115 143 124 126 92 116 61 102 112 106 48 55 135 107 103 102 90 125 127 47 18 109 128 93 87 127 45 116 96 61 120 115 100 109 123 102 110 121 0 113 175 137 123 86 177 78 103 94 106 159 99 141 109 176 117 107 77 62 104 152 112 133 109 137 133 96 81 
72 28 11 159 98 52 82 69 76 80 64 70 93 65 74 90 79 79 74 74 97 87 66 95 55 49 78 49 60 125 78 42 78 49 92 72 89 38 79 67 122 113 0 188 117 94 71 132 86 90 92 75 139 116 90 71 160 79 83 80 110 32 72 58 54 87 75 79 58 83 
132 160 178 200 174 139 151 155 140 196 172 118 170 183 185 166 157 127 153 140 176 169 182 193 168 163 139 173 131 130 191 175 181 140 178 151 140 151 165 137 172 175 188 0 168 161 158 201 152 167 113 157 190 170 177 184 212 142 131 167 113 190 188 190 168 134 161 157 172 149 
85 89 110 75 86 65 51 98 68 124 79 77 38 109 118 94 64 81 93 81 120 111 110 139 98 87 81 94 73 92 74 111 122 94 121 95 28 83 108 80 167 137 117 168 0 75 100 155 93 41 55 101 78 58 103 81 146 42 85 109 109 111 88 119 82 34 100 104 85 90 
74 78 89 142 92 54 24 70 58 99 42 68 83 84 93 84 57 71 110 74 125 67 85 105 91 78 74 45 62 111 74 104 97 73 93 108 47 62 80 69 118 123 94 161 75 0 67 145 86 85 48 105 97 77 92 67 156 33 75 76 128 62 61 98 73 41 25 29 36 83 
69 97 81 132 111 89 83 85 77 50 37 55 78 61 70 103 52 64 90 69 113 62 62 68 79 60 71 22 97 113 51 92 74 43 108 88 72 54 95 74 95 86 71 158 100 67 0 138 81 81 45 82 87 102 117 44 149 74 68 9 96 39 87 93 65 66 91 94 31 78 
97 104 143 216 121 117 143 120 87 157 119 83 117 142 151 113 104 74 134 87 157 156 143 159 115 150 131 134 125 172 163 128 151 127 143 132 132 138 130 102 194 177 132 201 155 145 138 0 99 114 105 138 182 138 147 156 159 134 78 147 170 151 138 134 155 126 126 122 125 96 
48 70 75 167 72 46 76 71 38 92 44 34 55 79 70 64 29 25 59 12 82 81 78 60 40 101 82 59 54 112 88 53 81 78 94 57 83 89 81 53 132 78 86 152 93 86 81 99 0 58 56 63 133 89 84 81 98 85 29 90 95 76 89 100 98 77 70 66 50 3 
63 62 92 116 61 80 88 86 27 103 44 49 3 88 97 53 29 40 58 46 85 81 89 118 63 64 95 59 88 58 88 76 101 87 104 60 69 98 96 68 132 103 90 167 41 85 81 114 58 0 71 66 82 78 87 81 105 79 44 90 75 76 73 92 69 71 92 88 50 55 
36 64 93 130 76 56 38 59 44 86 73 22 74 73 72 68 61 31 91 44 77 102 72 101 72 74 26 67 64 91 78 62 68 81 82 89 27 70 69 41 133 94 92 113 55 48 45 105 56 71 0 95 77 57 94 71 116 29 35 54 108 84 75 94 69 21 65 61 76 53 
72 62 67 131 96 85 115 95 77 88 72 73 63 99 108 88 57 64 8 51 31 100 100 123 23 83 72 60 93 61 89 36 112 74 118 6 122 85 105 77 103 106 75 157 101 105 82 138 63 66 95 0 142 128 73 82 136 116 68 91 44 43 119 92 78 116 111 112 69 60 
100 111 132 153 103 87 73 77 100 136 108 99 79 121 130 111 105 108 134 121 154 133 122 151 139 109 103 109 95 114 113 139 108 116 80 136 50 105 67 95 175 159 139 190 78 97 87 182 133 82 77 142 0 80 125 106 187 64 112 96 116 126 110 141 104 56 122 118 114 130 
87 91 105 133 85 67 53 95 51 66 88 73 81 51 60 77 94 64 124 77 134 69 52 81 105 89 83 90 75 94 93 118 64 96 118 122 30 85 105 82 163 99 116 170 58 77 102 138 89 78 57 128 80 0 93 86 149 44 68 107 111 107 90 100 84 36 79 83 94 86 
58 62 101 167 26 38 68 71 60 80 104 72 90 95 102 34 89 73 65 72 92 84 94 123 84 117 76 95 46 122 66 97 102 94 94 67 75 83 81 53 164 141 90 177 103 92 117 147 84 87 94 73 125 93 0 73 158 77 77 121 105 112 105 92 117 81 113 111 104 81 
99 99 82 132 99 81 51 97 91 76 37 85 78 61 70 107 52 82 90 69 113 62 62 91 86 78 97 22 89 120 7 99 74 55 120 88 56 66 107 96 95 109 71 184 81 67 44 156 81 81 71 82 106 86 73 0 167 42 86 53 126 39 87 93 74 50 92 96 31 78 
108 136 149 221 132 128 132 131 98 168 130 94 108 153 162 124 115 85 132 98 155 167 154 158 126 161 142 145 136 163 174 139 162 138 154 130 143 149 141 113 205 176 160 212 146 156 149 159 98 105 116 136 187 149 158 167 0 141 89 158 168 162 149 166 166 137 137 133 136 95 
59 63 68 117 85 39 9 72 52 110 44 51 80 95 101 77 59 60 112 73 106 81 96 125 93 45 55 59 47 78 49 91 97 52 95 110 14 41 82 54 132 117 79 142 42 33 74 134 85 79 29 116 64 44 77 42 141 0 64 83 95 75 46 93 40 8 58 62 50 82 
27 55 80 146 51 47 73 50 17 87 49 13 47 72 81 43 34 4 64 17 87 86 73 89 45 72 61 64 55 102 93 58 81 49 73 62 62 60 60 32 124 107 83 131 85 75 68 78 29 44 35 68 112 68 77 86 89 64 0 77 100 81 60 85 77 56 56 52 55 26 
78 106 90 141 120 98 92 94 86 41 46 64 87 56 63 112 61 73 89 78 112 58 55 59 70 51 80 31 96 122 60 83 69 52 109 87 81 63 96 83 104 77 80 167 109 76 9 147 90 90 54 91 96 107 121 53 158 83 77 0 105 48 96 89 56 75 88 92 40 87 
104 94 99 87 128 107 104 127 102 123 104 105 78 110 117 120 89 96 40 83 63 115 109 80 55 118 104 104 99 17 133 68 123 102 105 38 81 113 118 109 59 62 110 113 109 128 96 170 95 75 108 44 116 111 105 126 168 95 100 105 0 87 141 84 113 87 145 144 110 92 
94 60 43 127 124 84 84 92 90 71 32 80 73 56 65 116 47 77 51 64 74 57 57 86 66 40 103 17 92 104 46 74 69 50 115 49 89 61 102 99 90 104 32 190 111 62 39 151 76 76 84 43 126 107 112 39 162 75 81 48 87 0 82 88 35 83 87 91 26 73 
87 91 83 163 111 67 37 100 77 119 62 73 70 104 113 103 62 64 115 77 131 87 105 134 96 91 101 65 75 124 94 109 117 98 123 113 60 87 110 82 138 152 72 188 88 61 87 138 89 73 75 119 110 90 105 87 149 46 60 96 141 82 0 118 86 54 86 90 56 86 
74 30 69 137 100 54 84 82 94 113 68 72 95 98 107 92 83 81 88 88 111 31 99 128 69 69 118 71 62 67 100 82 85 92 105 86 91 96 92 69 143 112 58 190 119 98 93 134 100 92 94 92 141 100 92 93 166 93 85 89 84 88 118 0 74 97 115 111 62 97 
93 82 65 157 125 79 49 70 92 97 67 90 72 91 100 117 82 81 77 86 100 43 92 115 58 5 95 52 81 113 81 65 101 28 93 75 54 39 80 88 125 133 54 168 82 73 65 155 98 69 69 78 104 84 117 74 166 40 77 56 113 35 86 74 0 48 76 80 61 95 
57 67 76 109 78 43 17 76 44 102 52 43 72 87 93 70 67 52 112 65 98 89 88 117 93 53 47 67 51 70 57 83 89 60 99 110 6 49 86 58 140 109 87 134 34 41 66 126 77 71 21 116 56 36 81 50 137 8 56 75 87 83 54 97 48 0 66 70 58 74 
55 85 64 141 99 75 49 45 65 104 67 43 95 89 98 91 82 52 112 65 109 92 90 119 93 71 91 70 83 128 99 95 76 48 68 110 72 37 55 60 143 137 75 161 100 25 91 126 70 92 65 111 122 79 113 92 137 58 56 88 145 87 86 115 76 66 0 4 61 73 
53 81 68 137 95 73 53 41 61 100 71 39 91 85 94 87 78 48 108 61 113 96 86 115 89 75 87 74 81 130 103 99 72 52 64 106 76 41 51 58 147 133 79 157 104 29 94 122 66 88 61 112 118 83 111 96 133 62 52 92 144 91 90 111 80 70 4 0 65 69 
68 86 69 119 98 72 59 84 64 63 6 54 47 48 57 90 21 51 74 38 90 31 49 78 55 65 95 9 69 108 38 68 61 42 96 72 64 53 94 73 82 96 58 172 85 36 31 125 50 50 76 69 114 94 104 31 136 50 55 40 110 26 56 62 61 58 61 65 0 47 
45 67 72 164 69 43 73 68 35 89 41 31 52 76 67 61 26 22 56 9 79 78 75 63 37 98 79 56 51 109 85 50 78 75 91 54 80 86 78 50 129 81 83 149 90 83 78 96 3 55 53 60 130 86 81 78 95 82 26 87 92 73 86 97 95 74 73 69 47 0 
8
57
9
3
56
85
98
80
90
7
67
41
94
2
92
6
13
23
25
38
93
25
56
4
6
67
97
69
61
9
100
11
31
78
82
35
40
12
12
74
49
44
14
13
58
88
89
98
8
81
77
29
77
56
91
66
39
17
83
35
99
25
35
43
91
60
28
71
30
