90
0 86 39 89 79 57 52 47 78 7 78 68 27 101 28 50 64 90 41 84 88 24 49 31 14 74 49 69 43 62 75 57 68 53 64 56 57 71 74 69 16 55 106 41 78 33 105 31 78 9 106 62 26 42 66 69 86 12 72 37 38 74 76 65 76 53 69 84 84 24 108 59 18 29 70 82 23 6 99 15 92 62 49 73 24 60 58 74 47 16 
86 0 49 41 42 49 52 50 13 79 31 70 63 16 63 38 37 8 45 20 60 63 63 55 78 49 41 24 45 29 19 38 31 33 54 66 34 67 20 31 70 62 22 48 36 64 21 55 11 77 22 25 61 54 25 33 76 92 67 62 76 12 18 66 35 34 31 35 32 72 24 57 68 57 16 7 63 82 13 71 22 62 37 42 70 26 54 37 46 70 
39 49 0 50 41 47 14 9 47 32 39 38 31 65 14 12 25 52 21 46 50 29 21 15 29 36 10 45 28 39 37 18 47 19 26 28 36 38 36 48 23 24 68 2 39 38 67 9 40 34 68 34 27 8 28 49 54 45 39 39 29 37 50 33 57 15 30 45 45 23 70 23 23 10 38 49 16 35 62 29 54 58 16 35 38 28 50 35 8 27 
89 41 50 0 10 79 38 42 50 82 14 40 80 52 61 41 25 34 62 21 21 78 46 64 76 19 41 58 66 59 25 33 64 46 30 43 63 36 25 65 73 41 43 48 11 85 42 59 33 84 41 53 76 47 29 66 39 92 35 83 62 37 56 38 73 41 22 6 9 68 45 35 73 60 46 47 66 84 49 79 24 92 49 16 87 48 84 15 42 77 
79 42 41 10 0 73 28 32 48 72 11 31 71 55 51 32 16 37 53 24 18 69 36 55 66 10 32 55 58 55 23 24 61 39 20 34 57 28 23 62 63 31 48 39 6 76 47 50 31 75 46 48 67 37 23 63 34 82 27 74 52 35 54 29 70 32 15 9 12 58 50 25 64 51 44 45 57 74 52 70 29 86 40 6 78 42 78 6 33 68 
57 49 47 79 73 0 60 56 36 56 65 84 30 58 54 45 59 57 26 62 89 34 68 37 60 74 47 25 19 20 54 52 18 35 70 75 16 84 54 18 52 71 70 48 69 26 69 44 48 48 71 26 32 55 50 17 99 69 85 22 73 43 31 79 21 42 58 73 70 62 72 69 47 45 34 42 47 60 56 44 69 13 35 70 35 31 5 67 51 45 
52 52 14 38 28 60 0 5 53 45 31 24 45 68 24 16 17 51 35 41 36 43 11 29 39 22 13 52 42 47 35 14 55 26 12 15 46 24 34 56 36 11 66 13 30 52 65 23 41 48 64 41 41 10 27 57 40 55 25 53 26 40 57 19 65 20 23 36 37 30 68 9 37 24 44 53 30 47 65 43 49 72 25 22 52 35 64 25 10 41 
47 50 9 42 32 56 5 0 50 40 33 29 40 66 19 13 19 50 30 43 41 38 14 24 34 27 10 49 37 44 34 13 52 23 17 20 42 29 33 53 31 16 65 8 33 47 64 18 40 43 65 38 36 5 26 54 45 50 30 48 26 38 54 24 62 17 25 39 39 27 67 14 32 19 41 51 25 42 63 38 51 67 21 26 47 32 59 28 5 36 
78 13 47 50 48 36 53 50 0 73 37 73 54 24 60 37 40 21 37 31 66 54 64 48 72 54 40 11 36 17 25 39 18 28 57 68 22 71 26 18 64 64 34 47 42 54 33 49 17 69 35 16 52 53 28 20 81 86 71 50 75 14 6 69 23 33 35 44 41 69 36 59 62 51 9 6 57 76 22 63 35 49 31 48 61 19 41 43 45 62 
7 79 32 82 72 56 45 40 73 0 71 61 26 95 21 43 57 83 36 77 81 22 42 26 8 67 42 65 40 58 68 50 65 46 57 49 54 64 67 66 9 48 99 34 71 32 98 24 71 8 99 57 24 35 59 66 79 14 65 36 33 67 72 58 73 46 62 77 77 18 101 52 12 22 64 76 16 4 92 12 85 61 42 66 23 54 57 67 40 11 
78 31 39 14 11 65 31 33 37 71 0 41 67 44 52 28 14 26 49 13 29 65 42 51 67 20 29 45 53 46 12 21 51 33 27 41 49 38 12 52 62 38 38 37 5 72 37 47 20 72 36 39 63 38 15 53 45 83 38 70 57 24 43 38 60 28 9 8 6 60 40 32 61 49 33 34 55 74 41 67 20 78 36 13 74 34 70 8 31 65 
68 70 38 40 31 84 24 29 73 61 41 0 69 85 42 40 33 67 59 54 24 66 20 53 54 21 37 75 66 71 51 35 78 50 16 12 70 4 50 79 53 15 78 37 36 76 77 46 59 65 77 64 65 32 45 80 18 68 5 77 31 59 78 5 88 43 39 40 43 44 80 15 56 46 65 72 49 62 82 62 60 96 49 28 74 58 88 33 34 60 
27 63 31 80 71 30 45 40 54 26 67 69 0 77 29 39 55 68 18 69 81 4 49 16 30 66 39 44 18 37 59 47 43 34 57 57 32 69 59 43 22 54 84 33 69 7 83 23 57 18 84 38 4 37 52 43 85 39 70 10 49 52 51 64 50 39 58 75 73 34 86 54 17 24 47 58 21 30 75 14 77 35 31 65 7 37 31 65 38 15 
101 16 65 52 55 58 68 66 24 95 44 85 77 0 79 54 52 18 60 31 71 77 79 70 94 64 57 34 59 41 34 54 40 49 69 81 46 82 35 40 86 78 14 64 49 78 14 71 27 92 16 39 75 70 41 42 89 108 82 74 92 28 27 81 42 50 46 46 43 88 15 72 84 73 31 19 79 98 3 86 28 71 53 57 84 41 63 52 62 85 
28 63 14 61 51 54 24 19 60 21 52 42 29 79 0 26 38 66 29 60 60 25 22 17 15 46 24 57 35 50 51 31 58 33 36 30 47 43 50 59 12 27 82 16 52 36 81 11 54 24 82 46 26 14 42 60 59 31 44 39 20 51 63 37 68 29 43 58 58 9 84 31 14 9 51 63 8 23 76 20 68 63 29 45 33 41 56 47 21 18 
50 38 12 41 32 45 16 13 37 43 28 40 39 54 26 0 16 40 22 34 45 37 27 23 41 30 3 36 28 32 25 8 39 11 25 31 31 39 24 40 34 27 56 11 30 44 55 20 28 44 56 25 35 16 16 41 54 56 40 43 38 26 41 35 49 4 19 36 34 35 58 25 34 21 28 38 27 46 51 39 42 57 10 26 46 19 49 26 8 37 
64 37 25 25 16 59 17 19 40 57 14 33 55 52 38 16 0 34 38 24 31 53 28 39 53 16 16 44 43 42 18 8 49 24 17 29 43 31 17 50 48 26 49 24 14 60 48 34 26 59 47 35 51 24 12 51 43 69 31 59 43 26 46 29 59 17 6 20 20 46 51 20 48 35 33 39 41 60 49 54 32 72 25 11 62 29 64 10 18 52 
90 8 52 34 37 57 51 50 21 83 26 67 68 18 66 40 34 0 50 13 53 68 62 59 81 46 43 32 52 37 16 37 39 37 51 63 42 64 17 39 74 60 16 51 31 71 15 59 12 81 16 32 66 55 25 41 71 96 64 69 76 16 26 63 43 37 28 28 25 75 18 54 72 61 23 15 67 86 15 75 14 70 41 39 75 31 62 34 47 74 
41 45 21 62 53 26 35 30 37 36 49 59 18 60 29 22 38 50 0 51 67 18 42 12 37 52 24 29 7 22 41 30 29 16 47 49 18 59 41 30 29 45 66 22 51 23 65 18 39 32 66 21 16 29 34 31 75 50 60 21 48 34 36 54 39 21 40 57 55 38 68 44 25 20 29 41 23 40 58 26 59 37 13 48 25 19 29 47 26 25 
84 20 46 21 24 62 41 43 31 77 13 54 69 31 60 34 24 13 51 0 40 68 52 56 75 33 36 39 55 42 10 30 46 35 40 53 47 51 10 46 68 50 25 45 18 74 24 54 14 78 23 37 66 48 18 48 58 90 51 72 67 19 37 51 54 32 18 15 12 69 27 44 68 55 28 26 61 80 28 72 8 75 39 26 76 34 67 21 40 71 
88 60 50 21 18 89 36 41 66 81 29 24 81 71 60 45 31 53 67 40 0 79 39 65 74 15 44 73 73 72 41 37 79 54 24 33 74 20 41 80 72 33 64 49 24 88 63 59 49 84 62 65 77 46 41 81 18 88 19 88 53 53 72 25 88 47 33 25 28 64 66 29 73 60 62 63 66 82 68 79 45 102 55 20 88 59 94 24 43 77 
24 63 29 78 69 34 43 38 54 22 65 66 4 77 25 37 53 68 18 68 79 0 46 14 26 64 37 45 19 38 58 45 44 33 55 54 33 67 58 45 18 51 84 31 67 11 83 20 57 15 84 38 2 34 50 45 83 36 68 14 45 52 52 61 52 37 56 73 71 30 86 52 13 20 47 58 17 26 75 10 76 39 29 63 9 37 35 63 36 11 
49 63 21 46 36 68 11 14 64 42 42 20 49 79 22 27 28 62 42 52 39 46 0 33 35 27 24 63 49 58 46 25 66 37 16 8 56 22 45 67 33 6 77 20 39 56 76 26 52 45 75 52 45 13 38 68 38 49 23 57 16 51 68 16 76 31 34 45 46 25 79 11 36 26 55 64 29 43 76 42 60 79 35 31 54 46 71 34 19 40 
31 55 15 64 55 37 29 24 48 26 51 53 16 70 17 23 39 59 12 56 65 14 33 0 25 50 23 41 18 34 47 31 41 22 41 41 30 53 46 42 17 38 75 17 53 23 74 7 47 22 75 32 12 21 38 43 69 39 54 24 36 43 48 48 51 24 42 59 57 26 77 38 14 8 39 51 11 29 68 17 64 46 18 49 23 29 39 49 22 15 
14 78 29 76 66 60 39 34 72 8 67 54 30 94 15 41 53 81 37 75 74 26 35 25 0 61 39 66 42 59 66 46 66 45 50 42 55 57 65 67 8 41 97 31 67 36 96 23 69 15 97 57 28 29 57 68 72 16 58 40 25 66 73 51 75 44 58 73 73 10 99 45 13 21 63 75 15 8 91 16 83 65 41 60 29 53 61 62 36 15 
74 49 36 19 10 74 22 27 54 67 20 21 66 64 46 30 16 46 52 33 15 64 27 50 61 0 29 59 58 58 30 22 65 39 11 24 59 18 29 66 58 22 57 34 15 73 56 45 38 70 56 51 62 32 27 67 27 76 18 73 43 40 60 19 74 32 19 19 22 51 59 16 59 46 48 52 52 69 61 65 39 87 40 7 73 45 79 12 28 63 
49 41 10 41 32 47 13 10 40 42 29 37 39 57 24 3 16 43 24 36 44 37 24 23 39 29 0 39 30 34 27 8 42 13 23 28 33 37 26 43 33 24 58 9 30 45 57 18 31 43 58 28 35 13 18 44 52 55 38 44 35 29 44 32 52 7 20 36 35 33 60 22 32 20 31 41 26 45 54 38 44 59 12 26 46 22 51 26 5 36 
69 24 45 58 55 25 52 49 11 65 45 75 44 34 57 36 44 32 29 39 73 45 63 41 66 59 39 0 26 7 33 40 7 26 59 67 12 73 33 7 58 63 45 45 50 44 44 46 25 60 46 11 43 52 32 9 86 79 74 40 74 21 7 70 15 32 40 52 49 66 47 60 54 48 12 17 52 69 32 55 45 38 29 53 51 17 30 49 44 54 
43 45 28 66 58 19 42 37 36 40 53 66 18 59 35 28 43 52 7 55 73 19 49 18 42 58 30 26 0 19 45 36 25 20 53 56 14 66 45 26 34 52 67 29 55 19 66 25 41 34 67 20 17 36 38 26 82 54 67 17 54 36 33 61 33 26 44 61 59 44 69 51 29 26 29 40 29 44 57 29 62 30 18 54 25 21 22 52 33 29 
62 29 39 59 55 20 47 44 17 58 46 71 37 41 50 32 42 37 22 42 72 38 58 34 59 58 34 7 19 0 34 37 8 21 56 62 5 70 35 9 51 58 51 39 51 37 50 39 28 53 51 7 36 46 32 10 85 72 71 33 68 23 14 66 18 28 40 53 50 59 53 56 47 41 14 23 45 62 39 48 49 33 23 52 44 13 25 49 39 47 
75 19 37 25 23 54 35 34 25 68 12 51 59 34 51 25 18 16 41 10 41 58 46 47 66 30 27 33 45 34 0 21 39 25 35 47 38 48 1 40 59 44 32 36 17 64 31 45 8 69 31 28 56 39 9 41 57 81 48 62 60 12 31 47 48 23 12 19 16 60 34 38 59 46 21 22 52 71 31 63 18 67 29 23 66 24 59 18 31 62 
57 38 18 33 24 52 14 13 39 50 21 35 47 54 31 8 8 37 30 30 37 45 25 31 46 22 8 40 36 37 21 0 44 17 19 29 37 33 20 45 41 25 52 16 22 52 51 26 27 51 52 30 43 18 13 46 48 62 34 51 39 26 43 30 54 10 12 28 27 40 54 20 40 28 30 39 34 53 51 46 38 65 18 18 54 24 57 18 10 44 
68 31 47 64 61 18 55 52 18 65 51 78 43 40 58 39 49 39 29 46 79 44 66 41 66 65 42 7 25 8 39 44 0 29 63 70 11 77 39 1 58 66 52 47 56 41 51 47 32 59 53 14 42 54 38 2 92 79 78 37 76 27 13 73 10 35 46 58 55 67 54 63 54 49 18 24 52 69 38 54 52 31 31 59 49 20 23 55 47 54 
53 33 19 46 39 35 26 23 28 46 33 50 34 49 33 11 24 37 16 35 54 33 37 22 45 39 13 26 20 21 25 17 29 0 35 41 20 49 25 30 37 37 53 19 35 39 52 22 25 44 53 15 31 26 18 31 64 59 50 37 48 21 31 45 39 7 24 41 39 42 55 35 35 24 19 30 30 49 46 38 43 48 4 35 41 9 40 33 18 37 
64 54 26 30 20 70 12 17 57 57 27 16 57 69 36 25 17 51 47 40 24 55 16 41 50 11 23 59 53 56 35 19 63 35 0 14 55 14 34 64 48 11 65 25 23 64 64 35 43 60 63 49 53 22 29 65 29 65 15 65 32 43 62 12 73 28 23 29 30 40 67 5 49 36 49 56 42 58 66 55 47 82 35 15 64 43 74 19 21 53 
56 66 28 43 34 75 15 20 68 49 41 12 57 81 30 31 29 63 49 53 33 54 8 41 42 24 28 67 56 62 47 29 70 41 14 0 61 15 46 71 41 4 78 27 37 64 77 34 55 53 76 56 53 20 41 72 30 56 16 65 20 55 72 9 80 35 35 43 44 32 80 9 44 34 59 68 37 50 78 50 61 86 40 29 62 50 78 33 25 48 
57 34 36 63 57 16 46 42 22 54 49 70 32 46 47 31 43 42 18 47 74 33 56 30 55 59 33 12 14 5 38 37 11 20 55 61 0 69 38 12 47 57 56 37 53 32 55 36 33 48 56 10 31 44 34 13 84 68 70 28 65 28 19 65 21 27 42 57 54 56 58 55 43 38 19 28 41 58 44 43 54 29 21 54 39 15 21 51 37 43 
71 67 38 36 28 84 24 29 71 64 38 4 69 82 43 39 31 64 59 51 20 67 22 53 57 18 37 73 66 70 48 33 77 49 14 15 69 0 47 78 55 16 75 37 33 76 74 47 56 67 74 63 65 33 43 79 16 71 1 77 34 57 76 6 87 42 36 37 40 47 77 15 57 47 63 70 51 65 79 63 57 96 49 25 76 57 88 30 34 61 
74 20 36 25 23 54 34 33 26 67 12 50 59 35 50 24 17 17 41 10 41 58 45 46 65 29 26 33 45 35 1 20 39 25 34 46 38 47 0 40 58 43 32 35 17 64 31 44 9 68 32 28 56 38 8 41 56 80 47 62 59 12 32 46 48 22 11 19 16 59 34 37 58 45 21 23 51 70 32 62 18 67 29 22 66 24 59 18 30 61 
69 31 48 65 62 18 56 53 18 66 52 79 43 40 59 40 50 39 30 46 80 45 67 42 67 66 43 7 26 9 40 45 1 30 64 71 12 78 40 0 59 67 52 48 57 42 51 48 32 60 53 15 43 55 39 2 93 80 79 38 77 28 13 74 9 36 47 59 56 68 54 64 55 50 19 24 53 70 38 55 52 31 32 60 50 21 23 56 48 55 
16 70 23 73 63 52 36 31 64 9 62 53 22 86 12 34 48 74 29 68 72 18 33 17 8 58 33 58 34 51 59 41 58 37 48 41 47 55 58 59 0 39 90 25 62 29 89 15 62 12 90 49 20 26 50 60 71 22 56 32 27 58 65 49 67 37 53 68 68 12 92 43 5 13 55 67 7 12 83 10 76 57 33 57 23 45 53 58 31 8 
55 62 24 41 31 71 11 16 64 48 38 15 54 78 27 27 26 60 45 50 33 51 6 38 41 22 24 63 52 58 44 25 66 37 11 4 57 16 43 67 39 0 75 23 34 61 74 31 51 51 73 52 50 17 37 68 32 55 17 62 21 51 68 10 76 31 32 40 41 31 77 6 41 31 55 64 35 49 75 47 58 82 36 26 60 46 74 30 21 45 
106 22 68 43 48 70 66 65 34 99 38 78 84 14 82 56 49 16 66 25 64 84 77 75 97 57 58 45 67 51 32 52 52 53 65 78 56 75 32 52 90 75 0 67 42 86 1 75 28 97 2 47 82 70 40 54 82 112 75 84 91 32 39 75 55 53 43 39 36 91 2 69 88 77 38 28 83 102 14 91 19 83 57 50 91 47 75 46 62 90 
41 48 2 48 39 48 13 8 47 34 37 37 33 64 16 11 24 51 22 45 49 31 20 17 31 34 9 45 29 39 36 16 47 19 25 27 37 37 35 48 25 23 67 0 38 40 66 11 39 36 67 34 29 7 27 49 53 47 38 41 29 36 50 32 57 14 28 44 43 25 69 22 25 12 38 48 18 37 61 31 53 59 16 33 40 28 51 33 6 29 
78 36 39 11 6 69 30 33 42 71 5 36 69 49 52 30 14 31 51 18 24 67 39 53 67 15 30 50 55 51 17 22 56 35 23 37 53 33 17 57 62 34 42 38 0 74 41 48 25 73 41 44 65 38 19 58 40 83 33 72 55 29 48 33 65 30 11 6 7 60 44 28 62 49 38 39 55 74 46 68 24 82 38 8 76 38 74 5 32 66 
33 64 38 85 76 26 52 47 54 32 72 76 7 78 36 44 60 71 23 74 88 11 56 23 36 73 45 44 19 37 64 52 41 39 64 64 32 76 64 42 29 61 86 40 74 0 85 30 60 24 86 39 11 44 57 41 92 45 77 4 56 55 51 71 47 44 63 80 78 41 88 61 24 31 48 59 28 36 76 20 81 29 36 70 9 40 25 70 45 22 
105 21 67 42 47 69 65 64 33 98 37 77 83 14 81 55 48 15 65 24 63 83 76 74 96 56 57 44 66 50 31 51 51 52 64 77 55 74 31 51 89 74 1 66 41 85 0 74 27 96 2 46 81 69 39 53 81 111 74 83 90 31 38 74 54 52 42 38 35 90 3 68 87 76 37 27 82 101 13 90 18 82 56 49 90 46 74 45 61 89 
31 55 9 59 50 44 23 18 49 24 47 46 23 71 11 20 34 59 18 54 59 20 26 7 23 45 18 46 25 39 45 26 47 22 35 34 36 47 44 48 15 31 75 11 48 30 74 0 47 25 75 35 19 14 36 49 63 37 48 31 30 43 52 41 57 22 38 54 53 20 77 32 14 2 40 52 8 27 68 20 62 53 18 44 29 30 46 44 17 18 
78 11 40 33 31 48 41 40 17 71 20 59 57 27 54 28 26 12 39 14 49 57 52 47 69 38 31 25 41 28 8 27 32 25 43 55 33 56 9 32 62 51 28 39 25 60 27 47 0 69 28 23 55 44 14 34 65 84 56 58 66 5 23 55 40 25 20 27 24 63 30 46 60 49 14 14 55 74 24 63 21 61 29 31 64 20 53 26 36 62 
9 77 34 84 75 48 48 43 69 8 72 65 18 92 24 44 59 81 32 78 84 15 45 22 15 70 43 60 34 53 69 51 59 44 60 53 48 67 68 60 12 51 97 36 73 24 96 25 69 0 97 53 17 38 60 60 83 21 68 28 39 65 67 61 67 46 63 79 78 24 99 55 11 24 61 73 18 12 90 6 86 53 40 69 15 51 49 69 42 7 
106 22 68 41 46 71 64 65 35 99 36 77 84 16 82 56 47 16 66 23 62 84 75 75 97 56 58 46 67 51 31 52 53 53 63 76 56 74 32 53 90 73 2 67 41 86 2 75 28 97 0 47 82 70 40 55 80 112 73 84 90 32 40 74 56 53 41 37 34 91 4 67 88 77 38 29 83 102 15 91 17 84 57 49 91 47 76 44 62 90 
62 25 34 53 48 26 41 38 16 57 39 64 38 39 46 25 35 32 21 37 65 38 52 32 57 51 28 11 20 7 28 30 14 15 49 56 10 63 28 15 49 52 47 34 44 39 46 35 23 53 47 0 36 41 25 16 78 71 64 37 63 18 17 59 24 21 33 47 44 55 49 49 46 37 9 20 42 61 37 47 44 39 18 45 45 6 31 42 33 46 
26 61 27 76 67 32 41 36 52 24 63 65 4 75 26 35 51 66 16 66 77 2 45 12 28 62 35 43 17 36 56 43 42 31 53 53 31 65 56 43 20 50 82 29 65 11 81 19 55 17 82 36 0 33 48 43 81 38 66 13 46 50 50 60 50 35 54 71 69 32 84 50 15 20 45 56 18 28 73 12 74 38 27 61 11 35 33 61 34 13 
42 54 8 47 37 55 10 5 53 35 38 32 37 70 14 16 24 55 29 48 46 34 13 21 29 32 13 52 36 46 39 18 54 26 22 20 44 33 38 55 26 17 70 7 38 44 69 14 44 38 70 41 33 0 30 56 49 45 34 45 22 42 57 27 64 20 30 44 44 22 72 18 27 14 44 54 20 37 67 33 56 66 23 31 43 35 58 33 8 31 
66 25 28 29 23 50 27 26 28 59 15 45 52 41 42 16 12 25 34 18 41 50 38 38 57 27 18 32 38 32 9 13 38 18 29 41 34 43 8 39 50 37 40 27 19 57 39 36 14 60 40 25 48 30 0 40 54 72 43 55 52 14 34 41 47 14 8 23 21 51 42 32 50 37 21 27 43 62 38 54 26 63 21 21 59 19 55 17 22 53 
69 33 49 66 63 17 57 54 20 66 53 80 43 42 60 41 51 41 31 48 81 45 68 43 68 67 44 9 26 10 41 46 2 31 65 72 13 79 41 2 60 68 54 49 58 41 53 49 34 60 55 16 43 56 40 0 94 80 80 37 78 29 15 75 8 37 48 60 57 69 56 65 55 51 20 26 54 70 40 55 54 29 33 61 50 22 21 57 49 55 
86 76 54 39 34 99 40 45 81 79 45 18 85 89 59 54 43 71 75 58 18 83 38 69 72 27 52 86 82 85 57 48 92 64 29 30 84 16 56 93 71 32 82 53 40 92 81 63 65 83 80 78 81 49 54 94 0 86 15 93 49 67 87 22 101 57 46 43 46 62 84 31 73 63 75 79 67 80 86 79 63 111 64 34 92 72 103 39 50 77 
12 92 45 92 82 69 55 50 86 14 83 68 39 108 31 56 69 96 50 90 88 36 49 39 16 76 55 79 54 72 81 62 79 59 65 56 68 71 80 80 22 55 112 47 83 45 111 37 84 21 112 71 38 45 72 80 86 0 72 49 37 80 86 65 87 59 74 89 89 25 114 60 25 35 77 89 29 10 105 26 98 74 55 76 36 67 70 78 52 25 
72 67 39 35 27 85 25 30 71 65 38 5 70 82 44 40 31 64 60 51 19 68 23 54 58 18 38 74 67 71 48 34 78 50 15 16 70 1 47 79 56 17 75 38 33 77 74 48 56 68 73 64 66 34 43 80 15 72 0 78 35 57 77 7 88 43 36 36 39 48 77 16 58 48 64 70 52 66 79 64 56 97 50 25 77 58 89 30 35 62 
37 62 39 83 74 22 53 48 50 36 70 77 10 74 39 43 59 69 21 72 88 14 57 24 40 73 44 40 17 33 62 51 37 37 65 65 28 77 62 38 32 62 84 41 72 4 83 31 58 28 84 37 13 45 55 37 93 49 78 0 59 53 47 72 43 42 61 78 76 44 86 62 27 32 46 56 31 40 72 24 79 25 34 69 13 38 21 68 46 25 
38 76 29 62 52 73 26 26 75 33 57 31 49 92 20 38 43 76 48 67 53 45 16 36 25 43 35 74 54 68 60 39 76 48 32 20 65 34 59 77 27 21 91 29 55 56 90 30 66 39 90 63 46 22 52 78 49 37 35 59 0 64 79 28 86 42 49 61 62 15 93 27 32 28 66 76 28 32 89 37 75 82 45 47 50 57 75 50 30 35 
74 12 37 37 35 43 40 38 14 67 24 59 52 28 51 26 26 16 34 19 53 52 51 43 66 40 29 21 36 23 12 26 27 21 43 55 28 57 12 28 58 51 32 36 29 55 31 43 5 65 32 18 50 42 14 29 67 80 57 53 64 0 20 55 36 22 21 31 28 60 34 46 56 45 9 13 51 70 25 59 26 56 25 34 59 15 48 30 34 58 
76 18 50 56 54 31 57 54 6 72 43 78 51 27 63 41 46 26 36 37 72 52 68 48 73 60 44 7 33 14 31 43 13 31 62 72 19 76 32 13 65 68 39 50 48 51 38 52 23 67 40 17 50 57 34 15 87 86 77 47 79 20 0 73 17 37 41 50 47 72 41 63 61 54 13 11 59 76 25 62 40 44 34 54 58 22 36 49 49 61 
65 66 33 38 29 79 19 24 69 58 38 5 64 81 37 35 29 63 54 51 25 61 16 48 51 19 32 70 61 66 47 30 73 45 12 9 65 6 46 74 49 10 75 32 33 71 74 41 55 61 74 59 60 27 41 75 22 65 7 72 28 55 73 0 83 38 35 38 40 41 77 10 51 41 60 68 45 59 78 57 57 91 44 25 70 53 83 30 29 55 
76 35 57 73 70 21 65 62 23 73 60 88 50 42 68 49 59 43 39 54 88 52 76 51 75 74 52 15 33 18 48 54 10 39 73 80 21 87 48 9 67 76 55 57 65 47 54 57 40 67 56 24 50 64 47 8 101 87 88 43 86 36 17 83 0 45 55 67 64 77 57 73 62 59 27 28 62 77 41 62 57 29 41 68 56 30 24 64 57 62 
53 34 15 41 32 42 20 17 33 46 28 43 39 50 29 4 17 37 21 32 47 37 31 24 44 32 7 32 26 28 23 10 35 7 28 35 27 42 22 36 37 31 53 14 30 44 52 22 25 46 53 21 35 20 14 37 57 59 43 42 42 22 37 38 45 0 19 36 34 38 55 28 36 24 24 34 30 49 47 40 40 55 8 28 46 15 47 26 12 39 
69 31 30 22 15 58 23 25 35 62 9 39 58 46 43 19 6 28 40 18 33 56 34 42 58 19 20 40 44 40 12 12 46 24 23 35 42 36 11 47 53 32 43 28 11 63 42 38 20 63 41 33 54 30 8 48 46 74 36 61 49 21 41 35 55 19 0 17 15 52 45 26 52 40 29 34 46 65 43 58 26 71 27 13 65 27 63 9 22 56 
84 35 45 6 9 73 36 39 44 77 8 40 75 46 58 36 20 28 57 15 25 73 45 59 73 19 36 52 61 53 19 28 58 41 29 43 57 37 19 59 68 40 39 44 6 80 38 54 27 79 37 47 71 44 23 60 43 89 36 78 61 31 50 38 67 36 17 0 3 66 41 34 68 55 40 41 61 80 43 74 20 86 44 14 82 42 78 11 38 72 
84 32 45 9 12 70 37 39 41 77 6 43 73 43 58 34 20 25 55 12 28 71 46 57 73 22 35 49 59 50 16 27 55 39 30 44 54 40 16 56 68 41 36 43 7 78 35 53 24 78 34 44 69 44 21 57 46 89 39 76 62 28 47 40 64 34 15 3 0 66 38 35 67 55 37 38 61 80 40 73 17 83 42 15 80 39 75 12 37 71 
24 72 23 68 58 62 30 27 69 18 60 44 34 88 9 35 46 75 38 69 64 30 25 26 10 51 33 66 44 59 60 40 67 42 40 32 56 47 59 68 12 31 91 25 60 41 90 20 63 24 91 55 32 22 51 69 62 25 48 44 15 60 72 41 77 38 52 66 66 0 93 35 17 18 60 72 15 18 85 22 77 69 38 52 35 50 64 55 30 20 
108 24 70 45 50 72 68 67 36 101 40 80 86 15 84 58 51 18 68 27 66 86 79 77 99 59 60 47 69 53 34 54 54 55 67 80 58 77 34 54 92 77 2 69 44 88 3 77 30 99 4 49 84 72 42 56 84 114 77 86 93 34 41 77 57 55 45 41 38 93 0 71 90 79 40 30 85 104 16 93 21 85 59 52 93 49 77 48 64 92 
59 57 23 35 25 69 9 14 59 52 32 15 54 72 31 25 20 54 44 44 29 52 11 38 45 16 22 60 51 56 38 20 63 35 5 9 55 15 37 64 43 6 69 22 28 61 68 32 46 55 67 49 50 18 32 65 31 60 16 62 27 46 63 10 73 28 26 34 35 35 71 0 44 32 50 59 37 53 69 50 52 81 34 20 61 43 73 24 19 48 
18 68 23 73 64 47 37 32 62 12 61 56 17 84 14 34 48 72 25 68 73 13 36 14 13 59 32 54 29 47 59 40 54 35 49 44 43 57 58 55 5 41 88 25 62 24 87 14 60 11 88 46 15 27 50 55 73 25 58 27 32 56 61 51 62 36 52 68 67 17 90 44 0 13 53 65 7 15 81 6 76 52 31 58 19 43 48 58 31 4 
29 57 10 60 51 45 24 19 51 22 49 46 24 73 9 21 35 61 20 55 60 20 26 8 21 46 20 48 26 41 46 28 49 24 36 34 38 47 45 50 13 31 77 12 49 31 76 2 49 24 77 37 20 14 37 51 63 35 48 32 28 45 54 41 59 24 40 55 55 18 79 32 13 0 42 54 6 25 70 19 63 54 20 45 29 32 47 45 18 17 
70 16 38 46 44 34 44 41 9 64 33 65 47 31 51 28 33 23 29 28 62 47 55 39 63 48 31 12 29 14 21 30 18 19 49 59 19 63 21 19 55 55 38 38 38 48 37 40 14 61 38 9 45 44 21 20 75 77 64 46 66 9 13 60 27 24 29 40 37 60 40 50 53 42 0 12 48 67 29 55 35 47 22 42 54 10 39 38 36 54 
82 7 49 47 45 42 53 51 6 76 34 72 58 19 63 38 39 15 41 26 63 58 64 51 75 52 41 17 40 23 22 39 24 30 56 68 28 70 23 24 67 64 28 48 39 59 27 52 14 73 29 20 56 54 27 26 79 89 70 56 76 13 11 68 28 34 34 41 38 72 30 59 65 54 12 0 60 79 17 67 29 55 34 45 65 22 47 40 46 66 
23 63 16 66 57 47 30 25 57 16 55 49 21 79 8 27 41 67 23 61 66 17 29 11 15 52 26 52 29 45 52 34 52 30 42 37 41 51 51 53 7 35 83 18 55 28 82 8 55 18 83 42 18 20 43 54 67 29 52 31 28 51 59 45 62 30 46 61 61 15 85 37 7 6 48 60 0 19 76 13 69 55 26 51 25 38 49 51 24 11 
6 82 35 84 74 60 47 42 76 4 74 62 30 98 23 46 60 86 40 80 82 26 43 29 8 69 45 69 44 62 71 53 69 49 58 50 58 65 70 70 12 49 102 37 74 36 101 27 74 12 102 61 28 37 62 70 80 10 66 40 32 70 76 59 77 49 65 80 80 18 104 53 15 25 67 79 19 0 95 16 88 65 45 68 27 57 61 70 43 15 
99 13 62 49 52 56 65 63 22 92 41 82 75 3 76 51 49 15 58 28 68 75 76 68 91 61 54 32 57 39 31 51 38 46 66 78 44 79 32 38 83 75 14 61 46 76 13 68 24 90 15 37 73 67 38 40 86 105 79 72 89 25 25 78 41 47 43 43 40 85 16 69 81 70 29 17 76 95 0 84 26 69 50 54 82 39 61 49 59 83 
15 71 29 79 70 44 43 38 63 12 67 62 14 86 20 39 54 75 26 72 79 10 42 17 16 65 38 55 29 48 63 46 54 38 55 50 43 63 62 55 10 47 91 31 68 20 90 20 63 6 91 47 12 33 54 55 79 26 64 24 37 59 62 57 62 40 58 74 73 22 93 50 6 19 55 67 13 16 84 0 80 49 34 64 13 45 45 64 37 2 
92 22 54 24 29 69 49 51 35 85 20 60 77 28 68 42 32 14 59 8 45 76 60 64 83 39 44 45 62 49 18 38 52 43 47 61 54 57 18 52 76 58 19 53 24 81 18 62 21 86 17 44 74 56 26 54 63 98 56 79 75 26 40 57 57 40 26 20 17 77 21 52 76 63 35 29 69 88 26 80 0 82 47 32 84 41 74 28 48 79 
62 62 58 92 86 13 72 67 49 61 78 96 35 71 63 57 72 70 37 75 102 39 79 46 65 87 59 38 30 33 67 65 31 48 82 86 29 96 67 31 57 82 83 59 82 29 82 53 61 53 84 39 38 66 63 29 111 74 97 25 82 56 44 91 29 55 71 86 83 69 85 81 52 54 47 55 55 65 69 49 82 0 47 83 38 44 8 80 63 50 
49 37 16 49 40 35 25 21 31 42 36 49 31 53 29 10 25 41 13 39 55 29 35 18 41 40 12 29 18 23 29 18 31 4 35 40 21 49 29 32 33 36 57 16 38 36 56 18 29 40 57 18 27 23 21 33 64 55 50 34 45 25 34 44 41 8 27 44 42 38 59 34 31 20 22 34 26 45 50 34 47 47 0 36 38 12 39 34 16 33 
73 42 35 16 6 70 22 26 48 66 13 28 65 57 45 26 11 39 48 26 20 63 31 49 60 7 26 53 54 52 23 18 59 35 15 29 54 25 22 60 57 26 50 33 8 70 49 44 31 69 49 45 61 31 21 61 34 76 25 69 47 34 54 25 68 28 13 14 15 52 52 20 58 45 42 45 51 68 54 64 32 83 36 0 72 39 75 5 27 62 
24 70 38 87 78 35 52 47 61 23 74 74 7 84 33 46 62 75 25 76 88 9 54 23 29 73 46 51 25 44 66 54 49 41 64 62 39 76 66 50 23 60 91 40 76 9 90 29 64 15 91 45 11 43 59 50 92 36 77 13 50 59 58 70 56 46 65 82 80 35 93 61 19 29 54 65 25 27 82 13 84 38 38 72 0 44 34 72 45 15 
60 26 28 48 42 31 35 32 19 54 34 58 37 41 41 19 29 31 19 34 59 37 46 29 53 45 22 17 21 13 24 24 20 9 43 50 15 57 24 21 45 46 47 28 38 40 46 30 20 51 47 6 35 35 19 22 72 67 58 38 57 15 22 53 30 15 27 42 39 50 49 43 43 32 10 22 38 57 39 45 41 44 12 39 44 0 36 36 27 44 
58 54 50 84 78 5 64 59 41 57 70 88 31 63 56 49 64 62 29 67 94 35 71 39 61 79 51 30 22 25 59 57 23 40 74 78 21 88 59 23 53 74 75 51 74 25 74 46 53 49 76 31 33 58 55 21 103 70 89 21 75 48 36 83 24 47 63 78 75 64 77 73 48 47 39 47 49 61 61 45 74 8 39 75 34 36 0 72 55 46 
74 37 35 15 6 67 25 28 43 67 8 33 65 52 47 26 10 34 47 21 24 63 34 49 62 12 26 49 52 49 18 18 55 33 19 33 51 30 18 56 58 30 46 33 5 70 45 44 26 69 44 42 61 33 17 57 39 78 30 68 50 30 49 30 64 26 9 11 12 55 48 24 58 45 38 40 51 70 49 64 28 80 34 5 72 36 72 0 27 62 
47 46 8 42 33 51 10 5 45 40 31 34 38 62 21 8 18 47 26 40 43 36 19 22 36 28 5 44 33 39 31 10 47 18 21 25 37 34 30 48 31 21 62 6 32 45 61 17 36 42 62 33 34 8 22 49 50 52 35 46 30 34 49 29 57 12 22 38 37 30 64 19 31 18 36 46 24 43 59 37 48 63 16 27 45 27 55 27 0 35 
16 70 27 77 68 45 41 36 62 11 65 60 15 85 18 37 52 74 25 71 77 11 40 15 15 63 36 54 29 47 62 44 54 37 53 48 43 61 61 55 8 45 90 29 66 22 89 18 62 7 90 46 13 31 53 55 77 25 62 25 35 58 61 55 62 39 56 72 71 20 92 48 4 17 54 66 11 15 83 2 79 50 33 62 15 44 46 62 35 0 
6
15
52
4
50
90
20
43
41
4
26
61
100
68
48
68
28
15
5
17
12
41
56
33
62
48
99
73
34
66
56
100
61
14
76
98
4
81
12
13
30
64
81
16
38
100
91
33
43
25
30
12
37
98
35
40
37
52
53
48
27
42
86
24
45
45
28
50
82
70
96
28
1
26
79
70
39
32
70
50
74
63
21
78
58
60
70
53
71
