70
0 91 84 97 70 58 123 88 73 146 79 107 97 67 94 110 71 112 58 83 84 81 92 86 86 32 135 108 95 131 80 46 94 60 97 59 131 26 42 121 48 78 88 82 114 62 78 89 130 147 89 31 72 35 86 83 106 101 78 123 76 79 53 124 123 65 96 83 126 130 
91 0 69 102 42 52 73 47 80 116 50 50 89 46 89 75 52 74 97 69 102 40 71 29 45 71 103 86 74 107 70 54 91 52 65 57 44 65 76 89 56 112 67 21 106 48 58 70 100 60 2 69 43 73 71 90 15 91 37 99 15 47 60 33 68 45 73 51 76 74 
84 69 0 113 92 77 112 67 104 62 90 86 106 94 126 95 63 81 90 94 53 60 103 65 65 64 145 129 85 104 43 38 102 82 106 47 113 58 64 105 36 100 79 90 89 73 89 81 46 129 71 53 83 57 2 75 54 22 57 134 84 90 85 72 86 76 68 93 115 110 
97 102 113 0 114 102 154 132 127 83 119 137 125 115 104 142 115 155 79 127 162 125 136 130 130 86 156 129 143 175 124 90 148 104 130 103 130 80 86 154 92 122 136 90 142 106 122 133 67 114 104 75 112 79 111 127 117 135 122 121 96 119 107 135 107 109 109 116 157 113 
70 42 92 114 0 32 85 54 75 103 45 73 47 58 112 82 79 77 76 49 105 47 58 52 52 50 90 73 86 105 88 54 106 10 52 67 82 44 50 76 56 86 79 33 64 28 38 97 87 98 40 39 38 43 94 78 44 109 44 89 27 34 71 62 89 25 84 38 88 96 
58 52 77 102 32 0 69 30 57 90 21 49 59 47 96 58 67 64 64 25 92 23 34 28 28 38 77 60 63 73 76 42 89 22 39 55 92 32 38 63 44 74 68 36 76 4 20 79 74 108 50 27 14 31 75 60 67 97 20 65 37 21 59 72 65 7 60 25 72 72 
123 73 112 154 85 69 0 65 118 120 67 84 101 84 55 17 56 105 129 92 77 58 88 63 63 103 137 120 98 81 115 81 87 85 99 91 108 97 95 123 83 88 93 64 118 71 87 38 104 124 71 92 74 88 110 116 88 132 55 123 58 81 98 106 64 74 94 85 3 108 
88 47 67 132 54 30 65 0 65 111 43 39 81 61 86 48 77 85 94 47 113 7 56 18 2 68 98 82 33 103 76 59 108 44 60 46 82 62 68 84 57 73 40 58 98 26 42 69 95 98 49 57 36 61 65 79 62 89 10 87 59 43 75 80 87 29 62 46 68 63 
73 80 104 127 75 57 118 65 0 129 70 98 102 34 105 101 62 113 79 74 141 72 77 77 67 53 126 109 32 130 61 67 61 65 88 80 120 47 63 112 69 72 25 59 119 53 37 80 113 136 78 52 63 56 106 90 95 82 69 112 65 70 20 107 114 50 100 74 121 121 
146 116 62 83 103 90 120 111 129 0 83 123 124 123 172 135 96 104 116 107 111 104 116 102 109 126 117 108 140 146 105 100 135 93 79 109 156 120 126 103 98 162 133 98 107 86 92 114 16 172 114 115 76 119 60 137 116 84 101 132 101 69 133 130 56 89 58 65 123 134 
79 50 90 119 45 21 67 43 70 83 0 62 72 54 109 71 88 57 85 38 85 36 47 41 41 59 70 53 76 94 93 63 102 35 32 69 90 53 59 56 65 95 75 29 89 17 33 92 67 106 48 48 7 52 88 73 65 112 33 63 35 14 68 83 58 20 73 18 70 51 
107 50 86 137 73 49 84 39 98 123 62 0 100 88 105 67 87 69 113 66 97 32 75 21 37 87 110 101 72 122 92 62 69 63 44 49 94 81 87 69 60 112 79 71 114 45 61 88 107 110 52 76 55 80 84 40 65 95 29 106 65 62 102 83 106 48 65 58 87 24 
97 89 106 125 47 59 101 81 102 124 72 100 0 92 122 84 81 104 103 76 126 74 85 79 79 77 117 100 114 103 115 81 120 37 79 94 129 71 77 61 83 113 113 80 17 55 65 63 108 145 87 66 65 70 108 105 91 128 71 116 74 61 98 109 116 52 66 65 104 106 
67 46 94 115 58 47 84 61 34 123 54 88 92 0 99 97 58 97 73 52 125 62 43 67 63 47 110 93 28 120 57 56 55 55 72 69 86 41 30 96 58 66 21 25 109 43 53 76 107 102 44 41 47 37 96 84 61 78 59 78 31 54 14 79 98 40 96 58 87 105 
94 89 126 104 112 96 55 86 105 172 109 105 122 99 0 38 77 68 88 113 96 79 122 84 84 62 151 138 73 136 116 88 116 102 93 101 133 68 69 145 90 33 80 110 139 92 108 59 156 149 91 73 102 76 128 125 74 136 76 127 104 109 95 92 119 95 115 107 58 124 
110 75 95 142 82 58 17 48 101 135 71 67 84 97 38 0 39 106 116 75 94 41 84 46 46 90 126 110 81 98 98 64 78 72 88 74 113 84 90 112 66 71 76 81 101 54 70 21 119 129 77 79 64 83 93 101 90 115 38 115 75 71 111 108 81 57 77 74 20 91 
71 52 63 115 79 67 56 77 62 96 88 87 81 58 77 39 0 108 77 89 116 77 98 66 79 51 134 117 44 137 59 25 39 69 96 38 92 45 51 120 27 84 37 69 87 71 87 18 80 108 50 40 81 44 65 62 67 76 74 129 63 78 72 85 116 74 38 82 59 111 
112 74 81 155 77 64 105 85 113 104 57 69 104 97 68 106 108 0 128 81 28 78 90 83 83 102 91 82 118 120 124 96 138 67 25 109 114 96 102 77 98 101 118 72 119 60 76 126 88 130 72 91 50 95 79 109 89 103 75 59 75 43 111 107 101 63 70 39 108 56 
58 97 90 79 76 64 129 94 79 116 85 113 103 73 88 116 77 128 0 89 104 87 98 92 92 26 77 50 101 137 86 52 100 66 103 65 137 32 48 127 54 84 94 81 120 68 84 95 132 153 95 37 78 41 92 86 112 107 84 129 82 85 59 130 129 71 102 89 132 136 
83 69 94 127 49 25 92 47 74 107 38 66 76 52 113 75 89 81 89 0 109 40 9 45 45 63 94 77 80 98 101 67 106 39 56 73 76 57 63 70 69 99 73 53 93 21 37 75 91 92 67 52 31 56 92 77 60 116 37 40 54 38 66 47 82 24 77 42 95 89 
84 102 53 162 105 92 77 113 141 111 85 97 126 125 96 94 116 28 104 109 0 106 118 111 111 116 119 110 138 99 96 91 155 95 53 100 142 110 117 105 89 129 132 100 142 88 104 115 95 158 100 106 78 110 51 128 107 75 103 87 103 71 137 125 129 91 98 67 80 84 
81 40 60 125 47 23 58 7 72 104 36 32 74 62 79 41 77 78 87 40 106 0 49 11 5 61 91 75 40 96 82 52 101 37 53 39 84 55 61 77 50 80 47 51 91 19 35 62 88 100 42 50 29 54 58 72 55 82 3 80 52 36 76 73 80 22 55 39 61 56 
92 71 103 136 58 34 88 56 77 116 47 75 85 43 122 84 98 90 98 9 118 49 0 54 54 72 103 86 71 107 100 76 98 48 65 82 85 66 72 79 78 108 64 62 102 30 46 84 100 101 73 61 40 65 101 86 56 121 46 35 63 47 57 38 91 33 86 51 91 98 
86 29 65 130 52 28 63 18 77 102 41 21 79 67 84 46 66 83 92 45 111 11 54 0 16 66 96 80 51 101 71 41 90 42 58 28 73 60 66 82 39 91 58 50 93 24 40 67 86 89 31 55 34 59 63 61 44 87 8 85 44 41 81 62 85 27 44 44 66 45 
86 45 65 130 52 28 63 2 67 109 41 37 79 63 84 46 79 83 92 45 111 5 54 16 0 66 96 80 35 101 78 57 106 42 58 44 84 60 66 82 55 75 42 56 96 24 40 67 93 100 47 55 34 59 63 77 60 87 8 85 57 41 77 78 85 27 60 44 66 61 
32 71 64 86 50 38 103 68 53 126 59 87 77 47 62 90 51 102 26 63 116 61 72 66 66 0 103 76 75 111 60 26 74 40 77 39 111 6 22 101 28 58 68 62 94 42 58 69 110 127 69 11 52 15 66 63 86 81 58 103 56 59 33 104 103 45 76 63 106 110 
135 103 145 156 90 77 137 98 126 117 70 110 117 110 151 126 134 91 77 94 119 91 103 96 96 103 0 27 131 105 143 109 134 80 66 122 143 109 115 90 111 151 131 85 134 73 89 147 101 141 101 104 63 108 143 129 118 164 88 119 88 56 124 136 112 76 129 52 140 121 
108 86 129 129 73 60 120 82 109 108 53 101 100 93 138 110 117 82 50 77 110 75 86 80 80 76 27 0 115 124 126 92 107 63 57 105 126 82 98 81 94 134 114 68 117 56 72 131 92 142 84 87 46 91 127 112 101 147 72 102 71 39 107 119 85 59 112 43 123 104 
95 74 85 143 86 63 98 33 32 140 76 72 114 28 73 81 44 118 101 80 138 40 71 51 35 75 131 115 0 136 43 69 83 77 93 79 114 69 58 117 71 40 7 53 131 59 69 62 124 130 72 69 69 65 87 106 89 63 43 106 59 76 42 107 120 62 82 79 101 96 
131 107 104 175 105 73 81 103 130 146 94 122 103 120 136 98 137 120 137 98 99 96 107 101 101 111 105 124 136 0 103 115 162 95 95 128 151 105 91 119 117 127 139 109 86 77 93 119 130 167 109 100 87 98 106 133 92 82 93 138 110 85 132 110 138 80 133 81 84 145 
80 70 43 124 88 76 115 76 61 105 93 92 115 57 116 98 59 124 86 101 96 82 100 71 78 60 143 126 43 103 0 34 98 78 105 43 114 54 60 88 32 83 36 64 132 80 96 77 89 130 72 49 86 53 45 71 85 21 79 135 70 87 71 103 129 83 97 91 118 116 
46 54 38 90 54 42 81 59 67 100 63 62 81 56 88 64 25 96 52 67 91 52 76 41 57 26 109 92 69 115 34 0 64 44 71 13 98 20 26 95 2 62 62 75 98 46 62 43 84 114 56 15 56 19 40 37 69 55 49 107 69 53 47 87 107 49 63 57 84 86 
94 91 102 148 106 89 87 108 61 135 102 69 120 55 116 78 39 138 100 106 155 101 98 90 106 74 134 107 83 162 98 64 0 97 113 77 131 68 84 138 66 120 76 73 126 85 95 57 119 147 89 73 95 77 104 29 106 115 98 133 79 102 41 124 146 82 77 106 84 93 
60 52 82 104 10 22 85 44 65 93 35 63 37 55 102 72 69 67 66 39 95 37 48 42 42 40 80 63 77 95 78 44 97 0 42 57 92 34 40 66 46 76 76 43 54 18 28 87 77 108 50 29 28 33 84 68 54 99 34 79 37 24 61 72 79 15 74 28 88 86 
97 65 106 130 52 39 99 60 88 79 32 44 79 72 93 88 96 25 103 56 53 53 65 58 58 77 66 57 93 95 105 71 113 42 0 84 105 71 77 52 73 113 93 47 96 35 51 109 63 121 63 66 25 70 104 84 80 126 50 81 50 18 86 98 76 38 91 14 102 68 
59 57 47 103 67 55 91 46 80 109 69 49 94 69 101 74 38 109 65 73 100 39 82 28 44 39 122 105 79 128 43 13 77 57 84 0 101 33 39 108 11 75 75 78 111 52 68 56 93 117 59 28 62 32 49 50 72 64 36 113 72 66 60 90 113 55 72 70 94 73 
131 44 113 130 82 92 108 82 120 156 90 94 129 86 133 113 92 114 137 76 142 84 85 73 84 111 143 126 114 151 114 98 131 92 105 101 0 105 116 129 100 152 107 61 146 88 98 92 140 16 42 110 83 114 114 134 59 135 81 116 55 87 100 77 108 85 117 91 111 118 
26 65 58 80 44 32 97 62 47 120 53 81 71 41 68 84 45 96 32 57 110 55 66 60 60 6 109 82 69 105 54 20 68 34 71 33 105 0 16 95 22 52 62 56 88 36 52 63 104 121 63 5 46 9 60 57 80 75 52 97 50 53 27 98 97 39 70 57 100 104 
42 76 64 86 50 38 95 68 63 126 59 87 77 30 69 90 51 102 48 63 117 61 72 66 66 22 115 98 58 91 60 26 84 40 77 39 116 16 0 101 28 36 51 55 94 42 58 69 110 132 74 11 52 7 66 63 91 81 58 103 61 59 43 109 103 45 76 63 98 110 
121 89 105 154 76 63 123 84 112 103 56 69 61 96 145 112 120 77 127 70 105 77 79 82 82 101 90 81 117 119 88 95 138 66 52 108 129 95 101 0 97 137 117 71 45 59 75 124 87 145 87 90 49 94 107 109 104 83 74 105 74 42 110 117 100 62 94 38 126 45 
48 56 36 92 56 44 83 57 69 98 65 60 83 58 90 66 27 98 54 69 89 50 78 39 55 28 111 94 71 117 32 2 66 46 73 11 100 22 28 97 0 64 64 77 100 48 64 45 82 116 58 17 58 21 38 39 71 53 47 109 71 55 49 89 109 51 65 59 86 84 
78 112 100 122 86 74 88 73 72 162 95 112 113 66 33 71 84 101 84 99 129 80 108 91 75 58 151 134 40 127 83 62 120 76 113 75 152 52 36 137 64 0 47 91 130 78 94 92 146 168 110 47 88 43 102 99 107 103 83 125 97 95 79 125 139 81 112 99 91 136 
88 67 79 136 79 68 93 40 25 133 75 79 113 21 80 76 37 118 94 73 132 47 64 58 42 68 131 114 7 139 36 62 76 76 93 75 107 62 51 117 64 47 0 46 124 64 62 55 117 123 65 62 68 58 81 99 82 57 50 99 52 75 35 100 119 61 75 79 96 103 
82 21 90 90 33 36 64 58 59 98 29 71 80 25 110 81 69 72 81 53 100 51 62 50 56 62 85 68 53 109 64 75 73 43 47 78 61 56 55 71 77 91 46 0 97 32 48 80 82 77 19 61 22 62 92 88 36 85 48 78 6 29 39 54 73 35 88 33 67 80 
114 106 89 142 64 76 118 98 119 107 89 114 17 109 139 101 87 119 120 93 142 91 102 93 96 94 134 117 131 86 132 98 126 54 96 111 146 88 94 45 100 130 124 97 0 72 82 80 91 162 104 83 82 87 91 122 108 111 88 133 91 78 115 126 131 69 49 82 121 90 
62 48 73 106 28 4 71 26 53 86 17 45 55 43 92 54 71 60 68 21 88 19 30 24 24 42 73 56 59 77 80 46 85 18 35 52 88 36 42 59 48 78 64 32 72 0 16 75 70 104 46 31 10 35 71 56 63 95 16 61 33 17 57 68 61 3 56 21 74 68 
78 58 89 122 38 20 87 42 37 92 33 61 65 53 108 70 87 76 84 37 104 35 46 40 40 58 89 72 69 93 96 62 95 28 51 68 98 52 58 75 64 94 62 48 82 16 0 91 76 110 56 47 26 51 87 66 73 111 32 77 43 33 57 70 77 13 72 37 90 84 
89 70 81 133 97 79 38 69 80 114 92 88 63 76 59 21 18 126 95 75 115 62 84 67 67 69 147 131 62 119 77 43 57 87 109 56 92 63 69 124 45 92 55 80 80 75 91 0 98 108 68 58 85 62 83 80 85 94 59 115 74 92 90 103 102 78 56 95 41 112 
130 100 46 67 87 74 104 95 113 16 67 107 108 107 156 119 80 88 132 91 95 88 100 86 93 110 101 92 124 130 89 84 119 77 63 93 140 104 110 87 82 146 117 82 91 70 76 98 0 156 98 99 60 103 44 121 100 68 85 116 85 53 121 114 40 73 42 49 107 118 
147 60 129 114 98 108 124 98 136 172 106 110 145 102 149 129 108 130 153 92 158 100 101 89 100 127 141 142 130 167 130 114 147 108 121 117 16 121 132 145 116 168 123 77 162 104 110 108 156 0 58 126 99 130 130 150 75 151 97 132 71 103 116 93 122 101 133 107 127 134 
89 2 71 104 40 50 71 49 78 114 48 52 87 44 91 77 50 72 95 67 100 42 73 31 47 69 101 84 72 109 72 56 89 50 63 59 42 63 74 87 58 110 65 19 104 46 56 68 98 58 0 68 41 72 73 92 17 93 39 97 13 45 58 35 66 43 75 49 74 76 
31 69 53 75 39 27 92 57 52 115 48 76 66 41 73 79 40 91 37 52 106 50 61 55 55 11 104 87 69 100 49 15 73 29 66 28 110 5 11 90 17 47 62 61 83 31 47 58 99 126 68 0 41 4 55 52 83 70 47 92 55 48 32 99 92 34 65 52 95 99 
72 43 83 112 38 14 74 36 63 76 7 55 65 47 102 64 81 50 78 31 78 29 40 34 34 52 63 46 69 87 86 56 95 28 25 62 83 46 52 49 58 88 68 22 82 10 26 85 60 99 41 41 0 45 81 66 58 105 26 56 28 7 61 76 51 13 66 11 77 58 
35 73 57 79 43 31 88 61 56 119 52 80 70 37 76 83 44 95 41 56 110 54 65 59 59 15 108 91 65 98 53 19 77 33 70 32 114 9 7 94 21 43 58 62 87 35 51 62 103 130 72 4 45 0 59 56 87 74 51 96 59 52 36 103 96 38 69 56 91 103 
86 71 2 111 94 75 110 65 106 60 88 84 108 96 128 93 65 79 92 92 51 58 101 63 63 66 143 127 87 106 45 40 104 84 104 49 114 60 66 107 38 102 81 92 91 71 87 83 44 130 73 55 81 59 0 77 56 24 55 132 86 88 87 74 84 74 66 91 113 108 
83 90 75 127 78 60 116 79 90 137 73 40 105 84 125 101 62 109 86 77 128 72 86 61 77 63 129 112 106 133 71 37 29 68 84 50 134 57 63 109 39 99 99 88 122 56 66 80 121 150 92 52 66 56 77 0 105 92 69 117 83 73 70 123 117 53 100 77 113 64 
106 15 54 117 44 67 88 62 95 116 65 65 91 61 74 90 67 89 112 60 107 55 56 44 60 86 118 101 89 92 85 69 106 54 80 72 59 80 91 104 71 107 82 36 108 63 73 85 100 75 17 83 58 87 56 105 0 76 52 91 30 62 75 18 83 60 88 66 91 89 
101 91 22 135 109 97 132 89 82 84 112 95 128 78 136 115 76 103 107 116 75 82 121 87 87 81 164 147 63 82 21 55 115 99 126 64 135 75 81 83 53 103 57 85 111 95 111 94 68 151 93 70 105 74 24 92 76 0 79 156 91 108 92 94 108 98 90 112 135 119 
78 37 57 122 44 20 55 10 69 101 33 29 71 59 76 38 74 75 84 37 103 3 46 8 8 58 88 72 43 93 79 49 98 34 50 36 81 52 58 74 47 83 50 48 88 16 32 59 85 97 39 47 26 51 55 69 52 79 0 77 49 33 73 70 77 19 52 36 58 53 
123 99 134 121 89 65 123 87 112 132 63 106 116 78 127 115 129 59 129 40 87 80 35 85 85 103 119 102 106 138 135 107 133 79 81 113 116 97 103 105 109 125 99 78 133 61 77 115 116 132 97 92 56 96 132 117 91 156 77 0 84 63 92 73 107 64 117 67 126 114 
76 15 84 96 27 37 58 59 65 101 35 65 74 31 104 75 63 75 82 54 103 52 63 44 57 56 88 71 59 110 70 69 79 37 50 72 55 50 61 74 71 97 52 6 91 33 43 74 85 71 13 55 28 59 86 83 30 91 49 84 0 32 45 48 79 30 88 36 61 86 
79 47 90 119 34 21 81 43 70 69 14 62 61 54 109 71 78 43 85 38 71 36 47 41 41 59 56 39 76 85 87 53 102 24 18 66 87 53 59 42 55 95 75 29 78 17 33 92 53 103 45 48 7 52 88 73 62 108 33 63 32 0 68 80 58 20 73 4 84 65 
53 60 85 107 71 59 98 75 20 133 68 102 98 14 95 111 72 111 59 66 137 76 57 81 77 33 124 107 42 132 71 47 41 61 86 60 100 27 43 110 49 79 35 39 115 57 57 90 121 116 58 32 61 36 87 70 75 92 73 92 45 68 0 93 112 54 97 72 101 119 
124 33 72 135 62 72 106 80 107 130 83 83 109 79 92 108 85 107 130 47 125 73 38 62 78 104 136 119 107 110 103 87 124 72 98 90 77 98 109 117 89 125 100 54 126 68 70 103 114 93 35 99 76 103 74 123 18 94 70 73 48 80 93 0 101 71 106 84 109 107 
123 68 86 107 89 65 64 87 114 56 58 106 116 98 119 81 116 101 129 82 129 80 91 85 85 103 112 85 120 138 129 107 146 79 76 113 108 97 103 100 109 139 119 73 131 61 77 102 40 122 66 92 51 96 84 117 83 108 77 107 79 58 112 101 0 64 82 62 67 109 
65 45 76 109 25 7 74 29 50 89 20 48 52 40 95 57 74 63 71 24 91 22 33 27 27 45 76 59 62 80 83 49 82 15 38 55 85 39 45 62 51 81 61 35 69 3 13 78 73 101 43 34 13 38 74 53 60 98 19 64 30 20 54 71 64 0 59 24 77 71 
96 73 68 109 84 60 94 62 100 58 73 65 66 96 115 77 38 70 102 77 98 55 86 44 60 76 129 112 82 133 97 63 77 74 91 72 117 70 76 94 65 112 75 88 49 56 72 56 42 133 75 65 66 69 66 100 88 90 52 117 88 73 97 106 82 59 0 77 97 89 
83 51 93 116 38 25 85 46 74 65 18 58 65 58 107 74 82 39 89 42 67 39 51 44 44 63 52 43 79 81 91 57 106 28 14 70 91 57 63 38 59 99 79 33 82 21 37 95 49 107 49 52 11 56 91 77 66 112 36 67 36 4 72 84 62 24 77 0 88 69 
126 76 115 157 88 72 3 68 121 123 70 87 104 87 58 20 59 108 132 95 80 61 91 66 66 106 140 123 101 84 118 84 84 88 102 94 111 100 98 126 86 91 96 67 121 74 90 41 107 127 74 95 77 91 113 113 91 135 58 126 61 84 101 109 67 77 97 88 0 111 
130 74 110 113 96 72 108 63 121 134 51 24 106 105 124 91 111 56 136 89 84 56 98 45 61 110 121 104 96 145 116 86 93 86 68 73 118 104 110 45 84 136 103 80 90 68 84 112 118 134 76 99 58 103 108 64 89 119 53 114 86 65 119 107 109 71 89 69 111 0 
90
81
94
77
90
44
52
69
43
99
38
92
34
23
43
54
70
70
1
84
29
9
15
100
2
41
63
83
22
73
61
35
53
94
19
53
88
65
53
11
44
23
46
24
75
64
50
78
31
24
43
46
56
4
13
46
53
92
33
56
23
61
82
16
10
91
38
19
54
