80
0 48 64 67 40 72 77 76 18 72 41 55 19 59 42 40 67 47 35 68 42 15 58 52 79 64 50 61 61 36 31 37 71 65 5 44 78 42 84 67 72 22 50 31 91 19 26 51 37 67 53 18 61 38 66 17 80 25 77 69 67 8 49 70 34 81 56 87 80 46 50 24 55 45 54 28 27 59 35 16 
48 0 55 19 52 24 39 34 42 24 10 39 34 41 30 40 48 58 33 31 36 52 10 55 51 30 59 60 13 22 29 45 51 32 44 69 32 10 56 49 24 28 6 31 64 38 23 3 17 25 13 35 13 29 57 37 33 30 49 21 55 46 43 22 45 46 8 61 43 4 5 57 10 8 43 20 37 12 44 36 
64 55 0 60 30 52 37 43 74 62 47 16 46 14 26 24 11 28 30 34 23 54 51 18 25 31 25 10 63 69 71 28 13 29 63 46 49 47 28 10 58 49 49 73 32 45 58 57 64 40 42 66 52 29 2 48 76 67 24 51 4 57 15 53 31 33 54 28 38 58 60 51 47 62 12 54 37 49 30 49 
67 19 60 0 65 10 32 25 61 5 27 45 52 46 41 52 51 70 47 29 47 70 11 66 51 30 71 67 8 39 46 58 54 33 63 83 20 26 55 52 5 46 18 48 62 55 42 16 34 21 20 54 8 42 61 54 18 48 49 10 59 64 52 8 59 41 11 61 35 22 18 74 15 23 51 39 53 11 58 54 
40 52 30 65 0 64 59 60 55 70 42 30 27 34 25 14 39 7 19 51 19 27 55 13 54 47 10 23 64 58 59 7 42 47 41 18 65 43 57 38 68 34 48 61 62 24 46 55 55 54 45 49 57 23 32 28 83 53 52 62 34 32 20 63 8 59 55 58 61 53 57 21 50 57 25 42 18 54 8 29 
72 24 52 10 64 0 22 15 66 11 31 40 54 38 39 50 42 68 46 19 45 72 14 62 41 21 68 61 18 45 52 57 44 24 68 82 10 30 45 43 7 50 22 54 52 57 47 21 40 12 19 59 11 41 52 57 25 53 39 3 50 68 48 2 58 31 16 51 25 27 24 74 17 29 46 44 53 13 57 57 
77 39 37 32 59 22 0 7 77 33 40 29 58 26 37 46 26 60 46 9 41 76 30 51 19 13 58 47 40 61 68 53 27 13 74 77 14 39 23 27 29 56 34 70 30 61 58 38 56 14 28 69 30 41 36 61 47 67 18 23 34 72 39 24 56 9 33 29 4 43 41 76 29 46 35 53 55 28 54 61 
76 34 43 25 60 15 7 0 73 26 36 31 58 29 37 46 32 62 46 9 41 76 25 54 26 13 61 52 33 56 63 53 33 14 72 78 7 35 30 33 22 54 29 65 37 61 54 33 51 9 23 65 24 41 42 61 40 62 24 16 40 72 41 17 56 16 28 36 10 38 36 76 24 41 37 49 55 23 54 61 
18 42 74 61 55 66 77 73 0 66 37 62 29 66 49 51 74 62 44 68 51 33 52 65 85 66 65 73 54 23 16 50 78 68 15 62 74 38 90 74 66 25 45 15 98 31 20 45 27 64 50 8 55 45 76 27 72 13 83 63 76 25 59 64 47 83 50 94 81 39 43 42 50 38 62 24 38 54 48 26 
72 24 62 5 70 11 33 26 66 0 32 49 57 48 46 57 52 75 52 30 52 75 16 71 52 31 76 71 12 43 50 63 55 34 68 88 19 31 56 53 4 51 23 52 63 60 47 21 39 22 25 59 13 47 62 59 15 53 50 11 60 69 57 9 64 42 16 62 36 27 23 79 20 28 55 44 58 16 63 59 
41 10 47 27 42 31 40 36 37 32 0 31 25 34 21 30 42 48 23 31 26 43 17 45 49 29 49 51 23 23 29 35 46 31 37 59 37 1 54 42 31 19 9 31 62 29 18 13 18 27 13 29 20 19 49 27 43 27 47 28 47 37 34 29 35 46 16 59 44 11 15 48 14 15 35 13 27 18 34 27 
55 39 16 45 30 40 29 31 62 49 31 0 36 4 13 18 12 31 20 22 13 49 36 23 24 19 30 22 47 54 59 25 16 17 53 48 37 31 29 12 45 37 33 61 36 36 46 41 49 28 26 54 37 17 18 39 63 55 22 38 16 48 10 40 28 29 38 32 31 42 44 48 31 46 6 41 28 34 26 39 
19 34 46 52 27 54 58 58 29 57 25 36 0 40 23 22 48 34 16 49 23 18 42 36 60 45 37 44 47 32 32 21 52 46 17 38 60 26 65 48 56 8 34 34 72 4 20 37 30 49 35 22 45 19 48 3 67 26 58 52 49 14 31 53 19 62 41 68 61 34 38 23 38 36 35 18 9 42 19 3 
59 41 14 46 34 38 26 29 66 48 34 4 40 0 17 22 8 34 24 20 17 53 37 25 20 17 32 23 49 57 62 29 12 15 57 52 35 34 25 8 44 41 35 64 32 40 49 43 52 26 28 58 38 21 16 43 62 58 18 37 14 52 14 39 32 25 40 28 28 44 46 52 33 48 9 44 32 35 30 43 
42 30 26 41 25 39 37 37 49 46 21 13 23 17 0 11 25 29 9 28 6 39 31 25 37 24 30 30 41 43 46 18 29 24 40 43 41 21 42 25 43 24 25 48 49 24 33 33 38 30 21 41 33 4 28 26 59 42 35 37 28 36 13 39 20 39 32 45 40 32 35 39 26 36 14 28 18 30 18 26 
40 40 24 52 14 50 46 46 51 57 30 18 22 22 11 0 28 18 8 37 5 32 42 16 42 33 19 23 52 50 51 7 32 33 39 32 51 31 46 28 54 27 36 53 52 21 38 43 46 40 32 44 44 11 26 24 70 46 40 48 27 33 9 50 10 47 43 48 49 41 45 30 37 45 14 34 13 41 8 25 
67 48 11 51 39 42 26 32 74 52 42 12 48 8 25 28 0 38 32 23 25 60 44 28 15 21 35 21 56 65 70 34 4 18 65 56 38 42 18 1 48 49 42 72 24 48 57 50 60 30 35 66 45 29 10 51 66 66 13 41 8 60 19 43 37 22 47 20 27 52 53 57 40 56 14 52 40 42 35 51 
47 58 28 70 7 68 60 62 62 75 48 31 34 34 29 18 38 0 25 53 23 33 60 10 53 50 4 19 70 65 66 13 41 48 48 18 68 49 56 37 72 41 54 68 60 31 53 61 62 58 50 56 62 29 30 35 88 60 51 66 32 39 21 68 15 59 61 56 62 59 63 26 55 63 25 49 25 59 15 36 
35 33 30 47 19 46 46 46 44 52 23 20 16 24 9 8 32 25 0 37 7 30 37 24 44 33 27 30 46 42 43 12 36 33 33 36 49 24 49 32 50 19 30 45 56 17 30 36 38 38 27 36 39 5 32 19 65 38 42 44 33 29 15 45 12 47 37 52 49 34 38 30 32 38 19 26 9 36 11 19 
68 31 34 29 51 19 9 9 68 30 31 22 49 20 28 37 23 53 37 0 32 67 23 45 22 4 52 43 34 53 59 44 25 5 65 69 15 30 27 24 26 47 26 61 35 52 49 31 48 8 19 60 23 32 33 52 44 58 20 19 31 63 32 21 47 15 26 32 13 35 34 67 21 39 28 44 46 21 45 52 
42 36 23 47 19 45 41 41 51 52 26 13 23 17 6 5 25 23 7 32 0 36 37 19 37 28 24 25 47 47 49 12 29 28 40 37 46 26 42 25 49 26 31 51 49 23 36 39 43 35 27 43 39 7 25 26 65 44 35 43 26 35 8 45 15 42 38 45 44 37 40 35 32 41 12 31 15 36 13 26 
15 52 54 70 27 72 76 76 33 75 43 49 18 53 39 32 60 33 30 67 36 0 60 40 73 63 37 50 65 46 42 26 64 63 18 29 78 44 78 60 74 25 52 42 84 15 35 55 46 67 53 29 63 35 56 16 85 36 71 70 58 8 41 71 23 77 59 80 79 51 55 9 56 53 46 35 21 60 25 17 
58 10 51 11 55 14 30 25 52 16 17 36 42 37 31 42 44 60 37 23 37 60 0 56 45 23 61 58 12 32 39 48 47 26 54 73 22 16 50 45 14 36 8 41 58 45 33 8 27 16 10 45 3 32 53 44 29 40 43 11 51 54 42 12 49 38 3 55 34 14 11 64 5 16 41 30 43 2 48 44 
52 55 18 66 13 62 51 54 65 71 45 23 36 25 25 16 28 10 24 45 19 40 56 0 43 42 7 10 66 66 67 15 31 40 52 28 60 45 46 27 67 42 50 69 50 34 54 58 62 51 46 58 58 26 20 38 84 61 41 60 22 44 14 62 18 50 57 46 53 56 59 34 51 60 17 50 27 55 17 39 
79 51 25 51 54 41 19 26 85 52 49 24 60 20 37 42 15 53 44 22 37 73 45 43 0 22 50 35 56 72 78 49 12 19 77 71 33 49 5 16 48 61 45 80 13 60 67 52 67 30 38 77 45 41 23 63 66 76 2 41 21 72 34 43 52 11 48 10 17 55 55 72 42 59 29 62 52 43 50 63 
64 30 31 30 47 21 13 13 66 31 29 19 45 17 24 33 21 50 33 4 28 63 23 42 22 0 49 40 35 51 57 40 24 3 62 65 19 28 27 22 27 44 24 59 35 48 47 30 46 9 17 58 24 28 31 48 45 56 20 20 29 59 29 22 43 17 26 32 16 34 33 63 20 38 25 42 42 21 41 48 
50 59 25 71 10 68 58 61 65 76 49 30 37 32 30 19 35 4 27 52 24 37 61 7 50 49 0 15 71 68 69 16 38 47 51 21 67 50 53 34 73 44 55 71 57 34 56 62 64 57 51 59 63 30 27 38 89 63 48 66 29 42 20 68 18 57 62 53 60 60 64 30 56 64 24 52 28 60 18 39 
61 60 10 67 23 61 47 52 73 71 51 22 44 23 30 23 21 19 30 43 25 50 58 10 35 40 15 0 69 72 73 24 23 38 61 36 58 51 38 20 67 49 54 75 42 43 60 62 68 49 48 66 59 32 12 46 85 68 34 60 14 53 17 62 27 43 60 38 48 62 65 44 53 66 17 56 35 56 26 47 
61 13 63 8 64 18 40 33 54 12 23 47 47 49 41 52 56 70 46 34 47 65 12 66 56 35 71 69 0 31 38 57 59 38 56 82 28 23 60 57 13 41 16 40 68 51 35 10 27 26 21 47 11 41 65 50 20 41 54 17 63 59 53 16 58 48 9 66 43 15 11 70 16 16 52 33 50 14 57 49 
36 22 69 39 58 45 61 56 23 43 23 54 32 57 43 50 65 65 42 53 47 46 32 66 72 51 68 72 31 0 7 52 69 53 31 70 54 24 77 65 44 24 27 9 85 36 12 24 5 47 34 18 34 40 71 32 49 11 70 42 70 38 55 43 50 68 29 82 65 18 21 53 32 16 57 16 40 34 50 31 
31 29 71 46 59 52 68 63 16 50 29 59 32 62 46 51 70 66 43 59 49 42 39 67 78 57 69 73 38 7 0 53 74 59 26 69 61 29 83 70 51 25 34 2 91 35 13 31 12 54 41 13 41 42 73 31 56 6 76 49 73 34 57 50 51 74 36 88 72 25 28 51 39 23 59 18 41 41 51 30 
37 45 28 58 7 57 53 53 50 63 35 25 21 29 18 7 34 13 12 44 12 26 48 15 49 40 16 24 57 52 53 0 38 40 37 25 58 36 52 34 61 28 41 55 58 19 40 48 49 47 38 43 50 16 30 23 76 47 47 55 32 29 15 56 3 54 48 54 56 46 50 23 43 50 20 36 12 47 2 24 
71 51 13 54 42 44 27 33 78 55 46 16 52 12 29 32 4 41 36 25 29 64 47 31 12 24 38 23 59 69 74 38 0 21 69 59 40 46 15 4 51 53 45 76 20 52 61 53 64 33 38 70 48 33 11 55 69 70 11 44 9 64 23 46 41 21 50 16 26 55 56 61 43 59 18 56 44 45 39 55 
65 32 29 33 47 24 13 14 68 34 31 17 46 15 24 33 18 48 33 5 28 63 26 40 19 3 47 38 38 53 59 40 21 0 63 65 20 30 24 19 30 45 26 61 32 48 49 33 48 12 19 60 27 28 28 49 48 58 17 23 26 60 27 25 43 16 29 29 16 36 36 63 23 40 23 44 42 24 41 49 
5 44 63 63 41 68 74 72 15 68 37 53 17 57 40 39 65 48 33 65 40 18 54 52 77 62 51 61 56 31 26 37 69 63 0 47 74 38 82 65 68 18 46 26 89 18 22 47 32 63 49 13 57 36 65 15 76 20 75 65 66 10 48 66 34 79 52 85 78 41 45 27 51 41 52 24 26 55 35 14 
44 69 46 83 18 82 77 78 62 88 59 48 38 52 43 32 56 18 36 69 37 29 73 28 71 65 21 36 82 70 69 25 59 65 47 0 83 60 74 55 86 46 66 71 78 34 58 72 68 72 63 58 75 41 48 38 101 63 69 80 50 37 38 81 24 77 73 74 79 70 74 20 68 73 43 56 32 72 26 39 
78 32 49 20 65 10 14 7 74 19 37 37 60 35 41 51 38 68 49 15 46 78 22 60 33 19 67 58 28 54 61 58 40 20 74 83 0 36 37 39 16 56 29 63 44 63 54 30 49 11 25 66 20 44 48 63 33 62 31 12 46 74 47 12 61 23 25 43 17 36 33 78 24 38 43 50 57 21 59 63 
42 10 47 26 43 30 39 35 38 31 1 31 26 34 21 31 42 49 24 30 26 44 16 45 49 28 50 51 23 24 29 36 46 30 38 60 36 0 54 42 30 20 8 31 62 29 19 13 19 26 12 30 19 20 49 28 43 28 47 27 47 38 34 28 36 45 15 59 43 11 14 48 13 15 35 14 28 17 35 28 
84 56 28 55 57 45 23 30 90 56 54 29 65 25 42 46 18 56 49 27 42 78 50 46 5 27 53 38 60 77 83 52 15 24 82 74 37 54 0 19 52 66 50 85 8 65 72 57 72 34 43 82 50 46 26 68 70 81 7 45 24 77 37 47 55 14 53 6 20 60 60 75 47 64 32 67 57 48 53 68 
67 49 10 52 38 43 27 33 74 53 42 12 48 8 25 28 1 37 32 24 25 60 45 27 16 22 34 20 57 65 70 34 4 19 65 55 39 42 19 0 49 49 43 72 24 48 57 51 60 31 36 66 46 29 9 51 67 66 14 42 7 60 19 44 37 23 48 20 28 52 54 57 41 56 14 52 40 43 35 51 
72 24 58 5 68 7 29 22 66 4 31 45 56 44 43 54 48 72 50 26 49 74 14 67 48 27 73 67 13 44 51 61 51 30 68 86 16 30 52 49 0 50 22 53 59 59 47 21 39 18 23 59 11 45 58 58 18 53 46 7 56 68 53 5 62 38 16 58 32 27 23 77 18 28 51 44 56 14 61 58 
22 28 49 46 34 50 56 54 25 51 19 37 8 41 24 27 49 41 19 47 26 25 36 42 61 44 44 49 41 24 25 28 53 45 18 46 56 20 66 49 50 0 28 27 73 12 12 31 22 45 31 17 39 20 51 9 61 19 59 47 51 18 34 48 26 61 35 69 60 26 30 30 33 28 37 10 16 37 26 8 
50 6 49 18 48 22 34 29 45 23 9 33 34 35 25 36 42 54 30 26 31 52 8 50 45 24 55 54 16 27 34 41 45 26 46 66 29 8 50 43 22 28 0 36 58 37 25 8 22 20 7 37 11 25 51 36 36 34 43 19 49 46 37 20 42 41 7 55 38 10 11 56 5 14 37 22 35 9 41 36 
31 31 73 48 61 54 70 65 15 52 31 61 34 64 48 53 72 68 45 61 51 42 41 69 80 59 71 75 40 9 2 55 76 61 26 71 63 31 85 72 53 27 36 0 93 37 15 33 14 56 43 13 43 44 75 33 58 8 78 51 75 34 59 52 53 76 38 90 74 27 30 51 41 25 61 20 43 43 53 32 
91 64 32 62 62 52 30 37 98 63 62 36 72 32 49 52 24 60 56 35 49 84 58 50 13 35 57 42 68 85 91 58 20 32 89 78 44 62 8 24 59 73 58 93 0 72 80 65 80 42 51 90 58 53 30 75 77 89 15 52 28 84 43 54 61 21 61 4 27 68 68 81 55 72 38 75 64 56 59 75 
19 38 45 55 24 57 61 61 31 60 29 36 4 40 24 21 48 31 17 52 23 15 45 34 60 48 34 43 51 36 35 19 52 48 18 34 63 29 65 48 59 12 37 37 72 0 24 41 34 52 38 25 48 20 47 4 71 29 58 55 48 12 30 56 16 63 44 68 64 38 42 19 42 40 35 22 8 46 17 5 
26 23 58 42 46 47 58 54 20 47 18 46 20 49 33 38 57 53 30 49 36 35 33 54 67 47 56 60 35 12 13 40 61 49 22 58 54 19 72 57 47 12 25 15 80 24 0 26 11 45 31 12 36 29 60 20 54 9 65 44 60 27 44 45 38 64 31 77 62 20 24 41 30 19 46 5 28 34 38 19 
51 3 57 16 55 21 38 33 45 21 13 41 37 43 33 43 50 61 36 31 39 55 8 58 52 30 62 62 10 24 31 48 53 33 47 72 30 13 57 51 21 31 8 33 65 41 26 0 19 24 15 38 10 32 59 40 30 32 50 18 57 49 45 19 48 46 5 62 42 6 3 60 10 8 45 23 40 10 47 39 
37 17 64 34 55 40 56 51 27 39 18 49 30 52 38 46 60 62 38 48 43 46 27 62 67 46 64 68 27 5 12 49 64 48 32 68 49 19 72 60 39 22 22 14 80 34 11 19 0 42 29 20 29 36 66 31 45 14 65 37 65 38 51 38 47 63 24 77 60 13 16 52 27 11 52 13 37 29 47 30 
67 25 40 21 54 12 14 9 64 22 27 28 49 26 30 40 30 58 38 8 35 67 16 51 30 9 57 49 26 47 54 47 33 12 63 72 11 26 34 31 18 45 20 56 42 52 45 24 42 0 14 56 16 33 40 52 36 53 28 11 38 63 37 13 50 22 19 40 18 29 27 67 15 32 34 40 46 14 48 52 
53 13 42 20 45 19 28 23 50 25 13 26 35 28 21 32 35 50 27 19 27 53 10 46 38 17 51 48 21 34 41 38 38 19 49 63 25 12 43 36 23 31 7 43 51 38 31 15 29 14 0 42 12 22 44 38 38 39 36 17 42 49 32 18 39 34 12 48 32 17 18 55 5 21 31 26 34 9 38 38 
18 35 66 54 49 59 69 65 8 59 29 54 22 58 41 44 66 56 36 60 43 29 45 58 77 58 59 66 47 18 13 43 70 60 13 58 66 30 82 66 59 17 37 13 90 25 12 38 20 56 42 0 48 37 68 21 65 7 75 56 68 21 51 57 41 75 43 86 73 32 36 38 42 31 54 16 31 46 41 20 
61 13 52 8 57 11 30 24 55 13 20 37 45 38 33 44 45 62 39 23 39 63 3 58 45 24 63 59 11 34 41 50 48 27 57 75 20 19 50 46 11 39 11 43 58 48 36 10 29 16 12 48 0 34 54 47 26 42 43 8 52 57 44 9 51 38 5 55 34 16 13 66 7 18 43 33 45 3 50 47 
38 29 29 42 23 41 41 41 45 47 19 17 19 21 4 11 29 29 5 32 7 35 32 26 41 28 30 32 41 40 42 16 33 28 36 41 44 20 46 29 45 20 25 44 53 20 29 32 36 33 22 37 34 0 31 22 60 38 39 39 31 32 15 40 17 43 32 49 44 30 34 35 27 34 17 25 14 31 16 22 
66 57 2 61 32 52 36 42 76 62 49 18 48 16 28 26 10 30 32 33 25 56 53 20 23 31 27 12 65 71 73 30 11 28 65 48 48 49 26 9 58 51 51 75 30 47 60 59 66 40 44 68 54 31 0 50 76 69 22 51 2 59 17 53 33 32 56 26 37 60 62 53 49 64 14 56 39 51 32 51 
17 37 48 54 28 57 61 61 27 59 27 39 3 43 26 24 51 35 19 52 26 16 44 38 63 48 38 46 50 32 31 23 55 49 15 38 63 28 68 51 58 9 36 33 75 4 20 40 31 52 38 21 47 22 50 0 70 25 61 54 51 11 33 56 20 65 43 71 64 35 39 21 41 37 38 19 11 45 21 1 
80 33 76 18 83 25 47 40 72 15 43 63 67 62 59 70 66 88 65 44 65 85 29 84 66 45 89 85 20 49 56 76 69 48 76 101 33 43 70 67 18 61 36 58 77 71 54 30 45 36 38 65 26 60 76 70 0 59 64 25 74 79 70 23 77 56 29 76 50 35 31 90 33 35 69 53 70 29 76 69 
25 30 67 48 53 53 67 62 13 53 27 55 26 58 42 46 66 60 38 58 44 36 40 61 76 56 63 68 41 11 6 47 70 58 20 63 62 28 81 66 53 19 34 8 89 29 9 32 14 53 39 7 42 38 69 25 59 0 74 50 69 28 52 51 45 73 37 86 71 26 30 45 39 25 55 14 35 42 45 24 
77 49 24 49 52 39 18 24 83 50 47 22 58 18 35 40 13 51 42 20 35 71 43 41 2 20 48 34 54 70 76 47 11 17 75 69 31 47 7 14 46 59 43 78 15 58 65 50 65 28 36 75 43 39 22 61 64 74 0 39 20 70 32 41 50 10 46 12 16 53 53 70 40 57 27 60 50 41 48 61 
69 21 51 10 62 3 23 16 63 11 28 38 52 37 37 48 41 66 44 19 43 70 11 60 41 20 66 60 17 42 49 55 44 23 65 80 12 27 45 42 7 47 19 51 52 55 44 18 37 11 17 56 8 39 51 54 25 50 39 0 49 65 46 2 56 32 13 51 26 24 21 72 14 26 44 41 51 10 55 54 
67 55 4 59 34 50 34 40 76 60 47 16 49 14 28 27 8 32 33 31 26 58 51 22 21 29 29 14 63 70 73 32 9 26 66 50 46 47 24 7 56 51 49 75 28 48 60 57 65 38 42 68 52 31 2 51 74 69 20 49 0 60 18 51 35 30 54 24 35 58 60 55 47 62 14 56 40 49 34 52 
8 46 57 64 32 68 72 72 25 69 37 48 14 52 36 33 60 39 29 63 35 8 54 44 72 59 42 53 59 38 34 29 64 60 10 37 74 38 77 60 68 18 46 34 84 12 27 49 38 63 49 21 57 32 59 11 79 28 70 65 60 0 42 66 26 75 53 80 75 44 48 17 51 45 47 27 20 55 27 11 
49 43 15 52 20 48 39 41 59 57 34 10 31 14 13 9 19 21 15 32 8 41 42 14 34 29 20 17 53 55 57 15 23 27 48 38 47 34 37 19 53 34 37 59 43 30 44 45 51 37 32 51 44 15 17 33 70 52 32 46 18 42 0 48 18 39 44 39 41 45 48 38 37 49 5 39 22 41 16 34 
70 22 53 8 63 2 24 17 64 9 29 40 53 39 39 50 43 68 45 21 45 71 12 62 43 22 68 62 16 43 50 56 46 25 66 81 12 28 47 44 5 48 20 52 54 56 45 19 38 13 18 57 9 40 53 56 23 51 41 2 51 66 48 0 57 33 14 53 27 25 22 73 15 27 46 42 52 11 56 55 
34 45 31 59 8 58 56 56 47 64 35 28 19 32 20 10 37 15 12 47 15 23 49 18 52 43 18 27 58 50 51 3 41 43 34 24 61 36 55 37 62 26 42 53 61 16 38 48 47 50 39 41 51 17 33 20 77 45 50 56 35 26 18 57 0 57 49 57 59 46 50 20 44 50 23 34 10 48 2 21 
81 46 33 41 59 31 9 16 83 42 46 29 62 25 39 47 22 59 47 15 42 77 38 50 11 17 57 43 48 68 74 54 21 16 79 77 23 45 14 23 38 61 41 76 21 63 64 46 63 22 34 75 38 43 32 65 56 73 10 32 30 75 39 33 57 0 41 20 6 50 49 77 36 54 34 59 56 36 55 65 
56 8 54 11 55 16 33 28 50 16 16 38 41 40 32 43 47 61 37 26 38 59 3 57 48 26 62 60 9 29 36 48 50 29 52 73 25 15 53 48 16 35 7 38 61 44 31 5 24 19 12 43 5 32 56 43 29 37 46 13 54 53 44 14 49 41 0 58 37 11 8 63 7 13 43 28 42 5 48 43 
87 61 28 61 58 51 29 36 94 62 59 32 68 28 45 48 20 56 52 32 45 80 55 46 10 32 53 38 66 82 88 54 16 29 85 74 43 59 6 20 58 69 55 90 4 68 77 62 77 40 48 86 55 49 26 71 76 86 12 51 24 80 39 53 57 20 58 0 26 65 65 77 52 69 34 72 60 53 55 71 
80 43 38 35 61 25 4 10 81 36 44 31 61 28 40 49 27 62 49 13 44 79 34 53 17 16 60 48 43 65 72 56 26 16 78 79 17 43 20 28 32 60 38 74 27 64 62 42 60 18 32 73 34 44 37 64 50 71 16 26 35 75 41 27 59 6 37 26 0 47 45 79 33 50 37 57 58 32 57 64 
46 4 58 22 53 27 43 38 39 27 11 42 34 44 32 41 52 59 34 35 37 51 14 56 55 34 60 62 15 18 25 46 55 36 41 70 36 11 60 52 27 26 10 27 68 38 20 6 13 29 17 32 16 30 60 35 35 26 53 24 58 44 45 25 46 50 11 65 47 0 4 56 14 4 46 18 38 16 45 34 
50 5 60 18 57 24 41 36 43 23 15 44 38 46 35 45 53 63 38 34 40 55 11 59 55 33 64 65 11 21 28 50 56 36 45 74 33 14 60 54 23 30 11 30 68 42 24 3 16 27 18 36 13 34 62 39 31 30 53 21 60 48 48 22 50 49 8 65 45 4 0 60 13 5 48 22 42 13 49 38 
24 57 51 74 21 74 76 76 42 79 48 48 23 52 39 30 57 26 30 67 35 9 64 34 72 63 30 44 70 53 51 23 61 63 27 20 78 48 75 57 77 30 56 51 81 19 41 60 52 67 55 38 66 35 53 21 90 45 70 72 55 17 38 73 20 77 63 77 79 56 60 0 59 58 43 40 21 63 22 22 
55 10 47 15 50 17 29 24 50 20 14 31 38 33 26 37 40 55 32 21 32 56 5 51 42 20 56 53 16 32 39 43 43 23 51 68 24 13 47 41 18 33 5 41 55 42 30 10 27 15 5 42 7 27 49 41 33 39 40 14 47 51 37 15 44 36 7 52 33 14 13 59 0 18 36 27 38 4 43 40 
45 8 62 23 57 29 46 41 38 28 15 46 36 48 36 45 56 63 38 39 41 53 16 60 59 38 64 66 16 16 23 50 59 40 41 73 38 15 64 56 28 28 14 25 72 40 19 8 11 32 21 31 18 34 64 37 35 25 57 26 62 45 49 27 50 54 13 69 50 4 5 58 18 0 50 18 41 18 49 36 
54 43 12 51 25 46 35 37 62 55 35 6 35 9 14 14 14 25 19 28 12 46 41 17 29 25 24 17 52 57 59 20 18 23 52 43 43 35 32 14 51 37 37 61 38 35 46 45 52 34 31 54 43 17 14 38 69 55 27 44 14 47 5 46 23 34 43 34 37 46 48 43 36 50 0 42 27 40 21 38 
28 20 54 39 42 44 53 49 24 44 13 41 18 44 28 34 52 49 26 44 31 35 30 50 62 42 52 56 33 16 18 36 56 44 24 56 50 14 67 52 44 10 22 20 75 22 5 23 13 40 26 16 33 25 56 19 53 14 60 41 56 27 39 42 34 59 28 72 57 18 22 40 27 18 42 0 25 31 34 18 
27 37 37 53 18 53 55 55 38 58 27 28 9 32 18 13 40 25 9 46 15 21 43 27 52 42 28 35 50 40 41 12 44 42 26 32 57 28 57 40 56 16 35 43 64 8 28 40 37 46 34 31 45 14 39 11 70 35 50 51 40 20 22 52 10 56 42 60 58 38 42 21 38 41 27 25 0 42 10 12 
59 12 49 11 54 13 28 23 54 16 18 34 42 35 30 41 42 59 36 21 36 60 2 55 43 21 60 56 14 34 41 47 45 24 55 72 21 17 48 43 14 37 9 43 56 46 34 10 29 14 9 46 3 31 51 45 29 42 41 10 49 55 41 11 48 36 5 53 32 16 13 63 4 18 40 31 42 0 47 44 
35 44 30 58 8 57 54 54 48 63 34 26 19 30 18 8 35 15 11 45 13 25 48 17 50 41 18 26 57 50 51 2 39 41 35 26 59 35 53 35 61 26 41 53 59 17 38 47 47 48 38 41 50 16 32 21 76 45 48 55 34 27 16 56 2 55 48 55 57 45 49 22 43 49 21 34 10 47 0 22 
16 36 49 54 29 57 61 61 26 59 27 39 3 43 26 25 51 36 19 52 26 17 44 39 63 48 39 47 49 31 30 24 55 49 14 39 63 28 68 51 58 8 36 32 75 5 19 39 30 52 38 20 47 22 51 1 69 24 61 54 52 11 34 55 21 65 43 71 64 34 38 22 40 36 38 18 12 44 22 0 
87
42
38
84
69
6
62
65
44
70
10
6
96
30
18
46
91
64
48
48
50
55
73
38
78
65
48
86
70
9
89
95
36
94
29
17
94
76
44
79
89
78
92
75
74
65
95
98
28
37
88
24
42
16
97
79
43
29
91
10
74
2
37
57
51
24
13
35
73
37
99
88
45
70
33
54
8
90
8
