55
0 118 138 97 173 70 124 130 138 87 190 123 121 140 107 70 110 118 129 123 84 174 110 97 88 126 91 131 35 101 148 157 117 99 86 83 114 26 89 98 155 175 120 106 60 141 149 108 132 115 143 54 147 96 105 
118 0 96 111 119 91 102 99 106 31 139 133 89 98 96 85 74 128 102 81 34 225 67 118 67 103 64 88 112 114 158 105 67 113 98 101 89 103 29 98 119 133 64 90 81 70 54 108 112 122 113 75 156 147 105 
138 96 0 51 81 125 59 105 103 65 182 95 120 2 80 141 82 92 124 15 62 196 64 78 105 101 120 85 158 76 120 132 29 53 58 55 73 149 67 86 53 181 34 94 115 102 108 136 141 96 77 121 128 117 114 
97 111 51 0 132 74 54 104 110 86 147 80 127 53 29 93 81 92 128 36 83 148 85 27 92 100 72 106 107 75 75 108 50 2 57 54 22 98 88 106 74 136 55 98 64 122 57 149 115 45 60 70 77 80 135 
173 119 81 132 0 124 140 125 154 92 230 168 137 79 117 114 135 134 97 96 95 255 128 151 128 129 93 140 156 135 193 126 110 134 139 136 110 147 90 75 134 154 115 67 114 143 75 118 122 152 148 119 201 168 121 
70 91 125 74 124 0 74 134 153 78 140 123 136 127 100 88 110 99 98 110 81 168 114 47 38 130 94 135 53 105 109 120 114 72 86 89 96 44 76 60 117 193 111 68 10 144 131 119 123 65 134 16 97 114 123 
124 102 59 54 140 74 0 114 132 71 193 103 125 61 80 142 90 102 107 44 74 148 93 27 92 110 122 114 107 85 128 141 58 52 66 69 76 98 73 114 82 189 63 122 64 131 111 128 82 45 106 70 77 131 109 
130 99 105 104 125 134 114 0 96 68 137 90 79 107 104 120 77 40 43 90 65 172 107 87 101 4 99 86 113 29 115 27 98 106 53 50 111 104 70 81 128 157 101 73 124 76 78 64 68 69 110 125 137 67 63 
138 106 103 110 154 153 132 96 0 75 84 108 17 105 133 102 118 77 85 88 78 207 115 133 115 92 81 128 103 94 85 100 102 108 118 115 126 112 77 115 126 197 107 107 143 131 118 106 60 134 88 140 183 163 33 
87 31 65 86 92 78 71 68 75 0 142 102 58 67 115 116 43 99 98 50 3 201 40 98 40 72 95 61 111 91 127 95 36 88 67 70 108 102 2 89 88 142 33 97 68 101 85 77 101 116 82 74 129 116 74 
190 139 182 147 230 140 193 137 84 142 0 167 101 184 118 186 154 125 162 167 145 251 178 166 102 133 165 188 173 108 150 164 178 149 130 127 125 164 140 180 205 239 175 188 130 205 160 183 144 148 163 136 216 169 117 
123 133 95 80 168 123 103 90 108 102 167 0 125 97 65 135 61 78 115 80 101 139 129 76 137 86 114 118 140 61 25 117 94 82 37 40 58 136 104 148 100 160 99 140 113 158 93 136 140 94 20 119 121 116 141 
121 89 120 127 137 136 125 79 17 58 101 125 0 122 143 119 101 94 68 105 61 224 98 150 98 75 98 111 86 100 102 106 94 125 124 121 136 95 60 106 143 180 91 98 126 147 101 89 43 140 105 123 187 146 16 
140 98 2 53 79 127 61 107 105 67 184 97 122 0 82 139 84 94 122 17 64 198 66 80 107 103 118 87 160 78 122 134 31 55 60 57 75 151 69 84 55 183 36 92 117 104 110 138 143 98 79 123 130 119 116 
107 96 80 29 117 100 80 104 133 115 118 65 143 82 0 84 110 92 119 65 112 138 114 53 118 100 63 128 90 75 90 93 79 31 86 83 7 81 117 97 103 121 84 89 90 113 42 140 100 35 45 96 103 51 127 
70 85 141 93 114 88 142 120 102 116 186 135 119 139 84 0 89 114 77 129 119 192 141 115 106 124 21 120 53 119 160 147 143 91 113 116 77 44 114 55 167 188 139 47 78 71 112 98 102 119 115 72 125 114 123 
110 74 82 81 135 110 90 77 118 43 154 61 101 84 110 89 0 65 102 67 40 184 83 63 83 73 68 104 107 48 86 104 73 83 24 27 103 116 45 102 105 99 76 94 100 118 108 114 127 81 81 106 113 144 117 
118 128 92 92 134 99 102 40 77 99 125 78 94 94 92 114 65 0 37 77 96 160 101 75 61 42 93 80 101 17 103 67 63 94 41 38 99 92 99 75 115 156 68 67 89 114 77 58 62 57 98 95 125 107 89 
129 102 124 128 97 98 107 43 85 98 162 115 68 122 119 77 102 37 0 113 95 197 64 112 98 47 56 43 119 54 140 70 100 126 78 75 112 110 100 38 151 121 105 30 88 106 83 21 25 94 135 82 153 110 52 
123 81 15 36 96 110 44 90 88 50 167 80 105 17 65 129 67 77 113 0 47 181 49 63 90 86 108 70 143 61 105 117 14 38 43 40 58 134 52 101 38 166 19 109 100 87 93 121 126 81 62 106 113 102 99 
84 34 62 83 95 81 74 65 78 3 145 101 61 64 112 119 40 96 95 47 0 204 43 101 43 69 98 64 114 88 126 92 33 85 64 67 105 105 5 92 85 139 36 100 71 104 88 74 104 119 85 77 132 119 77 
174 225 196 148 255 168 148 172 207 201 251 139 224 198 138 192 184 160 197 181 204 0 230 121 186 168 201 223 157 143 164 199 195 146 160 163 145 148 203 208 219 259 200 216 158 240 180 192 222 103 119 164 171 189 227 
110 67 64 85 128 114 93 107 115 40 178 129 98 66 114 141 83 101 64 49 43 230 0 112 76 111 120 21 145 101 154 134 63 87 92 89 107 136 38 102 87 182 68 94 104 136 107 85 89 130 111 110 89 151 114 
97 118 78 27 151 47 27 87 133 98 166 76 150 80 53 115 63 75 112 63 101 121 112 0 65 83 95 120 80 58 101 114 77 25 39 42 49 71 100 87 101 162 82 95 37 145 84 133 109 18 87 43 50 104 136 
88 67 105 92 128 38 92 101 115 40 102 137 98 107 118 106 83 61 98 90 43 186 76 65 0 101 112 97 71 76 127 128 76 90 100 97 114 62 38 78 128 182 73 86 28 117 121 99 123 83 122 34 115 132 114 
126 103 101 100 129 130 110 4 92 72 133 86 75 103 100 124 73 42 47 86 69 168 111 83 101 0 103 90 109 25 111 31 100 102 49 46 107 100 74 85 124 161 105 77 120 72 82 68 72 65 106 126 133 71 59 
91 64 120 72 93 94 122 99 81 95 165 114 98 118 63 21 68 93 56 108 98 201 120 95 112 103 0 99 74 110 139 126 122 70 92 95 56 65 93 34 146 167 118 26 84 50 91 77 81 98 94 78 145 114 108 
131 88 85 106 140 135 114 86 128 61 188 118 111 87 128 120 104 80 43 70 64 223 21 120 97 90 99 0 162 80 143 113 84 108 81 84 121 153 59 81 108 164 89 73 125 149 86 64 68 120 132 125 110 153 95 
35 112 158 107 156 53 107 113 103 111 173 140 86 160 90 53 107 101 119 143 114 157 145 80 71 109 74 162 0 84 142 140 147 105 108 105 97 9 109 81 138 140 144 89 43 124 132 140 97 98 135 37 130 79 70 
101 114 76 75 135 105 85 29 94 91 108 61 100 78 75 119 48 17 54 61 88 143 101 58 76 25 110 80 84 0 86 56 75 77 24 21 82 75 93 92 99 139 80 84 95 97 60 75 79 40 81 101 108 96 84 
148 158 120 75 193 109 128 115 85 127 150 25 102 122 90 160 86 103 140 105 126 164 154 101 127 111 139 143 142 86 0 142 119 77 62 65 83 133 129 149 125 185 124 157 99 183 118 161 145 119 45 105 146 141 118 
157 105 132 108 126 120 141 27 100 95 164 117 106 134 93 147 104 67 70 117 92 199 134 114 128 31 126 113 140 56 142 0 125 110 80 77 86 131 97 108 155 130 128 100 110 103 51 91 95 96 124 104 164 94 90 
117 67 29 50 110 114 58 98 102 36 178 94 94 31 79 143 73 63 100 14 33 195 63 77 76 100 122 84 147 75 119 125 0 52 57 54 72 138 38 115 52 172 5 123 104 73 107 107 112 95 76 110 127 88 85 
99 113 53 2 134 72 52 106 108 88 149 82 125 55 31 91 83 94 126 38 85 146 87 25 90 102 70 108 105 77 77 110 52 0 59 56 24 96 90 104 76 138 57 96 62 120 59 147 117 43 62 68 75 82 137 
86 98 58 57 139 86 66 53 118 67 130 37 124 60 86 113 24 41 78 43 64 160 92 39 100 49 92 81 108 24 62 80 57 59 0 3 79 99 69 116 81 123 62 108 76 121 84 99 103 57 57 82 89 120 108 
83 101 55 54 136 89 69 50 115 70 127 40 121 57 83 116 27 38 75 40 67 163 89 42 97 46 95 84 105 21 65 77 54 56 3 0 76 96 72 113 78 126 59 105 79 118 81 96 100 60 60 85 92 117 105 
114 89 73 22 110 96 76 111 126 108 125 58 136 75 7 77 103 99 112 58 105 145 107 49 114 107 56 121 97 82 83 86 72 24 79 76 0 88 110 90 96 114 77 82 86 106 35 133 93 42 38 92 99 58 120 
26 103 149 98 147 44 98 104 112 102 164 136 95 151 81 44 116 92 110 134 105 148 136 71 62 100 65 153 9 75 133 131 138 96 99 96 88 0 100 72 129 149 135 80 34 115 123 131 106 89 126 28 121 70 79 
89 29 67 88 90 76 73 70 77 2 140 104 60 69 117 114 45 99 100 52 5 203 38 100 38 74 93 59 109 93 129 97 38 90 69 72 110 100 0 87 90 144 35 95 66 99 83 79 103 118 84 72 127 118 76 
98 98 86 106 75 60 114 81 115 89 180 148 106 84 97 55 102 75 38 101 92 208 102 87 78 85 34 81 81 92 149 108 115 104 116 113 90 72 87 0 139 159 120 8 50 84 121 59 63 105 128 44 137 102 90 
155 119 53 74 134 117 82 128 126 88 205 100 143 55 103 167 105 115 151 38 85 219 87 101 128 124 146 108 138 99 125 155 52 76 81 78 96 129 90 139 0 204 57 147 107 125 131 159 164 119 100 101 151 140 137 
175 133 181 136 154 193 189 157 197 142 239 160 180 183 121 188 99 156 121 166 139 259 182 162 182 161 167 164 140 139 185 130 172 138 123 126 114 149 144 159 204 0 175 151 183 203 79 142 137 156 152 177 212 172 164 
120 64 34 55 115 111 63 101 107 33 175 99 91 36 84 139 76 68 105 19 36 200 68 82 73 105 118 89 144 80 124 128 5 57 62 59 77 135 35 120 57 175 0 128 101 68 112 110 117 100 81 107 132 83 90 
106 90 94 98 67 68 122 73 107 97 188 140 98 92 89 47 94 67 30 109 100 216 94 95 86 77 26 73 89 84 157 100 123 96 108 105 82 80 95 8 147 151 128 0 58 76 113 51 55 113 120 52 145 110 82 
60 81 115 64 114 10 64 124 143 68 130 113 126 117 90 78 100 89 88 100 71 158 104 37 28 120 84 125 43 95 99 110 104 62 76 79 86 34 66 50 107 183 101 58 0 134 121 109 113 55 124 6 87 104 113 
141 70 102 122 143 144 131 76 131 101 205 158 147 104 113 71 118 114 106 87 104 240 136 145 117 72 50 149 124 97 183 103 73 120 121 118 106 115 99 84 125 203 68 76 134 0 124 127 131 137 144 128 195 143 131 
149 54 108 57 75 131 111 78 118 85 160 93 101 110 42 112 108 77 83 93 88 180 107 84 121 82 91 86 132 60 118 51 107 59 84 81 35 123 83 121 131 79 112 113 121 124 0 104 58 77 73 127 134 93 85 
108 108 136 149 118 119 128 64 106 77 183 136 89 138 140 98 114 58 21 121 74 192 85 133 99 68 77 64 140 75 161 91 107 147 99 96 133 131 79 59 159 142 110 51 109 127 104 0 46 115 156 103 174 131 73 
132 112 141 115 122 123 82 68 60 101 144 140 43 143 100 102 127 62 25 126 104 222 89 109 123 72 81 68 97 79 145 95 112 117 103 100 93 106 103 63 164 137 117 55 113 131 58 46 0 119 131 107 159 135 27 
115 122 96 45 152 65 45 69 134 116 148 94 140 98 35 119 81 57 94 81 119 103 130 18 83 65 98 120 98 40 119 96 95 43 57 60 42 89 118 105 119 156 100 113 55 137 77 115 119 0 80 61 68 86 124 
143 113 77 60 148 134 106 110 88 82 163 20 105 79 45 115 81 98 135 62 85 119 111 87 122 106 94 132 135 81 45 124 76 62 57 60 38 126 84 128 100 152 81 120 124 144 73 156 131 80 0 130 137 96 121 
54 75 121 70 119 16 70 125 140 74 136 119 123 123 96 72 106 95 82 106 77 164 110 43 34 126 78 125 37 101 105 104 110 68 82 85 92 28 72 44 101 177 107 52 6 128 127 103 107 61 130 0 93 98 107 
147 156 128 77 201 97 77 137 183 129 216 121 187 130 103 125 113 125 153 113 132 171 89 50 115 133 145 110 130 108 146 164 127 75 89 92 99 121 127 137 151 212 132 145 87 195 134 174 159 68 137 93 0 154 186 
96 147 117 80 168 114 131 67 163 116 169 116 146 119 51 114 144 107 110 102 119 189 151 104 132 71 114 153 79 96 141 94 88 82 120 117 58 70 118 102 140 172 83 110 104 143 93 131 135 86 96 98 154 0 130 
105 105 114 135 121 123 109 63 33 74 117 141 16 116 127 123 117 89 52 99 77 227 114 136 114 59 108 95 70 84 118 90 85 137 108 105 120 79 76 90 137 164 90 82 113 131 85 73 27 124 121 107 186 130 0 
84
24
86
79
8
20
9
36
28
67
81
63
34
17
8
89
61
9
64
97
80
57
23
26
56
69
28
37
46
14
5
46
94
67
76
38
51
70
81
73
98
87
20
65
55
65
49
14
9
79
67
37
15
54
