50
0 95 91 91 78 140 94 62 86 118 61 14 58 71 45 65 133 42 62 45 24 32 79 48 62 71 163 100 117 27 33 118 56 122 46 48 80 56 60 5 45 103 94 70 89 149 88 108 89 55 
95 0 96 55 109 156 100 72 92 93 90 81 98 77 105 81 83 91 55 50 91 85 132 85 129 24 205 52 110 94 86 42 77 92 99 101 66 133 81 100 72 66 69 64 39 154 141 86 138 94 
91 96 0 41 158 103 82 95 74 133 37 77 89 86 96 28 172 82 106 98 69 87 62 76 107 72 190 92 105 72 86 68 84 147 73 75 30 147 88 96 100 114 109 103 128 185 135 58 65 118 
91 55 41 0 130 101 65 54 72 106 35 77 70 63 77 26 131 63 87 57 67 73 103 57 105 31 193 73 86 70 72 27 65 106 85 87 11 131 69 96 86 73 82 62 87 161 116 39 106 118 
78 109 158 130 0 149 172 103 164 134 139 92 136 149 123 143 114 120 140 123 102 110 96 126 140 133 241 127 195 105 111 144 134 200 124 126 141 134 138 83 123 119 110 95 70 219 166 161 167 104 
140 156 103 101 149 0 129 155 121 193 84 126 149 133 156 75 142 142 166 157 116 144 165 136 154 132 258 152 156 119 145 128 144 207 141 143 90 196 144 145 157 174 169 163 181 184 195 118 168 167 
94 100 82 65 172 129 0 103 8 98 45 80 75 23 94 54 179 80 101 50 70 83 120 74 108 76 186 60 46 73 82 91 82 124 69 67 54 86 86 99 96 86 77 110 135 103 103 26 147 121 
62 72 95 54 103 155 103 0 95 118 89 48 56 80 54 80 77 40 60 79 58 30 77 46 96 85 151 77 115 61 31 81 54 120 34 36 65 77 58 67 43 103 94 8 33 182 86 93 66 89 
86 92 74 72 164 121 8 95 0 90 37 72 79 15 86 46 171 72 93 42 62 75 112 66 100 68 178 68 38 65 74 99 74 116 61 59 61 94 78 91 88 94 85 102 127 111 111 34 139 113 
118 93 133 106 134 193 98 118 90 0 127 104 134 75 129 118 176 115 148 96 94 122 169 121 132 75 238 41 128 97 123 133 129 155 121 119 103 174 133 123 135 33 24 110 132 200 152 75 125 145 
61 90 37 35 139 84 45 89 37 127 0 47 83 52 78 9 146 75 95 78 37 65 99 70 75 66 174 86 72 40 66 62 78 141 57 59 24 117 82 66 78 108 103 97 102 148 121 52 102 88 
14 81 77 77 92 126 80 48 72 104 47 0 44 57 31 51 119 28 48 31 10 18 65 34 48 57 149 86 103 13 19 104 42 108 32 34 66 70 46 19 31 89 80 56 75 135 74 94 103 41 
58 98 89 70 136 149 75 56 79 134 83 44 0 64 33 74 121 19 43 75 54 26 73 13 92 94 149 109 98 57 27 97 21 99 40 42 59 114 25 63 39 119 110 64 89 178 82 87 122 82 
71 77 86 63 149 133 23 80 15 75 52 57 64 0 71 58 156 57 81 27 47 60 97 51 85 53 163 82 53 50 59 90 59 131 46 44 73 109 63 76 73 95 99 87 112 126 114 49 146 98 
45 105 96 77 123 156 94 54 86 129 78 31 33 71 0 81 128 14 50 62 41 24 71 20 79 88 126 116 105 44 23 104 28 94 36 38 66 101 32 50 37 112 105 62 87 166 78 94 120 72 
65 81 28 26 143 75 54 80 46 118 9 51 74 58 81 0 150 67 91 82 41 69 90 61 79 57 183 77 81 44 70 53 69 132 66 68 15 121 73 70 82 99 94 88 106 157 120 43 93 92 
133 83 172 131 114 142 179 77 171 176 146 119 121 156 128 150 0 114 78 133 109 107 154 108 147 107 228 135 133 106 108 118 100 175 111 113 142 138 104 138 95 144 152 69 44 193 163 169 143 117 
42 91 82 63 120 142 80 40 72 115 75 28 19 57 14 67 114 0 36 59 38 10 57 6 76 76 139 102 91 41 9 90 14 80 22 24 52 98 18 47 23 100 91 48 73 163 64 80 106 69 
62 55 106 87 140 166 101 60 93 148 95 48 43 81 50 91 78 36 0 79 58 30 77 30 96 79 150 107 55 61 31 97 22 116 44 46 76 118 26 67 17 121 124 68 93 139 86 104 126 39 
45 50 98 57 123 157 50 79 42 96 78 31 75 27 62 82 133 59 79 0 41 49 96 65 79 26 180 55 80 44 50 84 73 106 63 65 68 101 77 50 62 68 72 87 89 104 105 76 134 72 
24 91 69 67 102 116 70 58 62 94 37 10 54 47 41 41 109 38 58 41 0 28 75 44 38 67 159 87 100 3 29 94 52 118 42 44 56 80 56 29 41 79 70 66 65 145 84 84 113 51 
32 85 87 73 110 144 83 30 75 122 65 18 26 60 24 69 107 10 30 49 28 0 47 16 66 68 131 104 85 31 1 98 24 90 14 16 62 88 28 37 13 107 98 38 63 153 56 90 96 59 
79 132 62 103 96 165 120 77 112 169 99 65 73 97 71 90 154 57 77 96 75 47 0 63 113 115 168 151 132 78 48 118 71 137 51 53 92 135 75 84 60 154 145 85 110 200 103 120 127 106 
48 85 76 57 126 136 74 46 66 121 70 34 13 51 20 61 108 6 30 65 44 16 63 0 82 82 136 96 85 47 15 84 8 86 28 30 46 104 12 53 29 106 97 54 79 169 70 74 112 69 
62 129 107 105 140 154 108 96 100 132 75 48 92 85 79 79 147 76 96 79 38 66 113 82 0 105 197 125 138 41 67 132 90 156 80 82 94 118 94 67 79 117 108 104 103 183 122 122 151 89 
71 24 72 31 133 132 76 85 68 75 66 57 94 53 88 57 107 76 79 26 67 68 115 82 105 0 197 68 106 70 67 58 90 80 80 82 42 127 94 76 81 42 51 88 63 130 122 70 137 98 
163 205 190 193 241 258 186 151 178 238 174 149 149 163 126 183 228 139 150 180 159 131 168 136 197 197 0 228 205 162 130 201 128 194 117 119 182 219 124 168 144 233 224 159 184 104 185 210 200 189 
100 52 92 73 127 152 60 77 68 41 86 86 109 82 116 77 135 102 107 55 87 104 151 96 125 68 228 0 106 90 105 94 104 144 111 113 62 138 108 105 117 26 17 69 91 159 111 34 143 127 
117 110 105 86 195 156 46 115 38 128 72 103 98 53 105 81 133 91 55 80 100 85 132 85 138 106 205 106 0 103 86 113 77 152 99 97 75 132 81 122 72 132 123 123 148 149 141 72 170 94 
27 94 72 70 105 119 73 61 65 97 40 13 57 50 44 44 106 41 61 44 3 31 78 47 41 70 162 90 103 0 32 97 55 121 45 47 59 83 59 32 44 82 73 69 62 148 87 87 116 54 
33 86 86 72 111 145 82 31 74 123 66 19 27 59 23 70 108 9 31 50 29 1 48 15 67 67 130 105 86 32 0 97 23 89 13 15 61 89 27 38 14 108 99 39 64 154 55 89 97 60 
118 42 68 27 144 128 91 81 99 133 62 104 97 90 104 53 118 90 97 84 94 98 118 84 132 58 201 94 113 97 97 0 92 79 84 86 38 158 96 123 111 100 109 89 74 188 143 66 133 136 
56 77 84 65 134 144 82 54 74 129 78 42 21 59 28 69 100 14 22 73 52 24 71 8 90 90 128 104 77 55 23 92 0 94 36 38 54 112 4 61 37 114 105 62 87 161 78 82 120 61 
122 92 147 106 200 207 124 120 116 155 141 108 99 131 94 132 175 80 116 106 118 90 137 86 156 80 194 144 152 121 89 79 94 0 102 104 117 178 98 127 103 122 131 128 131 210 144 145 94 149 
46 99 73 85 124 141 69 34 61 121 57 32 40 46 36 66 111 22 44 63 42 14 51 28 80 80 117 111 99 45 13 84 36 102 0 2 74 102 40 51 27 121 112 42 67 167 68 95 100 73 
48 101 75 87 126 143 67 36 59 119 59 34 42 44 38 68 113 24 46 65 44 16 53 30 82 82 119 113 97 47 15 86 38 104 2 0 76 104 42 53 29 123 114 44 69 169 70 93 102 75 
80 66 30 11 141 90 54 65 61 103 24 66 59 73 66 15 142 52 76 68 56 62 92 46 94 42 182 62 75 59 61 38 54 117 74 76 0 136 58 85 75 84 79 73 98 157 105 28 95 107 
56 133 147 131 134 196 86 77 94 174 117 70 114 109 101 121 138 98 118 101 80 88 135 104 118 127 219 138 132 83 89 158 112 178 102 104 136 0 116 61 101 159 150 69 94 189 99 112 143 111 
60 81 88 69 138 144 86 58 78 133 82 46 25 63 32 73 104 18 26 77 56 28 75 12 94 94 124 108 81 59 27 96 4 98 40 42 58 116 0 65 41 118 109 66 91 165 82 86 124 65 
5 100 96 96 83 145 99 67 91 123 66 19 63 76 50 70 138 47 67 50 29 37 84 53 67 76 168 105 122 32 38 123 61 127 51 53 85 61 65 0 50 108 99 75 94 154 93 113 84 60 
45 72 100 86 123 157 96 43 88 135 78 31 39 73 37 82 95 23 17 62 41 13 60 29 79 81 144 117 72 44 14 111 37 103 27 29 75 101 41 50 0 120 111 51 76 156 69 103 109 56 
103 66 114 73 119 174 86 103 94 33 108 89 119 95 112 99 144 100 121 68 79 107 154 106 117 42 233 26 132 82 108 100 114 122 121 123 84 159 118 108 120 0 9 95 105 172 137 60 158 130 
94 69 109 82 110 169 77 94 85 24 103 80 110 99 105 94 152 91 124 72 70 98 145 97 108 51 224 17 123 73 99 109 105 131 112 114 79 150 109 99 111 9 0 86 108 176 128 51 149 121 
70 64 103 62 95 163 110 8 102 110 97 56 64 87 62 88 69 48 68 87 66 38 85 54 104 88 159 69 123 69 39 89 62 128 42 44 73 69 66 75 51 95 86 0 25 174 94 101 74 97 
89 39 128 87 70 181 135 33 127 132 102 75 89 112 87 106 44 73 93 89 65 63 110 79 103 63 184 91 148 62 64 74 87 131 67 69 98 94 91 94 76 105 108 25 0 149 119 125 99 116 
149 154 185 161 219 184 103 182 111 200 148 135 178 126 166 157 193 163 139 104 145 153 200 169 183 130 104 159 149 148 154 188 161 210 167 169 157 189 165 154 156 172 176 174 149 0 206 129 238 120 
88 141 135 116 166 195 103 86 111 152 121 74 82 114 78 120 163 64 86 105 84 56 103 70 122 122 185 111 141 87 55 143 78 144 68 70 105 99 82 93 69 137 128 94 119 206 0 77 152 115 
108 86 58 39 161 118 26 93 34 75 52 94 87 49 94 43 169 80 104 76 84 90 120 74 122 70 210 34 72 87 89 66 82 145 95 93 28 112 86 113 103 60 51 101 125 129 77 0 123 135 
89 138 65 106 167 168 147 66 139 125 102 103 122 146 120 93 143 106 126 134 113 96 127 112 151 137 200 143 170 116 97 133 120 94 100 102 95 143 124 84 109 158 149 74 99 238 152 123 0 144 
55 94 118 118 104 167 121 89 113 145 88 41 82 98 72 92 117 69 39 72 51 59 106 69 89 98 189 127 94 54 60 136 61 149 73 75 107 111 65 60 56 130 121 97 116 120 115 135 144 0 
66
48
32
72
80
54
7
36
37
65
57
1
94
94
78
53
33
42
43
23
61
23
33
39
78
4
50
8
26
31
59
26
85
9
25
48
58
19
82
90
55
96
46
67
65
23
55
13
79
