70
0 20 49 50 36 64 62 46 59 75 41 43 16 44 61 45 52 52 64 34 45 54 69 5 46 119 103 65 59 52 75 75 76 52 54 50 60 22 26 40 43 85 56 75 54 67 26 63 45 66 55 68 73 35 80 77 59 68 64 44 75 53 35 41 58 56 65 74 65 57 
20 0 40 58 27 57 67 26 63 78 21 25 26 24 45 55 45 34 74 14 27 36 49 15 28 99 109 45 39 32 78 68 58 45 47 30 47 2 36 50 63 66 36 62 36 60 36 73 48 53 42 55 55 15 62 57 69 62 44 24 55 53 39 33 49 66 50 84 52 44 
49 40 0 44 13 72 67 41 78 78 36 31 44 32 51 49 75 40 74 29 33 42 73 44 28 114 115 85 79 68 40 94 64 60 76 66 66 38 54 68 92 37 50 68 36 71 48 102 48 68 61 66 46 51 68 71 80 75 55 39 66 68 54 48 9 68 50 78 71 59 
50 58 44 0 31 82 83 39 86 94 44 41 51 42 61 5 62 50 30 47 43 30 80 45 44 122 132 83 97 77 84 85 74 70 69 79 78 56 61 75 91 68 38 73 52 77 41 103 64 84 73 82 70 69 78 59 95 66 65 47 60 66 62 56 53 85 66 34 83 75 
36 27 13 31 0 59 54 28 65 65 23 18 42 19 38 36 62 27 61 16 20 29 60 31 15 101 111 72 66 55 53 81 51 47 63 53 53 25 52 66 79 50 37 55 23 58 35 89 35 55 48 53 48 38 55 58 67 62 42 26 53 55 41 35 22 81 37 65 58 46 
64 57 72 82 59 0 71 63 80 82 58 41 48 42 21 77 51 50 72 52 43 52 22 59 44 134 126 85 96 25 82 72 74 12 47 27 18 55 58 56 84 83 60 78 40 66 58 115 52 26 15 10 48 48 76 67 24 85 40 59 51 69 56 50 81 83 26 84 23 17 
62 67 67 83 54 71 0 65 67 26 60 42 68 43 62 78 57 50 72 53 44 53 73 57 39 138 88 77 92 79 49 80 26 71 87 81 69 65 78 85 85 84 61 53 31 42 59 115 19 71 69 61 72 78 79 82 75 60 65 63 76 72 75 69 76 77 45 107 74 70 
46 26 41 39 28 63 65 0 61 76 5 23 50 22 43 43 35 32 69 12 25 18 65 41 26 97 107 71 65 54 76 58 56 52 68 52 55 24 54 40 89 40 10 60 34 50 40 99 46 66 55 63 53 37 60 31 77 67 47 22 47 27 37 31 50 87 48 72 60 57 
59 63 78 86 65 80 67 61 0 61 56 52 43 53 72 81 86 58 91 49 50 63 82 54 55 114 94 54 85 63 78 99 57 76 81 65 78 61 53 67 62 90 71 30 60 71 53 103 48 84 73 70 77 74 75 92 84 37 73 39 84 69 24 30 87 105 54 110 83 75 
75 78 78 94 65 82 26 76 61 0 71 53 80 54 73 89 68 59 98 64 55 64 84 70 50 140 114 55 103 90 60 91 52 82 98 92 80 76 90 96 63 95 72 31 42 53 70 128 30 82 80 72 83 89 76 93 86 38 74 65 85 83 80 74 87 88 56 118 85 81 
41 21 36 44 23 58 60 5 56 71 0 18 45 17 38 48 40 27 73 7 20 23 60 36 21 92 102 66 60 49 71 63 51 47 63 47 55 19 55 45 84 45 15 55 29 55 35 94 41 61 50 59 48 32 55 36 73 62 42 17 52 32 32 26 45 87 43 77 60 52 
43 25 31 41 18 41 42 23 52 53 18 0 27 1 20 36 44 9 55 11 2 11 42 38 3 96 95 61 64 42 53 63 33 29 45 44 37 23 37 51 69 42 19 37 11 46 17 96 23 43 32 41 30 36 37 40 55 44 24 21 35 50 36 30 40 81 25 65 42 34 
16 26 44 51 42 48 68 50 43 80 45 27 0 28 45 51 68 36 48 38 29 38 61 11 30 105 89 71 65 46 80 90 60 36 38 48 44 28 10 24 59 69 46 64 38 73 10 69 50 50 39 52 57 41 64 67 65 71 51 34 62 37 19 25 53 62 49 69 49 41 
44 24 32 42 19 42 43 22 53 54 17 1 28 0 21 37 45 10 56 10 3 12 43 39 4 95 96 62 63 43 54 64 34 30 46 45 38 22 38 52 70 43 20 38 12 47 18 97 24 44 33 42 31 35 38 41 56 45 25 20 36 49 35 29 41 82 26 66 43 35 
61 45 51 61 38 21 62 43 72 73 38 20 45 21 0 56 48 29 69 31 22 31 37 56 23 116 115 81 84 22 73 71 53 9 62 24 17 43 55 53 89 62 39 57 31 63 37 114 43 23 12 25 47 45 57 60 39 64 44 41 55 66 56 50 60 82 36 83 22 14 
45 55 49 5 36 77 78 43 81 89 48 36 51 37 56 0 57 45 35 47 38 25 78 40 39 117 127 78 94 78 89 80 69 65 74 80 73 57 61 75 86 63 33 68 47 72 46 98 59 79 68 77 65 70 73 54 91 61 60 42 65 70 57 51 58 80 61 29 78 70 
52 45 75 62 62 51 57 35 86 68 40 44 68 45 48 57 0 53 81 47 46 33 61 57 47 132 138 90 79 46 68 23 77 39 44 48 41 43 78 75 95 71 25 68 50 15 61 112 38 47 36 49 40 56 81 46 63 75 62 57 51 62 72 66 77 96 60 76 46 38 
52 34 40 50 27 50 50 32 58 59 27 9 36 10 29 45 53 0 56 20 11 20 33 47 12 105 86 52 73 51 62 54 24 38 54 53 46 32 46 60 60 51 28 28 20 55 26 105 32 52 41 45 39 44 46 42 47 35 15 30 26 59 45 39 49 90 34 74 51 43 
64 74 74 30 61 72 72 69 91 98 73 55 48 56 69 35 81 56 0 66 57 60 50 59 58 151 108 97 113 74 104 58 46 78 66 76 70 76 58 72 90 81 67 73 66 96 38 117 78 86 75 62 85 70 53 46 73 80 41 76 30 85 67 73 83 110 78 64 75 77 
34 14 29 47 16 52 53 12 49 64 7 11 38 10 31 47 47 20 66 0 13 22 53 29 14 85 95 59 53 42 64 70 44 40 56 40 48 12 48 52 77 52 22 48 22 57 28 87 34 54 43 52 41 25 48 43 66 55 35 10 46 39 25 19 38 80 36 76 53 45 
45 27 33 43 20 43 44 25 50 55 20 2 29 3 22 38 46 11 57 13 0 13 44 40 5 98 97 63 66 44 55 65 35 31 47 46 39 25 39 53 71 40 21 39 13 48 19 98 25 45 34 43 32 38 35 42 57 46 26 23 37 52 38 32 42 83 27 67 44 36 
54 36 42 30 29 52 53 18 63 64 23 11 38 12 31 25 33 20 60 22 13 0 53 49 14 107 106 72 75 53 64 56 44 40 56 55 48 34 48 58 80 38 8 48 22 48 28 107 34 54 43 52 41 47 48 29 66 55 35 32 45 45 47 41 51 85 36 54 53 45 
69 49 73 80 60 22 73 65 82 84 60 42 61 43 37 78 61 33 50 53 44 53 0 64 45 136 119 85 88 35 84 57 57 28 49 37 20 47 71 66 62 80 61 61 42 76 59 117 54 36 25 12 50 47 78 45 26 68 18 61 29 79 58 52 82 85 28 86 25 27 
5 15 44 45 31 59 57 41 54 70 36 38 11 39 56 40 57 47 59 29 40 49 64 0 41 114 98 60 54 47 70 80 71 47 49 45 55 17 21 35 48 80 51 75 49 63 21 58 40 61 50 63 68 30 75 72 54 73 59 39 70 48 30 36 53 51 60 69 60 52 
46 28 28 44 15 44 39 26 55 50 21 3 30 4 23 39 47 12 58 14 5 14 45 41 0 99 96 64 67 43 50 66 36 32 48 45 38 26 40 54 72 45 22 40 8 43 20 99 20 40 33 38 33 39 40 43 52 47 27 24 38 53 39 33 37 78 22 68 43 31 
119 99 114 122 101 134 138 97 114 140 92 96 105 95 116 117 132 105 151 85 98 107 136 114 99 0 160 144 138 127 149 155 129 125 141 125 127 97 95 81 162 135 107 133 107 142 113 172 119 129 122 124 126 110 133 128 138 140 120 75 131 94 90 84 123 165 108 146 132 124 
103 109 115 132 111 126 88 107 94 114 102 95 89 96 115 127 138 86 108 95 97 106 119 98 96 160 0 113 148 109 75 140 62 120 127 111 112 107 99 113 121 94 114 89 88 123 99 156 100 128 117 116 123 120 132 128 130 96 101 85 112 126 70 76 106 47 100 98 107 119 
65 45 85 83 72 85 77 71 54 55 66 61 71 62 81 78 90 52 97 59 63 72 85 60 64 144 113 0 84 77 109 93 51 86 92 75 83 47 81 95 42 103 80 24 72 77 78 118 84 94 83 75 91 60 55 94 89 17 67 69 78 98 78 78 94 111 59 107 88 85 
59 39 79 97 66 96 92 65 85 103 60 64 65 63 84 94 79 73 113 53 66 75 88 54 67 138 148 84 0 71 103 102 97 84 86 69 86 41 75 89 102 105 75 101 61 94 75 112 73 92 81 91 94 54 101 96 105 101 83 63 94 92 78 72 88 105 75 123 91 83 
52 32 68 77 55 25 79 54 63 90 49 42 46 43 22 78 46 51 74 42 44 53 35 47 43 127 109 77 71 0 85 69 75 13 60 2 15 30 56 51 95 84 60 69 48 61 36 105 60 21 10 23 45 23 73 79 37 76 52 52 63 64 39 45 77 80 34 81 20 12 
75 78 40 84 53 82 49 76 78 60 71 53 80 54 73 89 68 62 104 64 55 64 84 70 50 149 75 109 103 85 0 91 58 78 98 87 80 76 90 96 117 59 72 85 42 53 70 128 30 64 75 72 68 89 90 93 86 92 77 74 88 83 86 80 31 28 56 79 85 73 
75 68 94 85 81 72 80 58 99 91 63 63 90 64 71 80 23 54 58 70 65 56 57 80 66 155 140 93 102 69 91 0 78 62 67 71 64 66 100 94 88 79 48 69 73 38 80 135 61 70 59 62 63 68 100 44 71 76 39 80 28 85 95 89 100 119 78 99 69 61 
76 58 64 74 51 74 26 56 57 52 51 33 60 34 53 69 77 24 46 44 35 44 57 71 36 129 62 51 97 75 58 78 0 62 78 77 70 56 70 84 59 75 52 27 44 68 50 129 45 76 65 69 63 68 70 66 71 34 39 54 50 83 69 63 73 86 58 98 75 67 
52 45 60 70 47 12 71 52 76 82 47 29 36 30 9 65 39 38 78 40 31 40 28 47 32 125 120 86 84 13 78 62 62 0 53 15 8 43 46 44 90 71 48 66 40 54 46 105 52 14 3 16 38 36 66 69 30 73 46 50 57 57 52 51 69 73 27 74 13 5 
54 47 76 69 63 47 87 68 81 98 63 45 38 46 62 74 44 54 66 56 47 56 49 49 48 141 127 92 86 60 98 67 78 53 0 62 45 49 48 62 97 87 64 82 56 59 28 68 68 61 50 37 75 62 82 85 51 89 67 66 78 75 57 63 85 100 53 103 50 52 
50 30 66 79 53 27 81 52 65 92 47 44 48 45 24 80 48 53 76 40 46 55 37 45 45 125 111 75 69 2 87 71 77 15 62 0 17 28 58 53 93 86 62 71 50 63 38 103 62 23 12 25 47 21 75 77 39 78 50 50 61 66 41 47 75 82 36 83 22 14 
60 47 66 78 53 18 69 55 78 80 55 37 44 38 17 73 41 46 70 48 39 48 20 55 38 127 112 83 86 15 80 64 70 8 45 17 0 45 54 46 82 79 45 74 38 56 51 113 50 16 5 8 30 38 58 65 22 81 38 57 49 59 54 48 67 65 24 66 5 7 
22 2 38 56 25 55 65 24 61 76 19 23 28 22 43 57 43 32 76 12 25 34 47 17 26 97 107 47 41 30 76 66 56 43 49 28 45 0 38 52 65 64 34 60 34 58 38 75 46 51 40 53 53 13 60 55 67 64 42 22 53 51 37 31 47 68 48 86 50 42 
26 36 54 61 52 58 78 54 53 90 55 37 10 38 55 61 78 46 58 48 39 48 71 21 40 95 99 81 75 56 90 100 70 46 48 58 54 38 0 14 69 68 56 74 48 83 20 79 60 60 49 62 67 51 74 77 75 81 61 44 72 27 29 35 63 72 59 79 59 51 
40 50 68 75 66 56 85 40 67 96 45 51 24 52 53 75 75 60 72 52 53 58 66 35 54 81 113 95 89 51 96 94 84 44 62 53 46 52 14 0 83 54 50 88 62 89 34 93 66 52 41 54 76 65 88 71 68 95 55 58 66 13 43 49 77 86 65 93 51 43 
43 63 92 91 79 84 85 89 62 63 84 69 59 70 89 86 95 60 90 77 71 80 62 48 72 162 121 42 102 95 117 88 59 90 97 93 82 65 69 83 0 111 88 32 80 85 69 106 88 98 87 74 99 78 63 76 88 25 71 87 60 96 78 84 101 99 90 115 87 89 
85 66 37 68 50 83 84 40 90 95 45 42 69 43 62 63 71 51 81 52 40 38 80 80 45 135 94 103 105 84 59 79 75 71 87 86 79 64 68 54 111 0 46 79 53 86 59 138 65 85 74 83 65 77 75 67 94 86 62 62 51 41 77 71 28 47 67 92 84 76 
56 36 50 38 37 60 61 10 71 72 15 19 46 20 39 33 25 28 67 22 21 8 61 51 22 107 114 80 75 60 72 48 52 48 64 62 45 34 56 50 88 46 0 56 30 40 36 109 42 61 50 53 49 47 56 21 67 63 43 32 37 37 47 41 59 93 44 62 50 52 
75 62 68 73 55 78 53 60 30 31 55 37 64 38 57 68 68 28 73 48 39 48 61 75 40 133 89 24 101 69 85 69 27 66 82 71 74 60 74 88 32 79 56 0 48 53 54 133 60 80 69 73 67 72 45 70 75 7 43 58 54 87 54 60 77 113 62 97 79 71 
54 36 36 52 23 40 31 34 60 42 29 11 38 12 31 47 50 20 66 22 13 22 42 49 8 107 88 72 61 48 42 73 44 40 56 50 38 34 48 62 80 53 30 48 0 35 28 107 12 40 38 30 41 47 48 51 44 55 35 32 46 61 44 38 45 70 14 76 43 39 
67 60 71 77 58 66 42 50 71 53 55 46 73 47 63 72 15 55 96 57 48 48 76 63 43 142 123 77 94 61 53 38 68 54 59 63 56 58 83 89 85 86 40 53 35 0 63 121 23 62 51 64 55 71 83 61 78 60 70 67 66 76 79 73 80 81 49 91 61 53 
26 36 48 41 35 58 59 40 53 70 35 17 10 18 37 46 61 26 38 28 19 28 59 21 20 113 99 78 75 36 70 80 50 46 28 38 51 38 20 34 69 59 36 54 28 63 0 79 40 57 46 58 47 51 54 57 72 61 41 38 52 47 29 35 57 72 42 75 56 48 
63 73 102 103 89 115 115 99 103 128 94 96 69 97 114 98 112 105 117 87 98 107 117 58 99 172 156 118 112 105 128 135 129 105 68 103 113 75 79 93 106 138 109 133 107 121 79 0 98 119 108 105 126 88 133 130 112 131 117 97 128 106 88 94 111 109 118 127 118 110 
45 48 48 64 35 52 19 46 48 30 41 23 50 24 43 59 38 32 78 34 25 34 54 40 20 119 100 84 73 60 30 61 45 52 68 62 50 46 60 66 88 65 42 60 12 23 40 98 0 52 50 42 53 59 60 63 56 67 47 44 58 53 56 50 57 58 26 88 55 51 
66 53 68 84 55 26 71 66 84 82 61 43 50 44 23 79 47 52 86 54 45 54 36 61 40 129 128 94 92 21 64 70 76 14 61 23 16 51 60 52 98 85 61 80 40 62 57 119 52 0 11 24 46 44 74 81 38 87 54 54 65 65 60 59 77 81 35 82 21 9 
55 42 61 73 48 15 69 55 73 80 50 32 39 33 12 68 36 41 75 43 34 43 25 50 33 122 117 83 81 10 75 59 65 3 50 12 5 40 49 41 87 74 50 69 38 51 46 108 50 11 0 13 35 33 63 70 27 76 43 53 54 54 49 48 70 70 24 71 10 2 
68 55 66 82 53 10 61 63 70 72 59 41 52 42 25 77 49 45 62 52 43 52 12 63 38 124 116 75 91 23 72 62 69 16 37 25 8 53 62 54 74 83 53 73 30 64 58 105 42 24 13 0 38 46 66 57 14 80 30 49 41 67 46 40 75 73 16 74 13 15 
73 55 46 70 48 48 72 53 77 83 48 30 57 31 47 65 40 39 85 41 32 41 50 68 33 126 123 91 94 45 68 63 63 38 75 47 30 53 67 76 99 65 49 67 41 55 47 126 53 46 35 38 0 66 67 70 52 74 54 51 65 80 53 47 37 85 54 36 25 37 
35 15 51 69 38 48 78 37 74 89 32 36 41 35 45 70 56 44 70 25 38 47 47 30 39 110 120 60 54 23 89 68 68 36 62 21 38 13 51 65 78 77 47 72 47 71 51 88 59 44 33 46 66 0 73 56 60 77 29 35 40 64 50 44 60 81 57 99 43 35 
80 62 68 78 55 76 79 60 75 76 55 37 64 38 57 73 81 46 53 48 35 48 78 75 40 133 132 55 101 73 90 100 70 66 82 75 58 60 74 88 63 75 56 45 48 83 54 133 60 74 63 66 67 73 0 77 80 38 61 58 72 87 73 67 77 113 62 102 53 65 
77 57 71 59 58 67 82 31 92 93 36 40 67 41 60 54 46 42 46 43 42 29 45 72 43 128 128 94 96 79 93 44 66 69 85 77 65 55 77 71 76 67 21 70 51 61 57 130 63 81 70 57 70 56 77 0 59 77 27 53 16 58 68 62 80 114 65 83 70 72 
59 69 80 95 67 24 75 77 84 86 73 55 65 56 39 91 63 47 73 66 57 66 26 54 52 138 130 89 105 37 86 71 71 30 51 39 22 67 75 68 88 94 67 75 44 78 72 112 56 38 27 14 52 60 80 59 0 82 32 63 43 81 60 54 89 87 30 88 27 29 
68 62 75 66 62 85 60 67 37 38 62 44 71 45 64 61 75 35 80 55 46 55 68 73 47 140 96 17 101 76 92 76 34 73 89 78 81 64 81 95 25 86 63 7 55 60 61 131 67 87 76 80 74 77 38 77 82 0 50 65 61 94 61 67 84 120 69 90 86 78 
64 44 55 65 42 40 65 47 73 74 42 24 51 25 44 60 62 15 41 35 26 35 18 59 27 120 101 67 83 52 77 39 39 46 67 50 38 42 61 55 71 62 43 43 35 70 41 117 47 54 43 30 54 29 61 27 32 50 0 45 11 68 60 54 64 103 46 89 43 45 
44 24 39 47 26 59 63 22 39 65 17 21 34 20 41 42 57 30 76 10 23 32 61 39 24 75 85 69 63 52 74 80 54 50 66 50 57 22 44 58 87 62 32 58 32 67 38 97 44 54 53 49 51 35 58 53 63 65 45 0 56 49 15 9 48 90 33 71 62 55 
75 55 66 60 53 51 76 47 84 85 52 35 62 36 55 65 51 26 30 46 37 45 29 70 38 131 112 78 94 63 88 28 50 57 78 61 49 53 72 66 60 51 37 54 46 66 52 128 58 65 54 41 65 40 72 16 43 61 11 56 0 74 71 65 75 98 57 94 54 56 
53 53 68 66 55 69 72 27 69 83 32 50 37 49 66 70 62 59 85 39 52 45 79 48 53 94 126 98 92 64 83 85 83 57 75 66 59 51 27 13 96 41 37 87 61 76 47 106 53 65 54 67 80 64 87 58 81 94 68 49 74 0 56 58 69 88 75 99 64 56 
35 39 54 62 41 56 75 37 24 80 32 36 19 35 56 57 72 45 67 25 38 47 58 30 39 90 70 78 78 39 86 95 69 52 57 41 54 37 29 43 78 77 47 54 44 79 29 88 56 60 49 46 53 50 73 68 60 61 60 15 71 56 0 6 63 81 30 86 59 51 
41 33 48 56 35 50 69 31 30 74 26 30 25 29 50 51 66 39 73 19 32 41 52 36 33 84 76 78 72 45 80 89 63 51 63 47 48 31 35 49 84 71 41 60 38 73 35 94 50 59 48 40 47 44 67 62 54 67 54 9 65 58 6 0 57 87 24 80 53 50 
58 49 9 53 22 81 76 50 87 87 45 40 53 41 60 58 77 49 83 38 42 51 82 53 37 123 106 94 88 77 31 100 73 69 85 75 67 47 63 77 101 28 59 77 45 80 57 111 57 77 70 75 37 60 77 80 89 84 64 48 75 69 63 57 0 59 59 73 62 68 
56 66 68 85 81 83 77 87 105 88 87 81 62 82 82 80 96 90 110 80 83 85 85 51 78 165 47 111 105 80 28 119 86 73 100 82 65 68 72 86 99 47 93 113 70 81 72 109 58 81 70 73 85 81 113 114 87 120 103 90 98 88 81 87 59 0 84 51 60 72 
65 50 50 66 37 26 45 48 54 56 43 25 49 26 36 61 60 34 78 36 27 36 28 60 22 108 100 59 75 34 56 78 58 27 53 36 24 48 59 65 90 67 44 62 14 49 42 118 26 35 24 16 54 57 62 65 30 69 46 33 57 75 30 24 59 84 0 90 29 26 
74 84 78 34 65 84 107 72 110 118 77 65 69 66 83 29 76 74 64 76 67 54 86 69 68 146 98 107 123 81 79 99 98 74 103 83 66 86 79 93 115 92 62 97 76 91 75 127 88 82 71 74 36 99 102 83 88 90 89 71 94 99 86 80 73 51 90 0 61 73 
65 52 71 83 58 23 74 60 83 85 60 42 49 43 22 78 46 51 75 53 44 53 25 60 43 132 107 88 91 20 85 69 75 13 50 22 5 50 59 51 87 84 50 79 43 61 56 118 55 21 10 13 25 43 53 70 27 86 43 62 54 64 59 53 62 60 29 61 0 12 
57 44 59 75 46 17 70 57 75 81 52 34 41 35 14 70 38 43 77 45 36 45 27 52 31 124 119 85 83 12 73 61 67 5 52 14 7 42 51 43 89 76 52 71 39 53 48 110 51 9 2 15 37 35 65 72 29 78 45 55 56 56 51 50 68 72 26 73 12 0 
86
26
8
35
89
15
42
79
56
46
21
85
63
52
88
13
60
3
58
16
83
74
41
53
35
33
71
54
12
43
91
99
32
85
6
26
78
71
36
15
27
61
45
23
61
79
13
96
50
63
23
93
97
34
38
11
28
46
91
40
17
42
3
19
60
56
73
99
60
