65
0 67 82 122 78 65 112 69 45 119 43 14 35 29 57 79 76 55 45 68 44 120 88 108 100 55 23 69 92 76 78 49 125 134 111 79 46 56 104 5 103 86 85 71 64 94 48 70 178 90 84 79 71 57 58 71 99 58 32 177 123 52 115 111 80 
67 0 55 55 80 74 85 78 72 109 24 53 44 38 41 52 42 82 54 70 53 111 81 66 95 64 90 55 51 39 87 58 109 117 109 72 55 42 90 72 112 72 80 44 91 104 103 28 163 99 65 86 66 66 62 98 72 85 41 130 118 61 95 115 89 
82 55 0 110 73 63 30 80 38 115 67 68 59 53 40 63 69 28 56 15 68 68 87 54 40 70 105 48 50 60 89 33 96 105 88 78 70 41 96 87 101 31 79 55 57 71 79 27 108 114 71 85 11 71 102 64 83 51 50 154 117 76 107 106 78 
122 55 110 0 113 104 140 131 89 144 79 108 99 93 96 107 97 99 107 120 108 166 96 121 131 119 135 110 106 94 140 113 164 172 117 105 110 97 145 127 117 127 110 99 70 100 130 83 184 104 112 116 116 112 117 115 127 76 96 75 142 108 141 170 119 
78 80 73 113 0 101 103 45 87 55 56 85 76 70 104 120 118 92 69 79 85 118 17 53 46 96 93 118 114 117 54 90 90 99 82 8 87 105 80 75 87 104 143 112 106 77 118 91 117 74 15 149 75 98 129 92 89 100 73 160 126 93 91 87 86 
65 74 63 104 101 0 93 76 53 89 50 51 30 36 85 26 50 63 52 56 39 107 107 110 81 62 88 91 95 39 85 30 82 73 81 98 41 86 90 70 38 94 57 34 34 64 45 72 148 51 91 63 52 8 81 79 62 40 39 147 95 37 86 118 15 
112 85 30 140 103 93 0 110 68 145 97 98 89 83 70 93 99 58 86 45 98 38 117 84 70 100 116 78 80 90 119 63 66 75 118 108 100 71 126 117 107 61 109 85 87 101 75 57 138 120 101 115 41 101 132 94 113 81 80 184 147 106 137 136 108 
69 78 80 131 45 76 110 0 42 67 54 55 46 40 109 80 73 52 24 73 55 99 46 82 75 66 92 95 106 77 9 54 119 128 94 37 57 108 35 74 70 111 111 72 61 87 83 106 146 57 44 105 69 68 99 68 100 55 37 153 149 63 46 42 91 
45 72 38 89 87 53 68 42 0 93 48 31 40 34 78 78 31 10 18 31 49 93 88 92 56 60 68 86 88 75 51 48 121 114 66 79 51 79 77 50 91 69 98 70 19 49 41 65 133 80 86 104 27 61 75 26 98 13 31 132 136 45 85 84 68 
119 109 115 144 55 89 145 67 93 0 85 105 96 90 121 84 124 103 91 108 105 157 56 82 75 116 139 135 85 97 58 104 129 138 27 47 107 122 51 121 126 133 127 92 74 44 134 108 94 113 44 121 104 97 139 119 118 80 87 127 165 112 62 91 104 
43 24 67 79 56 50 97 54 48 85 0 29 20 14 65 64 66 58 30 53 29 105 57 79 72 40 66 69 75 61 63 34 111 120 97 48 31 66 89 48 88 86 88 56 67 80 79 52 143 75 41 94 56 42 73 74 84 61 17 154 126 37 100 96 65 
14 53 68 108 85 51 98 55 31 105 29 0 21 15 71 65 62 41 31 54 30 106 86 101 86 41 37 70 78 62 64 35 112 121 97 77 32 70 90 19 89 87 99 57 50 80 62 81 164 76 70 93 57 43 44 57 85 44 18 163 137 38 101 97 66 
35 44 59 99 76 30 89 46 40 96 20 21 0 6 75 56 64 50 22 45 9 97 77 80 77 32 58 61 95 53 55 26 91 100 102 68 11 74 81 40 68 78 87 48 55 85 59 72 163 55 61 93 48 22 65 66 76 49 9 151 125 17 92 88 45 
29 38 53 93 70 36 83 40 34 90 14 15 6 0 69 50 65 44 16 39 15 91 71 86 71 26 52 55 89 47 49 20 97 106 100 62 17 68 75 34 74 72 93 42 53 83 65 66 157 61 55 99 42 28 59 60 70 47 3 157 131 23 86 82 51 
57 41 40 96 104 85 70 109 78 121 65 71 75 69 0 59 83 68 85 55 84 70 105 51 80 95 80 14 36 47 118 73 68 77 94 96 86 1 98 62 117 31 39 52 97 96 105 13 136 110 89 45 51 80 89 104 80 91 72 154 77 92 104 100 88 
79 52 63 107 120 26 93 80 78 84 64 65 56 50 59 0 76 69 60 51 65 107 121 84 79 76 102 73 69 13 89 30 90 81 107 112 67 60 64 84 64 90 83 8 60 90 71 46 166 77 105 89 52 34 55 104 36 66 47 164 121 63 75 122 41 
76 42 69 97 118 50 99 73 31 124 66 62 64 65 83 76 0 41 49 62 73 124 119 108 87 91 99 97 93 78 82 79 132 123 97 110 75 84 108 81 88 100 67 83 50 80 72 70 164 101 107 73 58 42 104 57 111 44 62 163 105 76 116 115 65 
55 82 28 99 92 63 58 52 10 103 58 41 50 44 68 69 41 0 28 21 59 96 93 82 46 70 78 76 78 66 61 39 113 104 76 84 61 69 87 60 101 59 107 61 29 59 51 55 136 90 77 113 17 69 85 36 89 23 41 142 145 55 95 94 78 
45 54 56 107 69 52 86 24 18 91 30 31 22 16 85 60 49 28 0 49 31 75 70 102 74 42 68 71 105 57 33 30 103 112 84 61 33 84 59 50 75 87 109 52 37 67 59 82 151 62 68 115 45 44 75 44 80 31 13 150 147 39 70 66 67 
68 70 15 120 79 56 45 73 31 108 53 54 45 39 55 51 62 21 49 0 54 83 80 69 33 55 91 63 65 53 79 26 111 120 81 71 56 56 89 73 94 46 94 48 50 64 72 42 123 100 64 100 4 64 95 57 76 44 42 147 132 62 100 112 71 
44 53 68 108 85 39 98 55 49 105 29 30 9 15 84 65 73 59 31 54 0 106 86 89 86 41 67 70 104 62 64 35 100 109 94 77 2 83 90 49 77 87 96 57 64 94 68 81 161 64 70 102 57 31 74 65 85 58 18 160 134 26 101 97 54 
120 111 68 166 118 107 38 99 93 157 105 106 97 91 70 107 124 96 75 83 106 0 119 121 108 110 143 84 106 104 108 101 28 37 156 110 108 71 134 125 69 99 107 99 112 139 113 83 122 82 117 101 79 115 146 119 82 106 88 178 145 114 145 141 95 
88 81 87 96 17 107 117 46 88 56 57 86 77 71 105 121 119 93 70 80 86 119 0 54 47 97 101 119 115 118 55 91 91 100 83 9 88 106 81 83 88 105 144 113 107 78 126 92 118 75 16 150 76 99 130 93 90 101 74 161 127 94 92 88 103 
108 66 54 121 53 110 84 82 92 82 79 101 80 86 51 84 108 82 102 69 89 121 54 0 69 112 131 65 61 97 91 87 119 128 109 45 91 52 117 113 109 82 90 92 111 100 133 38 140 111 38 96 65 102 128 115 110 105 89 179 128 97 128 124 125 
100 95 40 131 46 81 70 75 56 75 72 86 77 71 80 79 87 46 74 33 86 108 47 69 0 88 123 75 90 76 84 51 97 88 48 38 88 81 83 105 117 58 119 71 61 31 97 67 115 104 31 125 29 89 118 46 43 67 68 114 156 67 72 117 96 
55 64 70 119 96 62 100 66 60 116 40 41 32 26 95 76 91 70 42 55 41 110 97 112 88 0 78 81 115 73 75 46 82 91 126 88 43 94 101 60 100 98 119 68 79 109 91 92 176 87 81 125 59 54 85 86 96 73 29 183 157 49 112 108 77 
23 90 105 135 93 88 116 92 68 139 66 37 58 52 80 102 99 78 68 91 67 143 101 131 123 78 0 92 115 99 101 72 148 156 112 92 69 79 127 18 126 109 98 94 65 95 60 93 179 113 99 92 94 80 81 94 122 59 55 178 136 75 131 134 103 
69 55 48 110 118 91 78 95 86 135 69 70 61 55 14 73 97 76 71 63 70 84 119 65 75 81 92 0 50 61 104 75 82 91 108 110 72 13 112 74 129 17 53 66 105 106 117 27 122 116 103 59 59 83 103 112 94 99 58 168 91 78 118 114 102 
92 51 50 106 114 95 80 106 88 85 75 78 95 89 36 69 93 78 105 65 104 106 115 61 90 115 115 50 0 70 97 83 103 94 58 106 106 37 112 97 133 67 75 75 85 60 127 23 125 120 99 81 61 90 112 114 49 91 92 118 113 112 101 64 110 
76 39 60 94 117 39 90 77 75 97 61 62 53 47 47 13 78 66 57 53 62 104 118 97 76 73 99 61 70 0 77 27 87 78 120 109 64 48 51 81 77 78 86 5 73 103 73 59 163 90 102 92 49 36 42 101 33 79 44 169 124 70 62 110 54 
78 87 89 140 54 85 119 9 51 58 63 64 55 49 118 89 82 61 33 79 64 108 55 91 84 75 101 104 97 77 0 63 128 137 85 46 66 117 26 83 79 120 102 81 70 78 92 115 152 66 53 96 78 77 108 77 109 64 46 161 140 72 37 33 100 
49 58 33 113 90 30 63 54 48 104 34 35 26 20 73 30 79 39 30 26 35 101 91 87 51 46 72 75 83 27 63 0 104 95 99 82 37 73 78 54 68 64 87 22 64 82 75 60 141 81 75 93 22 38 69 74 50 61 17 165 125 43 89 96 45 
125 109 96 164 90 82 66 119 121 129 111 112 91 97 68 90 132 113 103 111 100 28 91 119 97 82 148 82 103 87 128 104 0 9 145 82 102 69 138 130 49 99 79 82 116 128 127 81 94 62 89 73 107 90 129 143 54 122 100 158 117 108 132 161 67 
134 117 105 172 99 73 75 128 114 138 120 121 100 106 77 81 123 104 112 120 109 37 100 128 88 91 156 91 94 78 137 95 9 0 136 91 111 78 129 138 58 108 70 73 107 119 118 90 85 71 98 64 116 81 120 134 45 113 109 167 108 110 123 158 58 
111 109 88 117 82 81 118 94 66 27 97 97 102 100 94 107 97 76 84 81 94 156 83 109 48 126 112 108 58 120 85 99 145 136 0 74 96 95 69 116 119 106 123 115 47 17 107 81 67 132 71 117 77 89 116 92 91 53 97 100 161 85 58 118 96 
79 72 78 105 8 98 108 37 79 47 48 77 68 62 96 112 110 84 61 71 77 110 9 45 38 88 92 110 106 109 46 82 82 91 74 0 79 97 72 74 79 96 135 104 98 69 117 83 109 66 7 141 67 90 121 84 81 92 65 152 118 85 83 79 94 
46 55 70 110 87 41 100 57 51 107 31 32 11 17 86 67 75 61 33 56 2 108 88 91 88 43 69 72 106 64 66 37 102 111 96 79 0 85 92 51 79 89 98 59 66 96 70 83 163 66 72 104 59 33 76 67 87 60 20 162 136 28 103 99 56 
56 42 41 97 105 86 71 108 79 122 66 70 74 68 1 60 84 69 84 56 83 71 106 52 81 94 79 13 37 48 117 73 69 78 95 97 85 0 99 61 118 30 40 53 98 97 104 14 135 111 90 46 52 81 90 105 81 92 71 155 78 91 105 101 89 
104 90 96 145 80 90 126 35 77 51 89 90 81 75 98 64 108 87 59 89 90 134 81 117 83 101 127 112 112 51 26 78 138 129 69 72 92 99 0 109 105 127 76 56 82 52 118 110 136 92 79 70 85 87 93 103 84 83 72 135 114 98 11 59 105 
5 72 87 127 75 70 117 74 50 121 48 19 40 34 62 84 81 60 50 73 49 125 83 113 105 60 18 74 97 81 83 54 130 138 116 74 51 61 109 0 108 91 80 76 69 99 43 75 183 95 81 74 76 62 63 76 104 63 37 182 118 57 120 116 85 
103 112 101 117 87 38 107 70 91 126 88 89 68 74 117 64 88 101 75 94 77 69 88 109 117 100 126 129 133 77 79 68 49 58 119 79 79 118 105 108 0 132 95 72 72 102 83 110 143 13 86 101 90 46 119 117 100 78 77 109 133 75 116 112 53 
86 72 31 127 104 94 61 111 69 133 86 87 78 72 31 90 100 59 87 46 87 99 105 82 58 98 109 17 67 78 120 64 99 108 106 96 89 30 127 91 132 0 70 83 88 89 110 44 105 133 89 76 42 100 120 95 101 82 75 170 108 95 130 131 109 
85 80 79 110 143 57 109 111 98 127 88 99 87 93 39 83 67 107 109 94 96 107 144 90 119 119 98 53 75 86 102 87 79 70 123 135 98 40 76 80 95 70 0 91 91 106 102 52 152 103 128 6 90 65 100 94 115 97 96 185 38 94 65 135 72 
71 44 55 99 112 34 85 72 70 92 56 57 48 42 52 8 83 61 52 48 57 99 113 92 71 68 94 66 75 5 81 22 82 73 115 104 59 53 56 76 72 83 91 0 68 98 78 54 158 85 97 97 44 41 47 96 28 74 39 172 129 65 67 114 49 
64 91 57 70 106 34 87 61 19 74 67 50 55 53 97 60 50 29 37 50 64 112 107 111 61 79 65 105 85 73 70 64 116 107 47 98 66 98 82 69 72 88 91 68 0 30 60 84 114 85 92 97 46 42 94 45 96 6 50 113 129 38 71 103 49 
94 104 71 100 77 64 101 87 49 44 80 80 85 83 96 90 80 59 67 64 94 139 78 100 31 109 95 106 60 103 78 82 128 119 17 69 96 97 52 99 102 89 106 98 30 0 90 83 84 115 62 100 60 72 99 75 74 36 80 83 144 68 41 111 79 
48 103 79 130 118 45 75 83 41 134 79 62 59 65 105 71 72 51 59 72 68 113 126 133 97 91 60 117 127 73 92 75 127 118 107 117 70 104 118 43 83 110 102 78 60 90 0 104 174 96 120 108 68 37 106 67 106 54 68 173 140 76 126 125 60 
70 28 27 83 91 72 57 106 65 108 52 81 72 66 13 46 70 55 82 42 81 83 92 38 67 92 93 27 23 59 115 60 81 90 81 83 83 14 110 75 110 44 52 54 84 83 104 0 135 97 76 58 38 67 90 91 72 78 69 141 90 89 117 87 87 
178 163 108 184 117 148 138 146 133 94 143 164 163 157 136 166 164 136 151 123 161 122 118 140 115 176 179 122 125 163 152 141 94 85 67 109 163 135 136 183 143 105 152 158 114 84 174 135 0 156 102 149 119 156 183 159 130 120 158 167 114 152 125 148 143 
90 99 114 104 74 51 120 57 80 113 75 76 55 61 110 77 101 90 62 100 64 82 75 111 104 87 113 116 120 90 66 81 62 71 132 66 66 111 92 95 13 133 103 85 85 115 96 97 156 0 73 109 103 59 109 106 113 91 64 96 141 72 103 99 66 
84 65 71 112 15 91 101 44 86 44 41 70 61 55 89 105 107 77 68 64 70 117 16 38 31 81 99 103 99 102 53 75 89 98 71 7 72 90 79 81 86 89 128 97 92 62 120 76 102 73 0 134 60 83 114 77 74 98 58 145 125 78 90 86 101 
79 86 85 116 149 63 115 105 104 121 94 93 93 99 45 89 73 113 115 100 102 101 150 96 125 125 92 59 81 92 96 93 73 64 117 141 104 46 70 74 101 76 6 97 97 100 108 58 149 109 134 0 96 71 106 100 109 103 102 183 44 100 59 129 78 
71 66 11 116 75 52 41 69 27 104 56 57 48 42 51 52 58 17 45 4 57 79 76 65 29 59 94 59 61 49 78 22 107 116 77 67 59 52 85 76 90 42 90 44 46 60 68 38 119 103 60 96 0 60 91 53 72 40 39 143 128 65 96 111 67 
57 66 71 112 98 8 101 68 61 97 42 43 22 28 80 34 42 69 44 64 31 115 99 102 89 54 80 83 90 36 77 38 90 81 89 90 33 81 87 62 46 100 65 41 42 72 37 67 156 59 83 71 60 0 78 87 69 48 31 155 103 39 94 110 23 
58 62 102 117 129 81 132 99 75 139 73 44 65 59 89 55 104 85 75 95 74 146 130 128 118 85 81 103 112 42 108 69 129 120 116 121 76 90 93 63 119 120 100 47 94 99 106 90 183 109 114 106 91 78 0 101 75 88 62 182 138 82 104 141 96 
71 98 64 115 92 79 94 68 26 119 74 57 66 60 104 104 57 36 44 57 65 119 93 115 46 86 94 112 114 101 77 74 143 134 92 84 67 105 103 76 117 95 94 96 45 75 67 91 159 106 77 100 53 87 101 0 89 39 57 158 132 71 111 110 94 
99 72 83 127 89 62 113 100 98 118 84 85 76 70 80 36 111 89 80 76 85 82 90 110 43 96 122 94 49 33 109 50 54 45 91 81 87 81 84 104 100 101 115 28 96 74 106 72 130 113 74 109 72 69 75 89 0 102 67 157 153 93 95 113 77 
58 85 51 76 100 40 81 55 13 80 61 44 49 47 91 66 44 23 31 44 58 106 101 105 67 73 59 99 91 79 64 61 122 113 53 92 60 92 83 63 78 82 97 74 6 36 54 78 120 91 98 103 40 48 88 39 102 0 44 119 135 32 72 97 55 
32 41 50 96 73 39 80 37 31 87 17 18 9 3 72 47 62 41 13 42 18 88 74 89 68 29 55 58 92 44 46 17 100 109 97 65 20 71 72 37 77 75 96 39 50 80 68 69 158 64 58 102 39 31 62 57 67 44 0 160 134 26 83 79 54 
177 130 154 75 160 147 184 153 132 127 154 163 151 157 154 164 163 142 150 147 160 178 161 179 114 183 178 168 118 169 161 165 158 167 100 152 162 155 135 182 109 170 185 172 113 83 173 141 167 96 145 183 143 155 182 158 157 119 160 0 171 151 124 182 162 
123 118 117 142 126 95 147 149 136 165 126 137 125 131 77 121 105 145 147 132 134 145 127 128 156 157 136 91 113 124 140 125 117 108 161 118 136 78 114 118 133 108 38 129 129 144 140 90 114 141 125 44 128 103 138 132 153 135 134 171 0 113 103 173 110 
52 61 76 108 93 37 106 63 45 112 37 38 17 23 92 63 76 55 39 62 26 114 94 97 67 49 75 78 112 70 72 43 108 110 85 85 28 91 98 57 75 95 94 65 38 68 76 89 152 72 78 100 65 39 82 71 93 32 26 151 113 0 104 105 52 
115 95 107 141 91 86 137 46 85 62 100 101 92 86 104 75 116 95 70 100 101 145 92 128 72 112 131 118 101 62 37 89 132 123 58 83 103 105 11 120 116 130 65 67 71 41 126 117 125 103 90 59 96 94 104 111 95 72 83 124 103 104 0 70 101 
111 115 106 170 87 118 136 42 84 91 96 97 88 82 100 122 115 94 66 112 97 141 88 124 117 108 134 114 64 110 33 96 161 158 118 79 99 101 59 116 112 131 135 114 103 111 125 87 148 99 86 129 111 110 141 110 113 97 79 182 173 105 70 0 133 
80 89 78 119 86 15 108 91 68 104 65 66 45 51 88 41 65 78 67 71 54 95 103 125 96 77 103 102 110 54 100 45 67 58 96 94 56 89 105 85 53 109 72 49 49 79 60 87 143 66 101 78 67 23 96 94 77 55 54 162 110 52 101 133 0 
72
5
39
71
62
77
50
69
52
96
15
31
94
100
13
18
43
3
79
9
10
75
25
13
24
76
85
54
2
90
15
15
44
36
68
63
95
14
54
28
1
32
72
26
85
22
56
77
1
99
19
59
64
73
54
28
20
85
2
22
61
17
20
68
