45
0 82 80 90 128 89 93 99 157 98 52 96 121 100 61 87 117 36 35 122 159 69 151 76 35 92 119 82 124 166 84 118 80 65 92 66 84 89 74 85 72 113 104 43 78 
82 0 86 64 91 7 37 17 101 81 105 14 65 36 68 77 61 87 74 85 140 13 151 20 88 42 63 26 121 102 84 62 24 71 96 97 55 75 70 66 78 76 59 77 78 
80 86 0 91 66 93 91 75 132 108 62 72 133 50 85 106 96 46 59 60 169 81 139 74 45 66 94 68 134 183 94 65 92 15 12 76 111 104 84 95 22 51 113 112 88 
90 64 91 0 111 71 56 75 139 75 59 72 81 50 29 38 99 57 55 117 101 51 121 58 58 106 101 64 131 141 59 100 40 85 103 43 66 36 16 27 92 114 46 82 65 
128 91 66 111 0 98 90 95 92 134 110 98 130 116 106 102 56 94 107 6 148 78 158 73 93 108 54 67 112 193 136 29 89 81 54 122 133 104 95 106 83 15 112 130 136 
89 7 93 71 98 0 44 24 108 88 109 21 72 43 75 84 68 93 81 92 147 20 158 27 92 35 70 33 128 109 91 69 31 78 89 104 62 82 77 73 85 83 66 84 85 
93 37 91 56 90 44 0 51 83 71 83 51 76 73 53 40 43 81 71 84 103 24 145 17 82 79 45 23 103 139 83 61 35 106 103 67 89 38 40 29 113 75 56 74 89 
99 17 75 75 95 24 51 0 118 98 101 3 82 25 72 81 78 91 88 89 144 30 134 34 90 59 80 28 108 119 67 66 41 60 87 86 38 79 59 70 67 80 73 60 61 
157 101 132 139 92 108 83 118 0 154 166 115 140 96 136 123 40 162 149 98 132 88 228 95 161 143 38 101 96 203 166 121 99 131 120 150 156 121 123 112 138 107 134 152 172 
98 81 108 75 134 88 71 98 154 0 48 95 146 93 72 81 114 62 75 128 144 94 128 88 63 120 116 94 120 160 61 105 105 93 120 32 78 79 59 70 100 119 89 119 55 
52 105 62 59 110 109 83 101 166 48 0 99 140 77 56 65 126 18 31 104 128 92 133 85 17 74 128 91 72 145 66 109 99 47 74 16 63 63 43 54 54 95 73 84 60 
96 14 72 72 98 21 51 3 115 95 99 0 79 22 69 78 75 88 88 92 141 27 137 34 87 56 77 31 111 116 70 69 38 57 84 83 41 76 56 67 64 83 73 63 64 
121 65 133 81 130 72 76 82 140 146 140 79 0 101 107 116 100 126 113 124 179 52 199 59 127 107 102 65 160 167 137 101 41 136 145 124 120 114 97 105 143 115 98 116 143 
100 36 50 50 116 43 73 25 96 93 77 22 101 0 47 56 97 66 73 110 119 49 139 56 65 78 99 53 133 138 77 91 60 35 62 61 63 54 34 45 42 101 64 85 83 
61 68 85 29 106 75 53 72 136 72 56 69 107 47 0 35 96 39 26 100 98 55 92 62 40 97 98 68 107 119 30 104 66 70 97 40 37 33 13 24 77 109 43 78 36 
87 77 106 38 102 84 40 81 123 81 65 78 116 56 35 0 83 63 61 96 85 64 127 57 64 117 85 63 137 154 65 78 75 91 118 49 72 2 22 11 98 87 52 44 71 
117 61 96 99 56 68 43 78 40 114 126 75 100 97 96 83 0 122 109 62 96 48 188 55 123 103 2 61 60 163 126 85 59 111 84 110 116 81 83 72 118 71 94 112 132 
36 87 46 57 94 93 81 91 162 62 18 88 126 66 39 63 122 0 13 88 126 74 117 67 1 58 124 73 90 137 50 93 85 31 58 30 67 61 41 52 38 79 71 68 44 
35 74 59 55 107 81 71 88 149 75 31 88 113 73 26 61 109 13 0 101 124 61 118 54 14 71 111 60 103 145 56 98 72 44 71 43 63 59 39 50 51 92 69 78 57 
122 85 60 117 6 92 84 89 98 128 104 92 124 110 100 96 62 88 101 0 154 72 152 67 87 102 60 61 118 187 130 23 83 75 48 118 127 98 101 107 77 9 106 124 130 
159 140 169 101 148 147 103 144 132 144 128 141 179 119 98 85 96 126 124 154 0 127 190 120 127 182 94 126 95 217 128 159 138 154 176 112 135 83 85 74 161 163 96 129 134 
69 13 81 51 78 20 24 30 88 94 92 27 52 49 55 64 48 74 61 72 127 0 147 7 75 55 50 13 108 115 85 49 11 84 93 91 68 62 64 53 91 63 46 64 91 
151 151 139 121 158 158 145 134 228 128 133 137 199 139 92 127 188 117 118 152 190 147 0 154 116 173 190 160 152 178 67 157 158 124 151 132 96 125 105 116 131 143 135 137 73 
76 20 74 58 73 27 17 34 95 88 85 34 59 56 62 57 55 67 54 67 120 7 154 0 68 62 57 6 115 122 92 44 18 89 86 84 72 55 57 46 96 58 39 57 95 
35 88 45 58 93 92 82 90 161 63 17 87 127 65 40 64 123 1 14 87 127 75 116 68 0 57 125 74 89 138 49 92 86 30 57 31 66 62 42 53 37 78 72 67 43 
92 42 66 106 108 35 79 59 143 120 74 56 107 78 97 117 103 58 71 102 182 55 173 62 57 0 105 68 146 130 106 104 66 81 54 88 97 117 99 108 88 93 101 73 100 
119 63 94 101 54 70 45 80 38 116 128 77 102 99 98 85 2 124 111 60 94 50 190 57 125 105 0 63 58 165 128 83 61 109 82 112 118 83 85 74 116 69 96 114 134 
82 26 68 64 67 33 23 28 101 94 91 31 65 53 68 63 61 73 60 61 126 13 160 6 74 68 63 0 121 128 95 38 24 83 80 90 66 61 63 52 90 52 45 63 89 
124 121 134 131 112 128 103 108 96 120 72 111 160 133 107 137 60 90 103 118 95 108 152 115 89 146 58 121 0 152 85 141 119 119 140 88 70 135 115 126 126 127 145 111 91 
166 102 183 141 193 109 139 119 203 160 145 116 167 138 119 154 163 137 145 187 217 115 178 122 138 130 165 128 152 0 111 164 126 168 184 159 82 152 132 143 175 178 161 123 105 
84 84 94 59 136 91 83 67 166 61 66 70 137 77 30 65 126 50 56 130 128 85 67 92 49 106 128 95 85 111 0 133 96 79 106 70 29 63 43 54 86 127 73 70 6 
118 62 65 100 29 69 61 66 121 105 109 69 101 91 104 78 85 93 98 23 159 49 157 44 92 104 83 38 141 164 133 0 60 80 53 123 104 76 96 85 87 14 83 101 127 
80 24 92 40 89 31 35 41 99 105 99 38 41 60 66 75 59 85 72 83 138 11 158 18 86 66 61 24 119 126 96 60 0 95 104 83 79 73 56 64 102 74 57 75 102 
65 71 15 85 81 78 106 60 131 93 47 57 136 35 70 91 111 31 44 75 154 84 124 89 30 81 109 83 119 168 79 80 95 0 27 61 96 89 69 80 7 66 99 97 73 
92 96 12 103 54 89 103 87 120 120 74 84 145 62 97 118 84 58 71 48 176 93 151 86 57 54 82 80 140 184 106 53 104 27 0 88 123 116 96 107 34 39 104 124 100 
66 97 76 43 122 104 67 86 150 32 16 83 124 61 40 49 110 30 43 118 112 91 132 84 31 88 112 90 88 159 70 123 83 61 88 0 77 47 27 38 68 109 57 93 74 
84 55 111 66 133 62 89 38 156 78 63 41 120 63 37 72 116 67 63 127 135 68 96 72 66 97 118 66 70 82 29 104 79 96 123 77 0 70 50 61 103 118 80 41 23 
89 75 104 36 104 82 38 79 121 79 63 76 114 54 33 2 81 61 59 98 83 62 125 55 62 117 83 61 135 152 63 76 73 89 116 47 70 0 20 9 96 89 50 46 69 
74 70 84 16 95 77 40 59 123 59 43 56 97 34 13 22 83 41 39 101 85 64 105 57 42 99 85 63 115 132 43 96 56 69 96 27 50 20 0 11 76 109 30 66 49 
85 66 95 27 106 73 29 70 112 70 54 67 105 45 24 11 72 52 50 107 74 53 116 46 53 108 74 52 126 143 54 85 64 80 107 38 61 9 11 0 87 98 41 55 60 
72 78 22 92 83 85 113 67 138 100 54 64 143 42 77 98 118 38 51 77 161 91 131 96 37 88 116 90 126 175 86 87 102 7 34 68 103 96 76 87 0 73 106 104 80 
113 76 51 114 15 83 75 80 107 119 95 83 115 101 109 87 71 79 92 9 163 63 143 58 78 93 69 52 127 178 127 14 74 66 39 109 118 89 109 98 73 0 97 115 121 
104 59 113 46 112 66 56 73 134 89 73 73 98 64 43 52 94 71 69 106 96 46 135 39 72 101 96 45 145 161 73 83 57 99 104 57 80 50 30 41 106 97 0 96 79 
43 77 112 82 130 84 74 60 152 119 84 63 116 85 78 44 112 68 78 124 129 64 137 57 67 73 114 63 111 123 70 101 75 97 124 93 41 46 66 55 104 115 96 0 64 
78 78 88 65 136 85 89 61 172 55 60 64 143 83 36 71 132 44 57 130 134 91 73 95 43 100 134 89 91 105 6 127 102 73 100 74 23 69 49 60 80 121 79 64 0 
96
90
59
2
43
4
58
81
12
4
99
74
83
33
63
5
99
66
87
36
56
81
46
50
19
81
38
62
24
34
90
4
29
94
17
44
86
68
33
77
57
74
9
10
