90
0 84 77 75 69 97 9 41 49 65 59 47 47 114 51 46 30 19 56 97 86 61 73 70 91 83 35 60 86 69 97 94 66 23 40 57 14 62 41 83 84 86 81 59 69 71 78 81 57 25 84 68 36 53 29 70 87 90 51 93 12 35 42 114 93 88 5 75 58 53 28 65 83 80 30 37 96 51 42 57 68 69 38 81 75 16 91 81 89 70 
84 0 37 44 28 52 75 78 35 27 79 42 40 52 35 52 56 66 29 30 31 28 27 36 44 26 50 69 15 74 59 14 44 76 65 67 71 32 53 2 4 95 21 58 50 14 20 44 27 60 82 58 49 65 56 24 36 62 34 10 80 67 63 60 43 14 80 74 28 34 59 80 68 17 70 49 46 75 43 31 33 22 66 12 36 69 30 10 35 59 
77 37 0 7 54 23 69 53 37 18 49 31 34 37 48 32 59 58 32 28 12 24 11 7 15 59 53 37 25 39 27 34 12 58 42 37 63 16 36 35 41 60 17 27 16 30 52 8 36 61 46 24 53 36 58 15 10 26 44 38 68 47 40 38 17 51 74 39 45 49 49 47 31 50 51 54 20 47 49 27 10 20 44 47 2 67 20 27 13 24 
75 44 7 0 60 22 68 48 41 22 43 32 36 41 52 30 61 57 36 34 18 28 17 10 16 65 55 31 32 32 23 41 9 55 38 31 61 20 34 42 48 53 24 21 10 36 58 6 40 62 39 17 55 30 60 21 15 21 48 45 66 44 36 39 19 58 73 32 49 53 48 40 24 56 48 56 21 41 52 31 14 26 40 53 8 67 26 34 19 17 
69 28 54 60 0 76 60 75 27 38 83 39 34 78 18 51 39 53 26 56 55 33 44 50 68 14 34 74 40 82 81 42 55 65 62 72 58 41 49 29 25 105 45 64 61 25 10 62 22 44 93 69 33 69 40 39 60 80 20 38 67 61 61 85 67 21 64 85 14 16 48 85 82 13 62 32 70 76 27 31 46 34 62 17 52 53 55 34 59 70 
97 52 23 22 76 0 90 69 60 40 59 54 57 23 70 52 82 79 54 28 21 46 32 30 8 77 76 48 38 46 11 43 31 77 60 49 83 39 56 50 56 61 31 42 31 51 71 16 58 83 45 34 76 51 81 37 16 17 66 49 88 66 58 17 9 66 95 43 67 71 70 54 30 68 70 77 7 59 72 50 33 42 62 63 25 89 24 42 17 33 
9 75 69 68 60 90 0 38 40 57 56 39 38 106 42 38 21 11 47 89 78 52 65 62 84 74 26 55 77 65 89 85 59 20 35 52 7 54 34 74 75 83 73 53 61 62 69 74 48 16 80 62 27 48 20 62 79 84 42 84 11 29 37 106 85 79 5 71 49 44 20 62 78 71 25 28 88 48 33 48 60 60 33 72 67 7 83 72 81 64 
41 78 53 48 75 69 38 0 48 52 18 37 41 88 57 26 48 31 50 80 65 50 57 48 63 87 46 22 74 30 63 83 41 18 13 20 31 47 26 76 79 45 67 27 38 64 80 54 54 44 44 35 47 18 46 57 63 57 55 85 29 14 15 86 67 86 42 36 61 59 29 24 47 80 15 48 68 11 50 48 49 57 13 79 53 42 73 71 66 36 
49 35 37 41 27 60 40 48 0 20 56 12 7 70 11 24 24 31 7 51 42 14 29 31 52 39 17 48 37 57 64 45 34 41 35 45 36 21 22 34 36 79 35 39 39 22 33 45 8 27 70 46 17 42 23 25 45 62 8 44 45 34 34 73 52 41 45 61 13 13 24 58 60 34 36 18 55 49 12 10 27 21 35 34 35 35 46 32 46 48 
65 27 18 22 38 40 57 52 20 0 52 18 19 50 30 26 44 46 14 32 22 6 9 12 32 45 37 42 22 48 45 31 19 51 39 40 51 5 27 25 30 70 16 31 25 16 38 26 18 46 57 33 37 38 43 5 25 43 26 33 58 41 37 53 32 39 62 49 27 31 37 53 46 36 44 38 35 48 32 10 8 5 40 33 16 53 26 19 26 34 
59 79 49 43 83 59 56 18 56 52 0 44 49 81 67 32 62 47 57 77 61 54 54 45 56 94 60 12 71 14 52 80 37 36 23 12 49 47 35 77 82 27 64 22 33 68 87 48 61 58 26 26 61 15 60 56 58 45 64 84 47 27 23 76 60 91 60 20 69 69 43 6 32 87 31 62 61 8 62 53 47 57 24 85 49 59 69 70 62 26 
47 42 31 32 39 54 39 37 12 18 44 0 5 67 23 12 29 28 13 50 39 14 26 24 46 50 23 36 40 45 55 48 24 34 24 33 33 15 11 40 43 67 34 27 29 28 43 38 17 30 58 34 24 30 28 23 41 52 20 49 40 25 23 68 47 49 44 49 25 25 19 46 50 43 28 25 50 37 21 11 21 22 24 42 29 36 44 35 42 36 
47 40 34 36 34 57 38 41 7 19 49 5 0 69 18 17 25 28 11 51 41 14 28 27 49 46 19 41 39 50 59 47 29 36 28 38 33 18 15 38 41 72 35 32 34 26 39 41 13 27 63 39 19 35 24 24 44 57 15 48 40 28 27 71 50 46 43 54 20 20 19 51 55 39 30 20 53 42 16 10 24 22 28 39 32 34 45 35 45 41 
114 52 37 41 78 23 106 88 70 50 81 67 69 0 78 69 94 95 63 22 29 56 42 44 25 78 87 69 38 69 33 38 49 95 79 70 100 52 73 50 56 84 35 61 50 55 72 35 66 96 68 55 87 70 93 45 27 40 74 44 105 84 77 11 22 65 111 66 73 78 86 77 53 69 88 88 20 80 82 60 46 49 81 64 39 103 24 44 25 55 
51 35 48 52 18 70 42 57 11 30 67 23 18 78 0 35 21 35 16 58 50 24 38 42 62 32 16 59 42 68 75 48 45 47 45 56 40 32 32 35 34 90 43 50 50 25 27 56 12 26 81 57 15 53 22 33 54 73 4 45 49 43 44 81 61 37 46 72 7 2 30 69 71 29 44 14 64 59 9 21 38 29 45 30 46 35 54 36 54 59 
46 52 32 30 51 52 38 26 24 26 32 12 17 69 35 0 36 27 25 56 42 24 32 25 46 62 31 24 48 34 51 57 21 26 13 21 32 21 5 50 53 55 42 17 23 38 55 36 29 34 48 26 32 18 34 31 42 47 32 59 36 15 11 69 48 61 43 39 37 37 19 34 42 55 19 33 51 25 31 22 24 31 14 54 30 38 49 45 44 28 
30 56 59 61 39 82 21 48 24 44 62 29 25 94 21 36 0 18 31 75 66 38 53 52 74 53 7 58 61 68 84 67 53 32 39 55 21 43 31 55 55 88 59 53 57 44 48 66 30 5 83 62 7 51 2 49 69 81 22 65 30 35 40 96 75 58 25 74 28 23 19 66 78 50 33 7 78 54 13 34 49 45 38 51 57 14 70 55 70 64 
19 66 58 57 53 79 11 31 31 46 47 28 28 95 35 27 18 0 38 78 67 42 54 51 73 67 20 46 67 56 78 75 48 14 26 43 5 43 23 65 67 74 62 43 50 53 62 63 39 13 71 52 21 39 16 51 68 74 35 75 14 20 27 95 74 72 16 62 42 37 9 53 68 64 16 22 77 39 26 38 49 50 24 65 56 12 72 63 70 54 
56 29 32 36 26 54 47 50 7 14 57 13 11 63 16 25 31 38 0 44 35 8 23 26 46 37 24 48 30 56 59 38 30 47 37 46 43 16 24 27 30 79 28 38 36 15 30 40 4 34 68 43 24 43 30 18 39 57 12 37 51 38 36 66 46 36 52 59 13 17 30 59 57 30 41 25 49 50 19 5 22 14 37 29 30 42 39 25 39 45 
97 30 28 34 56 28 89 80 51 32 77 50 51 22 58 56 75 78 44 0 16 38 25 32 24 56 68 65 16 66 38 16 40 82 68 65 83 36 59 28 34 85 16 55 44 33 50 29 47 78 69 51 68 64 74 27 19 43 55 22 90 71 66 30 20 43 94 64 51 57 69 74 54 47 75 69 21 75 63 42 32 30 70 42 28 85 8 22 15 51 
86 31 12 18 55 21 78 65 42 22 61 39 41 29 50 42 66 67 35 16 0 28 13 17 13 56 59 49 18 50 28 24 24 68 53 49 72 24 45 29 35 70 10 39 28 30 50 14 38 68 54 35 59 48 65 17 5 31 46 30 78 57 51 31 12 45 83 49 47 51 58 58 39 47 61 60 15 59 54 32 18 22 55 42 12 75 8 21 4 35 
61 28 24 28 33 46 52 50 14 6 54 14 14 56 24 24 38 42 8 38 28 0 15 18 38 41 31 44 26 51 51 34 22 48 37 42 47 8 25 26 29 73 22 33 28 14 34 32 12 40 60 36 31 39 37 11 31 49 20 35 54 39 35 59 38 37 57 52 21 25 33 55 49 34 42 32 41 49 26 4 14 8 38 31 22 48 32 21 32 37 
73 27 11 17 44 32 65 57 29 9 54 26 28 42 38 32 53 54 23 25 13 15 0 9 24 49 46 42 17 47 37 26 17 58 44 42 59 11 34 25 31 68 10 32 23 20 42 18 26 55 55 31 46 41 52 5 16 36 34 30 66 47 42 44 23 41 70 47 35 39 45 53 41 40 51 47 26 52 41 19 8 10 45 36 9 62 18 17 17 32 
70 36 7 10 50 30 62 48 31 12 45 24 27 44 42 25 52 51 26 32 17 18 9 0 22 56 46 33 26 38 33 35 8 51 36 33 56 10 29 34 40 59 19 23 14 27 49 14 30 54 46 22 46 32 51 12 17 31 38 39 61 40 34 44 23 50 67 38 39 43 42 44 34 47 44 47 26 43 43 21 4 16 38 44 5 60 25 26 19 23 
91 44 15 16 68 8 84 63 52 32 56 46 49 25 62 46 74 73 46 24 13 38 24 22 0 69 68 44 31 45 15 36 25 71 54 45 77 31 50 42 48 61 23 36 25 43 63 10 50 76 45 30 68 45 73 29 8 19 58 42 82 60 52 23 4 58 89 42 59 63 64 53 30 60 64 69 5 55 64 42 25 34 56 55 17 82 18 34 10 30 
83 26 59 65 14 77 74 87 39 45 94 50 46 78 32 62 53 67 37 56 56 41 49 56 69 0 48 84 41 92 84 40 63 78 74 82 72 49 61 28 22 114 46 74 69 29 7 67 33 58 101 77 47 79 54 44 61 85 33 34 81 73 73 86 68 13 78 93 26 30 61 95 89 9 75 46 71 87 41 41 52 40 74 14 57 67 56 35 60 78 
35 50 53 55 34 76 26 46 17 37 60 23 19 87 16 31 7 20 24 68 59 31 46 46 68 48 0 54 54 64 78 61 47 34 37 51 24 37 26 49 49 85 52 48 52 38 43 60 24 10 78 57 1 47 6 42 62 75 16 59 33 33 37 90 69 53 30 69 23 18 17 64 73 45 31 2 72 52 7 27 43 38 36 46 51 19 63 49 63 59 
60 69 37 31 74 48 55 22 48 42 12 36 41 69 59 24 58 46 48 65 49 44 42 33 44 84 54 0 59 10 42 68 25 37 20 3 48 37 28 67 72 32 52 11 21 58 77 36 52 56 25 14 55 7 56 45 46 35 56 72 48 26 19 65 48 81 59 16 61 61 40 11 25 77 30 56 49 12 55 43 36 47 22 75 37 58 57 59 50 15 
86 15 25 32 40 38 77 74 37 22 71 40 39 38 42 48 61 67 30 16 18 26 17 26 31 41 54 59 0 64 46 9 34 73 61 59 72 27 49 13 19 85 8 49 40 17 35 31 31 64 71 48 54 58 60 17 23 49 39 13 79 63 59 45 29 29 82 64 35 41 58 70 56 32 66 54 31 69 48 29 25 18 62 27 24 72 15 6 21 49 
69 74 39 32 82 46 65 30 57 48 14 45 50 69 68 34 68 56 56 66 50 51 47 38 45 92 64 10 64 0 38 73 30 46 30 13 58 43 38 72 78 23 56 18 24 64 85 37 60 66 15 16 65 17 66 50 47 31 65 77 57 36 29 63 49 87 69 6 69 70 50 8 18 84 40 66 50 19 65 51 41 53 32 81 40 68 58 64 51 15 
97 59 27 23 81 11 89 63 64 45 52 55 59 33 75 51 84 78 59 38 28 51 37 33 15 84 78 42 46 38 0 51 31 74 57 43 83 43 56 57 63 51 38 38 28 57 78 19 63 84 35 29 78 45 83 42 23 7 71 57 85 63 55 25 19 73 94 33 72 76 70 46 20 75 67 79 17 53 75 54 37 47 59 70 29 89 33 49 25 27 
94 14 34 41 42 43 85 83 45 31 80 48 47 38 48 57 67 75 38 16 24 34 26 35 36 40 61 68 9 73 51 0 43 82 70 68 80 36 58 13 18 94 17 58 49 23 34 38 37 71 78 57 60 67 67 26 29 55 45 6 87 72 68 46 34 27 90 73 41 47 66 79 63 31 75 60 36 78 54 37 34 26 71 26 33 80 19 13 26 58 
66 44 12 9 55 31 59 41 34 19 37 24 29 49 45 21 53 48 30 40 24 22 17 8 25 63 47 25 34 30 31 43 0 47 30 25 52 14 25 42 48 51 27 15 6 34 56 15 34 53 38 14 48 24 52 20 22 28 41 47 57 35 28 48 28 57 64 30 43 46 39 36 27 54 40 49 30 35 45 25 11 23 32 51 12 58 32 34 25 15 
23 76 58 55 65 77 20 18 41 51 36 34 36 95 47 26 32 14 47 82 68 48 58 51 71 78 34 37 73 46 74 82 47 0 17 34 13 47 24 74 77 63 67 36 46 62 72 61 49 27 61 45 35 30 30 56 68 67 45 83 11 12 19 94 74 82 24 52 52 49 17 42 60 74 7 36 76 28 38 45 50 56 15 75 56 24 75 69 70 47 
40 65 42 38 62 60 35 13 35 39 23 24 28 79 45 13 39 26 37 68 53 37 44 36 54 74 37 20 61 30 57 70 30 17 0 17 28 34 13 63 66 49 54 19 29 51 67 44 41 36 45 28 38 13 37 44 52 50 42 72 28 6 2 77 57 73 39 36 48 47 20 27 43 67 10 39 59 15 39 35 36 44 2 66 41 38 61 58 55 30 
57 67 37 31 72 49 52 20 45 40 12 33 38 70 56 21 55 43 46 65 49 42 42 33 45 82 51 3 59 13 43 68 25 34 17 0 45 35 25 65 70 34 52 10 21 56 75 36 50 53 28 15 52 4 53 44 46 37 53 72 45 23 16 66 49 79 56 19 58 58 37 13 27 75 27 53 50 10 52 41 35 45 19 73 37 55 57 58 50 16 
14 71 63 61 58 83 7 31 36 51 49 33 33 100 40 32 21 5 43 83 72 47 59 56 77 72 24 48 72 58 83 80 52 13 28 45 0 48 27 70 72 76 67 46 55 58 67 67 44 16 73 55 25 41 19 56 73 77 40 80 9 22 30 100 79 77 12 64 47 42 14 55 71 69 18 26 82 41 31 43 54 55 26 70 61 11 77 68 75 57 
62 32 16 20 41 39 54 47 21 5 47 15 18 52 32 21 43 43 16 36 24 8 11 10 31 49 37 37 27 43 43 36 14 47 34 35 48 0 23 30 35 65 21 26 20 21 42 24 20 45 52 28 37 33 42 10 26 41 28 38 55 36 32 53 32 44 59 44 29 33 34 48 41 41 40 38 35 43 33 11 6 10 35 38 14 51 29 24 27 29 
41 53 36 34 49 56 34 26 22 27 35 11 15 73 32 5 31 23 24 59 45 25 34 29 50 61 26 28 49 38 56 58 25 24 13 25 27 23 0 51 54 59 43 22 28 39 54 40 28 29 52 31 27 21 29 32 46 52 29 60 33 14 12 73 52 60 39 43 35 34 14 38 47 54 17 28 55 27 27 22 27 32 13 53 34 33 52 46 48 33 
83 2 35 42 29 50 74 76 34 25 77 40 38 50 35 50 55 65 27 28 29 26 25 34 42 28 49 67 13 72 57 13 42 74 63 65 70 30 51 0 6 93 19 56 48 12 22 42 26 59 80 56 48 63 55 22 34 60 33 10 78 65 61 58 41 16 79 72 28 34 57 78 66 19 68 48 44 73 42 29 31 20 64 14 34 68 28 8 33 57 
84 4 41 48 25 56 75 79 36 30 82 43 41 56 34 53 55 67 30 34 35 29 31 40 48 22 49 72 19 78 63 18 48 77 66 70 72 35 54 6 0 99 25 61 54 15 16 48 28 59 86 62 48 68 55 28 40 66 33 13 81 68 64 64 47 10 79 78 27 33 60 83 72 13 71 48 50 78 42 32 37 25 67 8 40 68 34 14 39 63 
86 95 60 53 105 61 83 45 79 70 27 67 72 84 90 55 88 74 79 85 70 73 68 59 61 114 85 32 85 23 51 94 51 63 49 34 76 65 59 93 99 0 77 41 45 85 107 56 83 85 16 37 86 38 86 71 66 44 87 98 74 54 49 76 65 108 87 21 92 92 69 22 31 105 58 87 65 35 86 74 62 74 51 102 61 86 78 85 70 36 
81 21 17 24 45 31 73 67 35 16 64 34 35 35 43 42 59 62 28 16 10 22 10 19 23 46 52 52 8 56 38 17 27 67 54 52 67 21 43 19 25 77 0 42 32 20 40 23 31 62 63 40 52 51 58 11 15 41 39 21 74 57 52 40 22 35 78 56 38 43 53 63 48 37 60 53 25 62 47 26 18 14 55 32 16 69 11 11 14 41 
59 58 27 21 64 42 53 27 39 31 22 27 32 61 50 17 53 43 38 55 39 33 32 23 36 74 48 11 49 18 38 58 15 36 19 10 46 26 22 56 61 41 42 0 11 47 67 27 42 51 31 9 49 9 51 34 36 31 47 62 47 25 17 59 40 70 58 22 51 52 35 22 25 67 29 50 41 20 47 33 25 36 21 64 27 54 47 48 40 11 
69 50 16 10 61 31 61 38 39 25 33 29 34 50 50 23 57 50 36 44 28 28 23 14 25 69 52 21 40 24 28 49 6 46 29 21 55 20 28 48 54 45 32 11 0 40 62 16 40 57 32 8 53 20 56 26 25 24 47 53 57 35 27 48 29 63 66 24 49 52 42 31 21 60 39 54 30 31 50 31 17 29 31 57 16 61 36 40 29 9 
71 14 30 36 25 51 62 64 22 16 68 28 26 55 25 38 44 53 15 33 30 14 20 27 43 29 38 58 17 64 57 23 34 62 51 56 58 21 39 12 15 85 20 47 40 0 22 38 14 48 72 48 37 53 44 15 35 56 22 22 66 53 49 60 42 23 67 64 18 24 45 69 60 20 56 37 45 63 31 17 23 11 52 17 28 57 31 11 34 49 
78 20 52 58 10 71 69 80 33 38 87 43 39 72 27 55 48 62 30 50 50 34 42 49 63 7 43 77 35 85 78 34 56 72 67 75 67 42 54 22 16 107 40 67 62 22 0 60 26 53 94 70 42 72 49 37 55 78 27 29 76 67 66 80 62 11 73 86 20 25 55 88 82 3 69 41 65 80 36 34 45 33 67 8 50 62 50 29 54 71 
81 44 8 6 62 16 74 54 45 26 48 38 41 35 56 36 66 63 40 29 14 32 18 14 10 67 60 36 31 37 19 38 15 61 44 36 67 24 40 42 48 56 23 27 16 38 60 0 44 67 40 22 60 36 65 23 10 18 52 44 72 50 42 33 13 58 79 35 53 57 54 45 25 58 54 61 15 46 57 35 18 28 46 54 10 73 22 34 14 22 
57 27 36 40 22 58 48 54 8 18 61 17 13 66 12 29 30 39 4 47 38 12 26 30 50 33 24 52 31 60 63 37 34 49 41 50 44 20 28 26 28 83 31 42 40 14 26 44 0 34 72 47 23 47 30 21 42 61 8 36 53 41 40 69 49 33 53 63 9 13 32 63 61 26 43 23 52 54 17 9 26 17 41 26 34 43 42 25 42 49 
25 60 61 62 44 83 16 44 27 46 58 30 27 96 26 34 5 13 34 78 68 40 55 54 76 58 10 56 64 66 84 71 53 27 36 53 16 45 29 59 59 85 62 51 57 48 53 67 34 0 81 60 11 49 4 51 71 81 26 69 25 31 37 98 77 63 20 72 33 28 16 63 76 55 29 12 80 50 17 36 51 48 35 56 59 9 72 59 72 62 
84 82 46 39 93 45 80 44 70 57 26 58 63 68 81 48 83 71 68 69 54 60 55 46 45 101 78 25 71 15 35 78 38 61 45 28 73 52 52 80 86 16 63 31 32 72 94 40 72 81 0 25 79 32 81 58 50 28 78 84 72 51 44 60 49 95 84 9 81 83 65 20 15 92 55 80 49 33 78 63 49 61 47 89 47 83 62 72 54 23 
68 58 24 17 69 34 62 35 46 33 26 34 39 55 57 26 62 52 43 51 35 36 31 22 30 77 57 14 48 16 29 57 14 45 28 15 55 28 31 56 62 37 40 9 8 48 70 22 47 60 25 0 58 17 60 34 32 22 54 61 56 34 26 51 34 71 67 16 56 59 44 23 16 68 38 59 35 25 55 38 25 37 30 65 24 63 43 48 36 2 
36 49 53 55 33 76 27 47 17 37 61 24 19 87 15 32 7 21 24 68 59 31 46 46 68 47 1 55 54 65 78 60 48 35 38 52 25 37 27 48 48 86 52 49 53 37 42 60 23 11 79 58 0 48 7 42 62 76 15 58 34 34 38 90 69 52 31 70 22 17 18 65 74 44 32 1 72 53 6 27 43 38 37 45 51 20 63 48 63 60 
53 65 36 30 69 51 48 18 42 38 15 30 35 70 53 18 51 39 43 64 48 39 41 32 45 79 47 7 58 17 45 67 24 30 13 4 41 33 21 63 68 38 51 9 20 53 72 36 47 49 32 17 48 0 49 42 45 39 50 70 41 19 12 68 49 76 52 23 55 55 33 17 30 72 23 49 50 11 48 38 33 43 15 70 36 51 56 56 49 18 
29 56 58 60 40 81 20 46 23 43 60 28 24 93 22 34 2 16 30 74 65 37 52 51 73 54 6 56 60 66 83 67 52 30 37 53 19 42 29 55 55 86 58 51 56 44 49 65 30 4 81 60 7 49 0 48 68 80 22 65 28 33 38 95 74 59 24 72 29 24 17 64 76 51 31 8 77 52 13 33 48 44 36 52 56 13 69 55 69 62 
70 24 15 21 39 37 62 57 25 5 56 23 24 45 33 31 49 51 18 27 17 11 5 12 29 44 42 45 17 50 42 26 20 56 44 44 56 10 32 22 28 71 11 34 26 15 37 23 21 51 58 34 42 42 48 0 21 41 29 28 63 46 42 48 28 38 67 50 30 34 42 56 45 35 49 43 31 53 37 15 9 5 45 32 13 58 21 14 21 35 
87 36 10 15 60 16 79 63 45 25 58 41 44 27 54 42 69 68 39 19 5 31 16 17 8 61 62 46 23 47 23 29 22 68 52 46 73 26 46 34 40 66 15 36 25 35 55 10 42 71 50 32 62 45 68 21 0 26 50 35 78 57 50 28 7 50 84 45 51 55 59 55 35 52 61 63 10 56 57 35 20 26 54 47 12 77 12 26 4 32 
90 62 26 21 80 17 84 57 62 43 45 52 57 40 73 47 81 74 57 43 31 49 36 31 19 85 75 35 49 31 7 55 28 67 50 37 77 41 52 60 66 44 41 31 24 56 78 18 61 81 28 22 76 39 80 41 26 0 69 61 78 56 48 32 23 76 89 26 70 74 66 39 13 76 60 77 22 47 73 52 35 46 52 72 28 85 37 52 29 21 
51 34 44 48 20 66 42 55 8 26 64 20 15 74 4 32 22 35 12 55 46 20 34 38 58 33 16 56 39 65 71 45 41 45 42 53 40 28 29 33 33 87 39 47 47 22 27 52 8 26 78 54 15 50 22 29 50 69 0 43 49 41 41 77 57 37 46 69 7 5 28 66 68 29 42 15 60 56 9 17 34 25 42 30 42 35 50 33 50 55 
93 10 38 45 38 49 84 85 44 33 84 49 48 44 45 59 65 75 37 22 30 35 30 39 42 34 59 72 13 77 57 6 47 83 72 72 80 38 60 10 13 98 21 62 53 22 29 44 36 69 84 61 58 70 65 28 35 61 43 0 88 74 70 52 40 21 89 77 38 44 67 83 69 26 77 58 42 81 52 38 37 28 73 21 37 78 25 14 32 62 
12 80 68 66 67 88 11 29 45 58 47 40 40 105 49 36 30 14 51 90 78 54 66 61 82 81 33 48 79 57 85 87 57 11 28 45 9 55 33 78 81 74 74 47 57 66 76 72 53 25 72 56 34 41 28 63 78 78 49 88 0 23 30 105 84 86 13 63 56 51 21 53 71 78 18 35 87 39 40 50 60 62 26 79 66 18 84 75 80 58 
35 67 47 44 61 66 29 14 34 41 27 25 28 84 43 15 35 20 38 71 57 39 47 40 60 73 33 26 63 36 63 72 35 12 6 23 22 36 14 65 68 54 57 25 35 53 67 50 41 31 51 34 34 19 33 46 57 56 41 74 23 0 8 83 63 74 34 42 47 45 16 33 49 67 5 35 65 19 36 36 39 46 4 67 45 32 64 60 59 36 
42 63 40 36 61 58 37 15 34 37 23 23 27 77 44 11 40 27 36 66 51 35 42 34 52 73 37 19 59 29 55 68 28 19 2 16 30 32 12 61 64 49 52 17 27 49 66 42 40 37 44 26 38 12 38 42 50 48 41 70 30 8 0 75 55 72 41 35 47 46 21 27 41 66 12 39 57 15 39 33 34 42 4 65 39 39 59 56 53 28 
114 60 38 39 85 17 106 86 73 53 76 68 71 11 81 69 96 95 66 30 31 59 44 44 23 86 90 65 45 63 25 46 48 94 77 66 100 53 73 58 64 76 40 59 48 60 80 33 69 98 60 51 90 68 95 48 28 32 77 52 105 83 75 0 21 73 111 58 78 82 86 71 45 77 87 91 18 76 85 63 47 53 79 72 39 104 30 51 27 50 
93 43 17 19 67 9 85 67 52 32 60 47 50 22 61 48 75 74 46 20 12 38 23 23 4 68 69 48 29 49 19 34 28 74 57 49 79 32 52 41 47 65 22 40 29 42 62 13 49 77 49 34 69 49 74 28 7 23 57 40 84 63 55 21 0 57 90 46 58 62 65 57 34 59 67 70 3 59 64 42 26 33 59 54 18 83 15 33 8 34 
88 14 51 58 21 66 79 86 41 39 91 49 46 65 37 61 58 72 36 43 45 37 41 50 58 13 53 81 29 87 73 27 57 82 73 79 77 44 60 16 10 108 35 70 63 23 11 58 33 63 95 71 52 76 59 38 50 76 37 21 86 74 72 73 57 0 83 87 30 35 65 92 82 8 76 51 60 86 46 39 46 34 73 7 50 72 44 24 49 72 
5 80 74 73 64 95 5 42 45 62 60 44 43 111 46 43 25 16 52 94 83 57 70 67 89 78 30 59 82 69 94 90 64 24 39 56 12 59 39 79 79 87 78 58 66 67 73 79 53 20 84 67 31 52 24 67 84 89 46 89 13 34 41 111 90 83 0 75 53 48 25 66 82 75 29 32 93 52 37 53 65 65 37 76 72 11 88 77 86 69 
75 74 39 32 85 43 71 36 61 49 20 49 54 66 72 39 74 62 59 64 49 52 47 38 42 93 69 16 64 6 33 73 30 52 36 19 64 44 43 72 78 21 56 22 24 64 86 35 63 72 9 16 70 23 72 50 45 26 69 77 63 42 35 58 46 87 75 0 72 74 56 14 13 84 46 71 47 25 69 54 41 53 38 81 40 74 57 64 49 15 
58 28 45 49 14 67 49 61 13 27 69 25 20 73 7 37 28 42 13 51 47 21 35 39 59 26 23 61 35 69 72 41 43 52 48 58 47 29 35 28 27 92 38 51 49 18 20 53 9 33 81 56 22 55 29 30 51 70 7 38 56 47 47 78 58 30 53 72 0 6 35 71 70 22 49 21 61 62 16 18 35 25 48 23 43 42 49 29 51 58 
53 34 49 53 16 71 44 59 13 31 69 25 20 78 2 37 23 37 17 57 51 25 39 43 63 30 18 61 41 70 76 47 46 49 47 58 42 33 34 34 33 92 43 52 52 24 25 57 13 28 83 59 17 55 24 34 55 74 5 44 51 45 46 82 62 35 48 74 6 0 32 71 73 27 46 16 65 61 11 22 39 30 47 29 47 37 54 35 55 60 
28 59 49 48 48 70 20 29 24 37 43 19 19 86 30 19 19 9 30 69 58 33 45 42 64 61 17 40 58 50 70 66 39 17 20 37 14 34 14 57 60 69 53 35 42 45 55 54 32 16 65 44 18 33 17 42 59 66 28 67 21 16 21 86 65 65 25 56 35 32 0 47 60 57 14 19 68 35 21 29 40 41 19 58 47 19 63 54 61 46 
65 80 47 40 85 54 62 24 58 53 6 46 51 77 69 34 66 53 59 74 58 55 53 44 53 95 64 11 70 8 46 79 36 42 27 13 55 48 38 78 83 22 63 22 31 69 88 45 63 63 20 23 65 17 64 56 55 39 66 83 53 33 27 71 57 92 66 14 71 71 47 0 26 88 37 66 58 14 65 54 47 58 29 86 47 65 66 70 59 23 
83 68 31 24 82 30 78 47 60 46 32 50 55 53 71 42 78 68 57 54 39 49 41 34 30 89 73 25 56 18 20 63 27 60 43 27 71 41 47 66 72 31 48 25 21 60 82 25 61 76 15 16 74 30 76 45 35 13 68 69 71 49 41 45 34 82 82 13 70 73 60 26 0 80 53 75 34 36 71 52 38 50 45 77 32 79 47 58 39 14 
80 17 50 56 13 68 71 80 34 36 87 43 39 69 29 55 50 64 30 47 47 34 40 47 60 9 45 77 32 84 75 31 54 74 67 75 69 41 54 19 13 105 37 67 60 20 3 58 26 55 92 68 44 72 51 35 52 76 29 26 78 67 66 77 59 8 75 84 22 27 57 88 80 0 69 43 62 80 38 34 43 31 67 5 48 64 47 26 51 69 
30 70 51 48 62 70 25 15 36 44 31 28 30 88 44 19 33 16 41 75 61 42 51 44 64 75 31 30 66 40 67 75 40 7 10 27 18 40 17 68 71 58 60 29 39 56 69 54 43 29 55 38 32 23 31 49 61 60 42 77 18 5 12 87 67 76 29 46 49 46 14 37 53 69 0 33 69 23 35 39 43 49 8 69 49 28 68 63 63 40 
37 49 54 56 32 77 28 48 18 38 62 25 20 88 14 33 7 22 25 69 60 32 47 47 69 46 2 56 54 66 79 60 49 36 39 53 26 38 28 48 48 87 53 50 54 37 41 61 23 12 80 59 1 49 8 43 63 77 15 58 35 35 39 91 70 51 32 71 21 16 19 66 75 43 33 0 73 54 6 28 44 39 38 44 52 21 64 48 64 61 
96 46 20 21 70 7 88 68 55 35 61 50 53 20 64 51 78 77 49 21 15 41 26 26 5 71 72 49 31 50 17 36 30 76 59 50 82 35 55 44 50 65 25 41 30 45 65 15 52 80 49 35 72 50 77 31 10 22 60 42 87 65 57 18 3 60 93 47 61 65 68 58 34 62 69 73 0 60 67 45 29 36 61 57 21 86 17 36 11 35 
51 75 47 41 76 59 48 11 49 48 8 37 42 80 59 25 54 39 50 75 59 49 52 43 55 87 52 12 69 19 53 78 35 28 15 10 41 43 27 73 78 35 62 20 31 63 80 46 54 50 33 25 53 11 52 53 56 47 56 81 39 19 15 76 59 86 52 25 62 61 35 14 36 80 23 54 60 0 54 47 44 53 16 79 47 51 67 67 60 26 
42 43 49 52 27 72 33 50 12 32 62 21 16 82 9 31 13 26 19 63 54 26 41 43 64 41 7 55 48 65 75 54 45 38 39 52 31 33 27 42 42 86 47 47 50 31 36 57 17 17 78 55 6 48 13 37 57 73 9 52 40 36 39 85 64 46 37 69 16 11 21 65 71 38 35 6 67 54 0 22 39 33 38 39 47 26 58 42 58 57 
57 31 27 31 31 50 48 48 10 10 53 11 10 60 21 22 34 38 5 42 32 4 19 21 42 41 27 43 29 51 54 37 25 45 35 41 43 11 22 29 32 74 26 33 31 17 34 35 9 36 63 38 27 38 33 15 35 52 17 38 50 36 33 63 42 39 53 54 18 22 29 54 52 34 39 28 45 47 22 0 17 12 35 33 25 44 36 25 36 40 
68 33 10 14 46 33 60 49 27 8 47 21 24 46 38 24 49 49 22 32 18 14 8 4 25 52 43 36 25 41 37 34 11 50 36 35 54 6 27 31 37 62 18 25 17 23 45 18 26 51 49 25 43 33 48 9 20 35 34 37 60 39 34 47 26 46 65 41 35 39 40 47 38 43 43 44 29 44 39 17 0 12 38 40 8 57 25 23 21 26 
69 22 20 26 34 42 60 57 21 5 57 22 22 49 29 31 45 50 14 30 22 8 10 16 34 40 38 47 18 53 47 26 23 56 44 45 55 10 32 20 25 74 14 36 29 11 33 28 17 48 61 37 38 43 44 5 26 46 25 28 62 46 42 53 33 34 65 53 25 30 41 58 50 31 49 39 36 53 33 12 12 0 45 28 18 56 25 14 26 38 
38 66 44 40 62 62 33 13 35 40 24 24 28 81 45 14 38 24 37 70 55 38 45 38 56 74 36 22 62 32 59 71 32 15 2 19 26 35 13 64 67 51 55 21 31 52 67 46 41 35 47 30 37 15 36 45 54 52 42 73 26 4 4 79 59 73 37 38 48 47 19 29 45 67 8 38 61 16 38 35 38 45 0 66 43 36 63 59 57 32 
81 12 47 53 17 63 72 79 34 33 85 42 39 64 30 54 51 65 29 42 42 31 36 44 55 14 46 75 27 81 70 26 51 75 66 73 70 38 53 14 8 102 32 64 57 17 8 54 26 56 89 65 45 70 52 32 47 72 30 21 79 67 65 72 54 7 76 81 23 29 58 86 77 5 69 44 57 79 39 33 40 28 66 0 45 65 42 21 46 66 
75 36 2 8 52 25 67 53 35 16 49 29 32 39 46 30 57 56 30 28 12 22 9 5 17 57 51 37 24 40 29 33 12 56 41 37 61 14 34 34 40 61 16 27 16 28 50 10 34 59 47 24 51 36 56 13 12 28 42 37 66 45 39 39 18 50 72 40 43 47 47 47 32 48 49 52 21 47 47 25 8 18 43 45 0 65 20 26 14 25 
16 69 67 67 53 89 7 42 35 53 59 36 34 103 35 38 14 12 42 85 75 48 62 60 82 67 19 58 72 68 89 80 58 24 38 55 11 51 33 68 68 86 69 54 61 57 62 73 43 9 83 63 20 51 13 58 77 85 35 78 18 32 39 104 83 72 11 74 42 37 19 65 79 64 28 21 86 51 26 44 57 56 36 65 65 0 79 67 78 65 
91 30 20 26 55 24 83 73 46 26 69 44 45 24 54 49 70 72 39 8 8 32 18 25 18 56 63 57 15 58 33 19 32 75 61 57 77 29 52 28 34 78 11 47 36 31 50 22 42 72 62 43 63 56 69 21 12 37 50 25 84 64 59 30 15 44 88 57 49 54 63 66 47 47 68 64 17 67 58 36 25 25 63 42 20 79 0 21 8 43 
81 10 27 34 34 42 72 71 32 19 70 35 35 44 36 45 55 63 25 22 21 21 17 26 34 35 49 59 6 64 49 13 34 69 58 58 68 24 46 8 14 85 11 48 40 11 29 34 25 59 72 48 48 56 55 14 26 52 33 14 75 60 56 51 33 24 77 64 29 35 54 70 58 26 63 48 36 67 42 25 23 14 59 21 26 67 21 0 25 49 
89 35 13 19 59 17 81 66 46 26 62 42 45 25 54 44 70 70 39 15 4 32 17 19 10 60 63 50 21 51 25 26 25 70 55 50 75 27 48 33 39 70 14 40 29 34 54 14 42 72 54 36 63 49 69 21 4 29 50 32 80 59 53 27 8 49 86 49 51 55 61 59 39 51 63 64 11 60 58 36 21 26 57 46 14 78 8 25 0 36 
70 59 24 17 70 33 64 36 48 34 26 36 41 55 59 28 64 54 45 51 35 37 32 23 30 78 59 15 49 15 27 58 15 47 30 16 57 29 33 57 63 36 41 11 9 49 71 22 49 62 23 2 60 18 62 35 32 21 55 62 58 36 28 50 34 72 69 15 58 60 46 23 14 69 40 61 35 26 57 40 26 38 32 66 25 65 43 49 36 0 
56
99
44
79
47
30
65
68
73
68
33
68
16
11
51
27
9
64
85
40
63
94
25
19
28
92
88
22
79
91
29
60
18
3
25
35
33
22
66
46
31
6
97
56
42
70
69
33
58
3
42
39
83
14
9
16
43
70
28
62
65
62
81
9
58
35
62
81
11
43
9
19
79
25
96
71
56
92
93
91
15
97
85
30
12
83
60
95
31
