60
0 100 57 79 112 217 135 74 46 86 150 76 98 96 84 71 47 34 95 121 88 113 49 90 80 99 85 86 93 63 55 143 95 105 99 78 127 32 80 106 115 38 65 83 68 67 91 103 35 134 20 77 48 92 146 105 71 74 121 73 
100 0 87 125 56 261 35 96 76 121 152 100 113 106 90 117 53 94 133 137 134 94 79 94 96 90 57 108 103 113 101 165 86 77 103 106 118 116 90 129 106 62 118 129 65 58 82 39 95 125 80 48 54 102 82 108 75 72 159 124 
57 87 0 60 86 241 122 39 11 95 115 81 41 99 69 74 34 63 98 120 91 113 14 77 46 80 76 89 96 63 80 146 100 96 46 78 108 89 45 72 96 43 74 108 57 72 88 94 64 139 61 74 33 95 92 70 58 61 77 66 
79 125 60 0 81 279 134 34 49 35 110 79 70 104 107 79 72 73 103 116 96 96 52 115 41 107 99 94 101 58 79 95 103 79 78 73 135 95 40 101 123 77 14 107 95 75 99 95 74 137 59 85 71 100 121 65 96 99 129 6 
112 56 86 81 0 286 91 47 75 99 123 78 89 101 114 78 77 86 102 115 95 72 72 72 40 96 35 93 98 57 78 143 116 55 77 72 124 128 53 100 112 86 83 106 115 88 104 17 87 150 100 98 78 99 60 78 53 50 128 75 
217 261 241 279 286 0 296 250 230 287 314 256 282 271 244 271 209 235 295 257 288 279 233 252 257 255 251 273 268 264 255 343 251 262 267 257 283 185 244 285 271 218 266 283 196 223 247 269 236 290 221 213 208 267 312 281 233 236 318 274 
135 35 122 134 91 296 0 131 111 99 178 135 148 109 125 126 88 129 150 172 143 129 114 129 131 125 92 111 106 137 136 198 121 112 138 141 153 151 125 164 141 97 120 132 100 93 117 74 130 160 115 83 89 105 117 143 110 107 176 128 
74 96 39 34 47 250 131 0 28 57 76 45 80 70 78 45 43 53 69 82 62 79 25 86 7 73 82 60 67 24 45 117 69 62 44 39 101 103 6 67 89 52 36 73 68 41 65 64 54 103 67 51 42 66 107 31 67 70 95 28 
46 76 11 49 75 230 111 28 0 84 104 70 52 98 58 73 23 64 97 109 90 102 3 66 35 69 65 88 95 52 69 144 89 85 57 67 97 78 34 83 85 32 63 97 46 61 77 83 65 128 50 63 22 94 103 59 47 50 88 55 
86 121 95 35 99 287 99 57 84 0 133 93 93 86 121 93 86 80 117 130 110 61 82 101 64 125 64 94 87 72 78 118 126 44 101 87 153 102 63 115 141 84 21 106 111 98 122 82 81 160 66 108 85 88 125 75 82 79 143 29 
150 152 115 110 123 314 178 76 104 133 0 121 156 75 142 94 107 129 118 154 111 132 101 150 83 126 135 79 72 100 110 166 122 115 120 115 149 170 70 143 142 116 112 98 121 94 118 140 130 27 134 104 106 73 167 107 131 134 144 104 
76 100 81 79 78 256 135 45 70 93 121 0 122 67 84 42 47 50 66 79 59 88 70 90 38 99 89 57 64 21 42 114 95 71 60 6 127 78 51 34 115 38 72 70 94 67 91 95 51 134 56 77 48 63 100 76 71 74 92 73 
98 113 41 70 89 282 148 80 52 93 156 122 0 122 110 115 75 104 139 136 132 93 55 93 87 117 56 126 119 104 121 139 120 76 87 119 145 130 86 113 133 84 72 132 98 113 125 74 105 180 102 115 74 120 51 107 74 71 118 64 
96 106 99 104 101 271 109 70 98 86 75 67 122 0 98 25 86 75 49 104 42 63 95 103 63 80 66 10 3 46 41 97 76 46 53 61 80 112 76 79 92 77 97 29 75 48 72 84 76 102 76 58 87 4 98 77 84 81 75 98 
84 90 69 107 114 244 125 78 58 121 142 84 110 98 0 99 37 78 123 123 116 116 61 80 85 64 79 100 95 102 83 171 78 99 95 90 92 100 72 116 80 46 100 111 77 50 72 97 79 117 64 60 36 94 140 109 61 64 146 106 
71 117 74 79 78 271 126 45 73 93 94 42 115 25 99 0 64 50 24 79 17 82 70 81 38 96 74 15 22 21 16 72 93 65 28 36 97 87 51 54 105 69 72 44 92 65 89 92 51 121 51 75 63 21 115 52 62 59 50 73 
47 53 34 72 77 209 88 43 23 86 107 47 75 86 37 64 0 41 88 86 81 79 26 43 50 70 42 79 83 67 48 136 66 62 58 53 92 63 37 79 80 9 65 76 65 38 62 60 42 105 27 48 1 82 103 74 24 27 111 71 
34 94 63 73 86 235 129 53 64 80 129 50 104 75 78 50 41 0 74 87 67 116 67 84 46 93 79 65 72 29 49 122 89 99 78 44 121 50 59 72 109 32 59 77 88 61 85 97 1 128 14 71 42 71 138 84 65 68 100 67 
95 133 98 103 102 295 150 69 97 117 118 66 139 49 123 24 88 74 0 103 7 90 94 105 62 86 93 39 46 45 40 62 103 73 52 60 114 111 75 78 102 93 96 68 102 75 94 111 75 142 75 85 87 45 139 42 86 83 26 97 
121 137 120 116 115 257 172 82 109 130 154 79 136 104 123 79 86 87 103 0 96 117 107 43 75 111 80 94 101 58 79 151 151 100 96 73 139 137 88 101 127 95 109 107 146 123 119 98 88 181 101 133 87 100 141 113 62 65 129 110 
88 134 91 96 95 288 143 62 90 110 111 59 132 42 116 17 81 67 7 96 0 83 87 98 55 79 86 32 39 38 33 55 110 66 45 53 107 104 68 71 95 86 89 61 109 82 87 104 68 138 68 92 80 38 132 35 79 76 33 90 
113 94 113 96 72 279 129 79 102 61 132 88 93 63 116 82 79 116 90 117 83 0 104 74 86 98 37 67 60 97 98 138 133 17 83 82 126 130 85 81 114 88 82 86 132 105 106 55 117 159 102 115 80 61 98 48 55 52 116 90 
49 79 14 52 72 233 114 25 3 82 101 70 55 95 61 70 26 67 94 107 87 104 0 69 32 72 68 85 92 49 70 142 92 87 60 64 100 81 31 86 88 35 61 98 43 64 80 86 68 128 53 60 25 91 106 56 50 53 91 53 
90 94 77 115 72 252 129 86 66 101 150 90 93 103 80 81 43 84 105 43 98 74 69 0 90 68 37 96 100 100 79 137 109 57 53 96 96 106 80 79 84 52 108 77 108 81 76 55 85 148 70 91 44 101 98 88 19 22 131 114 
80 96 46 41 40 257 131 7 35 64 83 38 87 63 85 38 50 46 62 75 55 86 32 90 0 80 75 53 60 17 38 110 76 69 37 32 108 96 13 60 96 59 43 66 75 48 72 57 47 110 60 58 49 59 100 38 71 68 88 35 
99 90 80 107 96 255 125 73 69 125 126 99 117 80 64 96 70 93 86 111 79 98 72 68 80 0 61 82 77 97 112 108 60 81 77 105 28 95 79 103 16 61 109 103 59 32 8 79 94 99 79 42 71 76 122 104 49 46 112 101 
85 57 76 99 35 251 92 82 65 64 135 89 56 66 79 74 42 79 93 80 86 37 68 37 75 61 0 70 63 92 90 141 104 20 46 85 89 93 79 72 77 51 85 76 107 80 69 18 80 147 65 90 43 64 61 51 18 15 119 93 
86 108 89 94 93 273 111 60 88 94 79 57 126 10 100 15 79 65 39 94 32 67 85 96 53 82 70 0 7 36 31 87 78 50 43 51 82 102 66 69 94 79 87 33 77 50 74 88 66 106 66 60 78 6 100 67 77 74 65 88 
93 103 96 101 98 268 106 67 95 87 72 64 119 3 95 22 83 72 46 101 39 60 92 100 60 77 63 7 0 43 38 94 73 43 50 58 77 109 73 76 89 74 94 26 72 45 69 81 73 99 73 55 84 1 95 74 81 78 72 95 
63 113 63 58 57 264 137 24 52 72 100 21 104 46 102 21 67 29 45 58 38 97 49 100 17 97 92 36 43 0 21 93 93 80 49 15 118 79 30 43 113 59 51 49 92 65 89 74 30 127 43 75 66 42 109 55 83 80 71 52 
55 101 80 79 78 255 136 45 69 78 110 42 121 41 83 16 48 49 40 79 33 98 70 79 38 112 90 31 38 21 0 88 109 81 44 36 113 71 51 64 121 53 72 28 108 81 105 95 50 137 35 91 47 37 130 68 72 75 66 73 
143 165 146 95 143 343 198 117 144 118 166 114 139 97 171 72 136 122 62 151 55 138 142 137 110 108 141 87 94 93 88 0 165 121 100 108 104 159 123 126 92 141 97 116 164 137 116 126 123 193 123 147 135 93 169 90 134 131 88 89 
95 86 100 103 116 251 121 69 89 126 122 95 120 76 78 93 66 89 103 151 110 133 92 109 76 60 104 78 73 93 109 165 0 116 101 101 88 111 75 120 76 57 105 86 55 28 52 122 90 95 75 38 67 72 165 100 90 89 129 97 
105 77 96 79 55 262 112 62 85 44 115 71 76 46 99 65 62 99 73 100 66 17 87 57 69 81 20 50 43 80 81 121 116 0 66 65 109 113 68 92 97 71 65 69 115 88 89 38 100 142 85 98 63 44 81 31 38 35 99 73 
99 103 46 78 77 267 138 44 57 101 120 60 87 53 95 28 58 78 52 96 45 83 60 53 37 77 46 43 50 49 44 100 101 66 0 54 89 115 50 26 77 67 80 72 80 73 85 64 79 140 79 63 59 49 92 75 34 31 78 72 
78 106 78 73 72 257 141 39 67 87 115 6 119 61 90 36 53 44 60 73 53 82 64 96 32 105 85 51 58 15 36 108 101 65 54 0 133 72 45 28 121 44 66 64 100 73 97 89 45 140 58 83 54 57 94 70 77 80 86 67 
127 118 108 135 124 283 153 101 97 153 149 127 145 80 92 97 92 121 114 139 107 126 100 96 108 28 89 82 77 118 113 104 88 109 89 133 0 123 107 115 12 89 137 103 87 60 36 107 122 127 107 70 93 76 150 132 77 74 140 129 
32 116 89 95 128 185 151 103 78 102 170 78 130 112 100 87 63 50 111 137 104 130 81 106 96 95 93 102 109 79 71 159 111 113 115 72 123 0 100 100 111 54 81 99 100 83 87 111 51 150 36 93 64 108 154 134 87 90 137 89 
80 90 45 40 53 244 125 6 34 63 70 51 86 76 72 51 37 59 75 88 68 85 31 80 13 79 79 66 73 30 51 123 75 68 50 45 107 100 0 73 95 46 42 79 74 47 71 70 60 97 64 57 36 72 113 37 61 64 101 34 
106 129 72 101 100 285 164 67 83 115 143 34 113 79 116 54 79 72 78 101 71 81 86 79 60 103 72 69 76 43 64 126 120 92 26 28 115 100 73 0 103 70 94 92 99 92 111 90 73 159 86 82 80 75 66 98 60 57 104 95 
115 106 96 123 112 271 141 89 85 141 142 115 133 92 80 105 80 109 102 127 95 114 88 84 96 16 77 94 89 113 121 92 76 97 77 121 12 111 95 103 0 77 125 115 75 48 24 95 110 115 95 58 81 88 138 120 65 62 128 117 
38 62 43 77 86 218 97 52 32 84 116 38 84 77 46 69 9 32 93 95 86 88 35 52 59 61 51 79 74 59 53 141 57 71 67 44 89 54 46 70 77 0 63 81 56 29 53 69 33 96 18 39 10 73 112 83 33 36 119 71 
65 118 74 14 83 266 120 36 63 21 112 72 72 97 100 72 65 59 96 109 89 82 61 108 43 109 85 87 94 51 72 97 105 65 80 66 137 81 42 94 125 63 0 100 104 77 101 97 60 139 45 87 64 93 123 67 89 92 122 8 
83 129 108 107 106 283 132 73 97 106 98 70 132 29 111 44 76 77 68 107 61 86 98 77 66 103 76 33 26 49 28 116 86 69 72 64 103 99 79 92 115 81 100 0 98 71 95 94 78 125 63 81 75 27 121 96 58 61 94 101 
68 65 57 95 115 196 100 68 46 111 121 94 98 75 77 92 65 88 102 146 109 132 43 108 75 59 107 77 72 92 108 164 55 115 80 100 87 100 74 99 75 56 104 98 0 27 51 104 89 94 74 17 66 71 147 99 89 92 128 96 
67 58 72 75 88 223 93 41 61 98 94 67 113 48 50 65 38 61 75 123 82 105 64 81 48 32 80 50 45 65 81 137 28 88 73 73 60 83 47 92 48 29 77 71 27 0 24 97 62 67 47 10 39 44 138 72 62 65 101 69 
91 82 88 99 104 247 117 65 77 122 118 91 125 72 72 89 62 85 94 119 87 106 80 76 72 8 69 74 69 89 105 116 52 89 85 97 36 87 71 111 24 53 101 95 51 24 0 87 86 91 71 34 63 68 130 96 57 54 120 93 
103 39 94 95 17 269 74 64 83 82 140 95 74 84 97 92 60 97 111 98 104 55 86 55 57 79 18 88 81 74 95 126 122 38 64 89 107 111 70 90 95 69 97 94 104 97 87 0 98 164 83 87 61 82 43 69 36 33 137 89 
35 95 64 74 87 236 130 54 65 81 130 51 105 76 79 51 42 1 75 88 68 117 68 85 47 94 80 66 73 30 50 123 90 100 79 45 122 51 60 73 110 33 60 78 89 62 86 98 0 129 15 72 43 72 139 85 66 69 101 68 
134 125 139 137 150 290 160 103 128 160 27 134 180 102 117 121 105 128 142 181 138 159 128 148 110 99 147 106 99 127 137 193 95 142 140 140 127 150 97 159 115 96 139 125 94 67 91 164 129 0 114 77 106 100 194 121 129 132 168 131 
20 80 61 59 100 221 115 67 50 66 134 56 102 76 64 51 27 14 75 101 68 102 53 70 60 79 65 66 73 43 35 123 75 85 79 58 107 36 64 86 95 18 45 63 74 47 71 83 15 114 0 57 28 72 126 98 51 54 101 53 
77 48 74 85 98 213 83 51 63 108 104 77 115 58 60 75 48 71 85 133 92 115 60 91 58 42 90 60 55 75 91 147 38 98 63 83 70 93 57 82 58 39 87 81 17 10 34 87 72 77 57 0 49 54 130 82 72 75 111 79 
48 54 33 71 78 208 89 42 22 85 106 48 74 87 36 63 1 42 87 87 80 80 25 44 49 71 43 78 84 66 47 135 67 63 59 54 93 64 36 80 81 10 64 75 66 39 63 61 43 106 28 49 0 83 104 73 25 28 110 70 
92 102 95 100 99 267 105 66 94 88 73 63 120 4 94 21 82 71 45 100 38 61 91 101 59 76 64 6 1 42 37 93 72 44 49 57 76 108 72 75 88 73 93 27 71 44 68 82 72 100 72 54 83 0 94 73 82 79 71 94 
146 82 92 121 60 312 117 107 103 125 167 100 51 98 140 115 103 138 139 141 132 98 106 98 100 122 61 100 95 109 130 169 165 81 92 94 150 154 113 66 138 112 123 121 147 138 130 43 139 194 126 130 104 94 0 107 79 76 165 115 
105 108 70 65 78 281 143 31 59 75 107 76 107 77 109 52 74 84 42 113 35 48 56 88 38 104 51 67 74 55 68 90 100 31 75 70 132 134 37 98 120 83 67 96 99 72 96 69 85 121 98 82 73 73 107 0 69 66 68 59 
71 75 58 96 53 233 110 67 47 82 131 71 74 84 61 62 24 65 86 62 79 55 50 19 71 49 18 77 81 83 72 134 90 38 34 77 77 87 61 60 65 33 89 58 89 62 57 36 66 129 51 72 25 82 79 69 0 3 112 95 
74 72 61 99 50 236 107 70 50 79 134 74 71 81 64 59 27 68 83 65 76 52 53 22 68 46 15 74 78 80 75 131 89 35 31 80 74 90 64 57 62 36 92 61 92 65 54 33 69 132 54 75 28 79 76 66 3 0 109 98 
121 159 77 129 128 318 176 95 88 143 144 92 118 75 146 50 111 100 26 129 33 116 91 131 88 112 119 65 72 71 66 88 129 99 78 86 140 137 101 104 128 119 122 94 128 101 120 137 101 168 101 111 110 71 165 68 112 109 0 123 
73 124 66 6 75 274 128 28 55 29 104 73 64 98 106 73 71 67 97 110 90 90 53 114 35 101 93 88 95 52 73 89 97 73 72 67 129 89 34 95 117 71 8 101 96 69 93 89 68 131 53 79 70 94 115 59 95 98 123 0 
6
21
8
66
10
92
94
42
16
61
88
7
45
65
75
32
1
10
37
1
19
10
28
89
73
96
79
36
50
37
55
19
38
50
34
7
69
50
92
95
94
66
61
81
5
54
54
36
91
25
17
18
54
1
45
12
56
79
16
