90
0 49 78 70 53 43 71 32 91 54 90 61 50 20 36 18 77 60 77 82 22 9 91 76 26 73 77 90 75 9 39 6 42 79 41 21 72 59 46 37 83 15 63 87 41 20 80 95 42 86 33 89 65 75 71 72 71 107 77 11 17 39 26 20 43 52 26 86 27 76 86 36 15 59 65 31 60 39 52 66 34 65 66 56 79 80 33 88 62 30 
49 0 29 22 32 40 60 24 43 9 44 20 26 29 28 50 61 22 50 64 30 53 50 52 49 29 40 46 43 42 48 53 20 31 31 47 24 22 21 36 36 37 14 38 44 32 33 46 15 38 55 47 53 38 31 61 41 58 39 57 45 35 52 58 16 10 38 38 22 35 37 49 55 39 22 33 32 15 10 27 33 25 33 40 34 57 28 67 22 35 
78 29 0 10 51 59 71 51 16 27 21 25 47 58 51 78 65 27 52 66 58 81 29 55 74 24 31 24 44 71 69 82 41 12 55 72 10 29 43 57 19 66 15 9 64 60 15 18 38 11 78 26 65 31 30 71 44 29 28 85 73 59 77 86 41 28 63 12 51 23 8 70 83 51 26 59 41 41 31 26 58 30 37 59 17 59 52 68 31 59 
70 22 10 0 49 49 61 46 21 23 23 15 44 50 41 69 56 17 44 58 49 72 29 46 65 28 25 25 36 63 59 73 31 20 52 63 2 19 40 47 27 58 11 17 54 51 23 28 29 16 68 26 55 24 33 61 35 37 22 76 64 56 68 77 37 19 54 16 43 17 16 60 74 41 27 54 31 32 27 16 54 31 27 57 13 51 43 61 31 50 
53 32 51 49 0 65 90 23 67 27 72 52 6 38 52 66 92 54 82 96 47 62 78 84 68 30 72 74 75 44 71 59 48 43 12 63 51 54 11 59 42 39 38 60 67 48 41 60 43 62 75 75 83 70 26 91 73 76 70 64 61 16 71 73 17 42 58 63 36 66 59 71 68 70 25 22 64 40 23 59 19 22 65 8 62 89 51 99 20 57 
43 40 59 49 65 0 29 45 65 49 61 34 59 36 13 30 34 33 34 39 25 39 59 33 22 69 43 60 34 43 10 43 20 67 58 24 49 31 54 7 74 41 50 64 5 25 70 76 25 62 22 59 22 42 71 30 30 84 44 43 28 59 25 36 48 33 17 61 32 46 63 13 36 17 62 52 23 26 50 37 54 65 30 73 51 37 15 45 62 13 
71 60 71 61 90 29 0 73 70 68 62 47 84 64 41 56 10 45 21 14 54 65 57 18 47 86 42 60 28 72 32 69 42 81 86 50 61 43 79 36 88 70 66 74 30 54 84 87 47 70 43 58 7 42 89 1 27 87 45 69 54 87 49 61 73 50 45 67 60 50 73 36 62 21 80 80 31 50 70 45 82 84 34 98 57 17 43 19 81 42 
32 24 51 46 23 45 73 0 66 25 68 43 18 15 32 43 76 44 68 80 24 40 74 69 45 41 63 70 64 23 48 37 32 49 13 40 48 43 14 38 52 17 36 60 46 25 50 66 27 61 52 71 66 61 39 74 60 80 62 42 38 14 48 50 11 32 35 62 13 59 59 48 45 54 33 9 49 24 21 50 9 33 54 28 58 74 30 84 30 34 
91 43 16 21 67 65 70 66 0 42 8 31 63 71 60 88 64 32 50 64 69 92 16 53 84 38 28 11 42 84 75 93 50 25 71 82 19 34 59 65 31 79 30 8 70 71 28 18 49 5 86 13 64 28 44 70 43 19 25 96 84 75 87 96 56 39 73 5 64 20 8 78 94 52 42 74 43 52 46 28 73 45 37 75 14 57 62 64 47 69 
54 9 27 23 27 49 68 25 42 0 46 27 21 34 37 57 69 29 58 72 37 59 52 60 58 20 46 48 51 47 57 59 29 25 29 54 25 29 17 45 29 41 12 36 53 39 26 42 24 37 64 49 61 44 22 69 49 56 43 63 52 33 61 65 14 18 47 38 28 39 35 58 62 47 13 32 40 24 4 33 31 16 41 35 36 65 37 75 13 44 
90 44 21 23 72 61 62 68 8 46 0 29 67 71 57 85 56 30 42 56 68 91 8 45 81 45 20 3 34 84 71 92 48 33 75 79 21 31 63 62 39 79 34 16 66 70 36 26 48 12 83 5 58 21 51 62 36 25 18 95 81 79 84 93 60 38 70 9 64 15 16 74 91 47 47 77 38 51 50 24 77 51 32 80 11 49 59 56 52 66 
61 20 25 15 52 34 47 43 31 27 29 0 46 43 29 57 43 2 31 45 39 62 31 33 53 40 20 29 24 56 44 63 19 35 51 51 15 4 41 34 42 51 20 30 39 41 38 42 19 28 55 29 40 18 44 47 22 50 19 66 53 55 56 65 36 11 42 27 36 16 29 47 63 26 36 52 16 23 30 7 52 40 14 60 18 38 31 48 39 38 
50 26 47 44 6 59 84 18 63 21 67 46 0 33 46 61 86 48 76 90 41 58 73 78 63 28 66 69 69 41 65 55 42 40 10 58 46 48 5 53 40 35 33 56 61 43 39 58 37 58 70 70 77 64 25 85 67 73 64 60 56 14 66 68 11 36 52 59 30 60 55 65 63 64 22 19 58 34 18 53 17 20 59 14 57 83 45 93 17 51 
20 29 58 50 38 36 64 15 71 34 71 43 33 0 24 28 69 44 65 73 11 26 74 64 30 53 63 72 61 13 36 25 28 59 26 25 52 43 29 29 63 8 43 67 36 11 60 75 25 66 38 72 57 61 52 65 57 87 62 29 23 26 33 35 24 33 21 66 7 59 66 34 30 47 45 18 46 21 32 50 21 46 52 41 60 69 21 79 43 23 
36 28 51 41 52 13 41 32 60 37 57 29 46 24 0 28 45 28 41 49 14 34 58 40 24 57 44 57 39 34 20 37 10 57 45 22 43 26 41 8 63 31 39 58 16 16 59 69 13 57 28 56 34 42 59 42 35 78 44 38 24 46 27 36 35 23 13 55 19 43 57 21 34 23 50 39 24 13 37 33 41 53 31 60 47 45 3 55 50 9 
18 50 78 69 66 30 56 43 88 57 85 57 61 28 28 0 64 56 64 69 20 9 86 63 9 77 70 85 64 24 24 14 38 81 54 6 70 54 57 25 86 27 64 86 27 18 83 96 40 85 15 84 51 69 77 57 60 106 71 13 5 52 8 8 51 50 15 83 31 71 85 20 6 47 69 44 50 37 56 61 47 71 57 69 75 67 26 75 68 19 
77 61 65 56 92 34 10 76 64 69 56 43 86 69 45 64 0 41 14 5 59 73 49 11 55 83 36 53 22 77 40 77 44 76 88 58 56 41 81 41 83 75 63 68 37 59 79 81 49 64 51 51 13 36 87 9 21 81 39 77 62 90 57 69 75 51 51 61 64 44 67 44 70 22 79 84 29 52 71 40 85 83 29 100 51 7 48 11 82 47 
60 22 27 17 54 33 45 44 32 29 30 2 48 44 28 56 41 0 29 43 38 61 31 31 52 42 19 30 22 57 43 62 18 37 53 50 17 2 43 33 44 52 22 32 38 40 40 44 19 30 54 29 38 17 46 45 20 51 18 65 52 56 55 64 38 12 41 28 37 16 31 46 62 24 38 53 14 23 32 6 53 42 12 62 19 36 30 46 41 37 
77 50 52 44 82 34 21 68 50 58 42 31 76 65 41 64 14 29 0 14 55 73 36 3 56 71 22 39 8 75 42 77 37 64 80 58 43 29 71 40 71 72 51 54 38 57 67 67 41 50 55 37 19 22 75 21 9 67 25 77 62 82 59 70 66 40 51 47 58 30 53 46 70 18 67 77 19 45 60 28 77 71 17 90 37 7 44 17 70 47 
82 64 66 58 96 39 14 80 64 72 56 45 90 73 49 69 5 43 14 0 63 78 49 12 60 85 36 53 22 82 45 82 48 78 92 63 57 43 85 46 85 80 65 68 42 64 81 81 53 64 56 51 18 36 89 13 23 81 39 82 67 94 62 74 79 54 56 61 68 44 67 49 75 26 81 88 32 56 74 42 89 85 31 104 51 7 52 6 84 52 
22 30 58 49 47 25 54 24 69 37 68 39 41 11 14 20 59 38 55 63 0 23 69 54 22 57 55 68 53 20 26 24 20 61 37 17 50 37 37 18 66 17 44 66 25 2 63 76 20 65 29 67 47 53 57 55 49 86 55 27 15 36 25 28 31 30 11 64 11 54 65 24 25 37 49 29 38 17 36 44 31 51 44 52 57 59 11 69 48 12 
9 53 81 72 62 39 65 40 92 59 91 62 58 26 34 9 73 61 73 78 23 0 92 72 18 78 77 91 71 18 33 5 43 84 50 15 73 60 54 33 88 23 67 89 36 21 85 99 43 88 24 90 60 76 78 66 67 109 78 4 11 48 17 11 50 53 22 87 31 77 88 29 6 55 70 40 57 40 57 67 43 72 64 65 80 76 32 84 69 26 
91 50 29 29 78 59 57 74 16 52 8 31 73 74 58 86 49 31 36 49 69 92 0 39 80 53 17 5 29 87 69 93 49 41 81 80 27 32 69 61 47 82 40 24 64 71 44 34 50 20 81 3 53 18 59 57 32 32 15 96 82 85 83 94 66 42 71 17 67 15 24 72 92 44 55 83 36 54 56 25 83 59 29 86 16 42 60 49 60 67 
76 52 55 46 84 33 18 69 53 60 45 33 78 64 40 63 11 31 3 12 54 72 39 0 54 73 25 42 11 74 40 76 38 66 81 57 46 31 73 39 73 71 53 57 36 56 69 70 42 53 53 40 16 25 77 18 11 70 28 76 61 83 57 68 67 42 50 50 59 33 56 44 69 17 69 78 20 46 62 30 78 73 19 92 40 5 43 15 72 46 
26 49 74 65 68 22 47 45 84 58 81 53 63 30 24 9 55 52 56 60 22 18 80 54 0 78 64 81 56 30 15 23 34 80 56 5 66 50 59 19 85 32 62 82 18 20 82 92 36 81 8 80 42 63 79 48 52 102 65 22 9 56 3 14 53 46 11 79 33 67 81 11 15 39 70 48 44 34 57 57 51 73 51 71 71 58 22 66 70 15 
73 29 24 28 30 69 86 41 38 20 45 40 28 53 57 77 83 42 71 85 57 78 53 73 78 0 53 48 64 64 77 78 49 13 38 74 29 43 27 65 12 58 20 31 73 59 11 30 44 34 84 50 79 52 6 86 62 46 50 82 72 42 81 85 30 36 67 36 47 45 30 78 82 65 8 46 55 44 21 44 44 8 54 38 40 78 57 88 11 64 
77 40 31 25 72 43 42 63 28 46 20 20 66 63 44 70 36 19 22 36 55 77 17 25 64 53 0 18 14 75 53 79 35 43 71 64 24 20 61 45 50 71 36 32 48 57 46 45 38 28 65 17 38 2 58 42 16 45 3 81 66 75 67 78 56 31 55 25 56 8 31 56 76 28 52 72 20 42 49 13 72 56 13 80 15 29 46 37 56 51 
90 46 24 25 74 60 60 70 11 48 3 29 69 72 57 85 53 30 39 53 68 91 5 42 81 48 18 0 32 85 70 92 48 36 77 79 23 31 65 62 42 80 36 19 65 70 39 29 48 15 82 2 56 19 54 60 34 28 16 95 81 81 84 93 62 39 70 12 65 14 19 73 91 45 50 79 37 52 52 24 79 54 30 82 12 46 59 53 55 66 
75 43 44 36 75 34 28 64 42 51 34 24 69 61 39 64 22 22 8 22 53 71 29 11 56 64 14 32 0 73 43 75 33 56 74 58 35 22 64 39 63 69 44 46 38 55 59 59 37 42 55 30 24 14 68 28 4 59 17 75 60 77 59 70 59 33 49 39 54 22 45 46 70 17 60 73 15 41 53 20 73 64 10 83 29 15 42 25 63 45 
9 42 71 63 44 43 72 23 84 47 84 56 41 13 34 24 77 57 75 82 20 18 87 74 30 64 75 85 73 0 42 15 40 72 32 25 65 56 37 36 75 6 56 80 42 18 73 88 38 79 38 85 65 73 62 73 69 100 75 20 21 30 32 29 34 46 27 79 20 72 79 39 24 57 56 22 58 34 44 63 25 56 64 47 73 79 31 88 53 30 
39 48 69 59 71 10 32 48 75 57 71 44 65 36 20 24 40 43 42 45 26 33 69 40 15 77 53 70 43 42 0 37 28 75 61 18 59 41 60 12 82 41 58 74 5 25 78 86 33 72 13 69 27 52 79 33 39 94 54 37 22 62 17 29 54 41 15 71 35 56 73 4 30 26 70 54 33 33 57 47 57 73 40 76 61 43 20 51 70 14 
6 53 82 73 59 43 69 37 93 59 92 63 55 25 37 14 77 62 77 82 24 5 93 76 23 78 79 92 75 15 37 0 44 84 47 19 74 61 51 37 88 20 67 90 40 22 85 99 44 89 29 91 64 77 76 70 71 110 79 5 15 45 22 16 48 54 26 88 31 78 89 34 11 59 70 37 61 41 57 68 40 70 67 62 81 80 34 88 67 30 
42 20 41 31 48 20 42 32 50 29 48 19 42 28 10 38 44 18 37 48 20 43 49 38 34 49 35 48 33 40 28 44 0 47 44 32 33 17 37 16 54 36 30 48 24 22 50 59 5 47 37 47 35 33 51 43 29 68 35 47 34 46 37 46 31 13 23 45 21 34 47 29 44 22 42 40 18 8 30 24 41 45 24 56 37 43 12 53 42 19 
79 31 12 20 43 67 81 49 25 25 33 35 40 59 57 81 76 37 64 78 61 84 41 66 80 13 43 36 56 72 75 84 47 0 50 78 21 39 38 63 7 66 18 18 71 63 3 18 44 21 84 38 75 43 19 81 55 33 40 88 76 54 83 89 38 34 69 24 53 35 17 76 86 61 18 56 51 46 28 36 55 21 47 51 29 71 58 80 23 65 
41 31 55 52 12 58 86 13 71 29 75 51 10 26 45 54 88 53 80 92 37 50 81 81 56 38 71 77 74 32 61 47 44 50 0 51 54 53 12 51 50 27 41 64 59 37 49 68 39 66 64 78 79 69 35 87 72 83 70 52 49 4 59 61 15 41 47 67 26 66 63 60 56 66 32 10 61 36 25 58 7 30 64 15 65 86 43 96 27 47 
21 47 72 63 63 24 50 40 82 54 79 51 58 25 22 6 58 50 58 63 17 15 80 57 5 74 64 79 58 25 18 19 32 78 51 0 64 48 54 19 83 27 60 80 21 15 80 90 34 79 13 78 45 63 74 51 54 100 65 19 4 51 8 14 48 44 9 77 28 65 79 15 12 41 66 43 44 32 53 55 46 68 51 66 69 61 20 69 65 13 
72 24 10 2 51 49 61 48 19 25 21 15 46 52 43 70 56 17 43 57 50 73 27 46 66 29 24 23 35 65 59 74 33 21 54 64 0 19 42 49 28 60 13 16 54 52 24 27 30 15 70 24 55 23 35 61 35 36 21 77 65 58 69 78 39 20 55 14 45 16 15 62 75 41 29 56 31 33 29 16 56 33 27 59 11 50 44 60 33 51 
59 22 29 19 54 31 43 43 34 29 31 4 48 43 26 54 41 2 29 43 37 60 32 31 50 43 20 31 22 56 41 61 17 39 53 48 19 0 43 31 46 51 23 34 36 39 42 46 18 32 52 30 36 18 47 43 20 53 19 64 50 56 53 62 38 12 39 30 36 17 33 44 60 22 39 52 12 22 32 7 52 43 12 62 21 36 28 46 42 35 
46 21 43 40 11 54 79 14 59 17 63 41 5 29 41 57 81 43 71 85 37 54 69 73 59 27 61 65 64 37 60 51 37 38 12 54 42 43 0 48 39 31 29 52 56 39 37 56 32 54 66 66 72 59 25 80 62 71 60 56 52 16 62 64 6 31 48 55 26 56 51 60 59 59 20 19 53 29 13 48 17 19 54 19 53 78 40 88 16 46 
37 36 57 47 59 7 36 38 65 45 62 34 53 29 8 25 41 33 40 46 18 33 61 39 19 65 45 62 39 36 12 37 16 63 51 19 49 31 48 0 70 34 46 64 8 18 66 75 21 62 21 61 29 44 67 37 35 84 46 37 22 52 22 33 42 29 11 61 25 48 63 13 31 22 58 45 25 21 45 38 47 61 32 66 52 43 8 52 58 7 
83 36 19 27 42 74 88 52 31 29 39 42 40 63 63 86 83 44 71 85 66 88 47 73 85 12 50 42 63 75 82 88 54 7 50 83 28 46 39 70 0 69 24 23 78 68 4 19 50 27 91 44 82 50 17 88 62 35 47 92 81 54 88 94 41 41 74 30 57 42 23 83 91 68 20 58 58 51 32 43 56 20 54 49 36 78 64 87 23 71 
15 37 66 58 39 41 70 17 79 41 79 51 35 8 31 27 75 52 72 80 17 23 82 71 32 58 71 80 69 6 41 20 36 66 27 27 60 51 31 34 69 0 51 75 41 16 67 83 33 74 40 80 63 69 56 71 65 95 70 25 23 25 34 34 28 41 26 74 15 67 74 39 29 54 50 17 54 29 38 58 20 50 60 42 68 76 28 86 47 28 
63 14 15 11 38 50 66 36 30 12 34 20 33 43 39 64 63 22 51 65 44 67 40 53 62 20 36 36 44 56 58 67 30 18 41 60 13 23 29 46 24 51 0 24 54 46 20 32 26 25 67 37 59 34 24 66 42 44 33 71 59 45 65 72 26 17 51 26 36 28 23 59 69 45 16 44 35 28 16 24 43 20 34 46 24 58 40 68 20 47 
87 38 9 17 60 64 74 60 8 36 16 30 56 67 58 86 68 32 54 68 66 89 24 57 82 31 32 19 46 80 74 90 48 18 64 80 16 34 52 64 23 75 24 0 69 68 21 13 46 4 85 21 68 32 37 74 47 20 29 93 81 68 85 94 50 36 71 7 60 24 1 77 91 54 35 68 44 49 40 29 67 38 40 68 17 61 60 69 40 67 
41 44 64 54 67 5 30 46 70 53 66 39 61 36 16 27 37 38 38 42 25 36 64 36 18 73 48 65 38 42 5 40 24 71 59 21 54 36 56 8 78 41 54 69 0 25 74 81 29 67 17 64 24 47 75 31 34 89 49 40 25 60 21 32 50 37 15 66 33 51 68 8 33 21 66 53 28 29 53 42 55 69 35 74 56 40 16 48 66 13 
20 32 60 51 48 25 54 25 71 39 70 41 43 11 16 18 59 40 57 64 2 21 71 56 20 59 57 70 55 18 25 22 22 63 37 15 52 39 39 18 68 16 46 68 25 0 65 78 22 67 27 69 47 55 59 55 51 88 57 25 13 37 23 26 33 32 10 66 13 56 67 23 23 39 51 29 40 19 38 46 32 53 46 52 59 61 13 70 50 12 
80 33 15 23 41 70 84 50 28 26 36 38 39 60 59 83 79 40 67 81 63 85 44 69 82 11 46 39 59 73 78 85 50 3 49 80 24 42 37 66 4 67 20 21 74 65 0 19 46 24 87 41 78 46 17 84 58 35 43 89 78 53 85 91 39 37 71 27 54 38 20 79 88 64 17 56 54 48 29 39 54 19 50 49 32 74 60 83 22 67 
95 46 18 28 60 76 87 66 18 42 26 42 58 75 69 96 81 44 67 81 76 99 34 70 92 30 45 29 59 88 86 99 59 18 68 90 27 46 56 75 19 83 32 13 81 78 19 0 56 17 96 31 81 45 36 87 60 16 42 103 91 72 95 104 55 46 81 20 68 37 14 88 101 67 36 73 57 59 45 42 72 38 53 68 30 74 70 82 41 77 
42 15 38 29 43 25 47 27 49 24 48 19 37 25 13 40 49 19 41 53 20 43 50 42 36 44 38 48 37 38 33 44 5 44 39 34 30 18 32 21 50 33 26 46 29 22 46 56 0 45 41 48 40 36 46 48 33 66 37 47 35 41 39 48 26 10 25 44 18 35 45 34 45 27 37 36 22 4 25 25 36 40 27 51 37 47 14 57 37 21 
86 38 11 16 62 62 70 61 5 37 12 28 58 66 57 85 64 30 50 64 65 88 20 53 81 34 28 15 42 79 72 89 47 21 66 79 15 32 54 62 27 74 25 4 67 67 24 17 45 0 83 17 64 28 40 70 43 22 25 92 80 70 84 93 51 35 70 3 59 20 4 75 90 51 37 69 41 48 41 26 68 41 36 70 13 57 59 65 42 66 
33 55 78 68 75 22 43 52 86 64 83 55 70 38 28 15 51 54 55 56 29 24 81 53 8 84 65 82 55 38 13 29 37 84 64 13 70 52 66 21 91 40 67 85 17 27 87 96 41 83 0 81 38 64 86 44 51 105 66 28 17 64 7 18 60 50 18 82 40 68 84 9 20 38 77 56 45 40 64 59 59 80 52 79 73 55 27 62 77 20 
89 47 26 26 75 59 58 71 13 49 5 29 70 72 56 84 51 29 37 51 67 90 3 40 80 50 17 2 30 85 69 91 47 38 78 78 24 30 66 61 44 80 37 21 64 69 41 31 48 17 81 0 54 18 56 58 33 30 15 94 80 82 83 92 63 40 69 14 65 13 21 72 90 44 52 80 36 52 53 23 80 56 29 83 13 44 58 51 57 65 
65 53 65 55 83 22 7 66 64 61 58 40 77 57 34 51 13 38 19 18 47 60 53 16 42 79 38 56 24 65 27 64 35 75 79 45 55 36 72 29 82 63 59 68 24 47 78 81 40 64 38 54 0 37 82 8 22 83 40 64 49 80 44 56 66 43 39 61 53 44 67 31 57 14 73 73 24 43 63 39 75 77 28 91 51 17 36 24 74 35 
75 38 31 24 70 42 42 61 28 44 21 18 64 61 42 69 36 17 22 36 53 76 18 25 63 52 2 19 14 73 52 77 33 43 69 63 23 18 59 44 50 69 34 32 47 55 46 45 36 28 64 18 37 0 57 42 15 46 3 80 65 73 66 77 54 29 54 25 54 8 31 55 75 27 50 70 19 40 47 11 70 54 12 78 15 29 44 38 54 50 
71 31 30 33 26 71 89 39 44 22 51 44 25 52 59 77 87 46 75 89 57 78 59 77 79 6 58 54 68 62 79 76 51 19 35 74 35 47 25 67 17 56 24 37 75 59 17 36 46 40 86 56 82 57 0 90 66 52 55 81 72 39 82 85 28 39 68 42 47 50 36 80 82 68 9 44 59 46 22 48 42 6 58 32 46 82 59 92 9 66 
72 61 71 61 91 30 1 74 70 69 62 47 85 65 42 57 9 45 21 13 55 66 57 18 48 86 42 60 28 73 33 70 43 81 87 51 61 43 80 37 88 71 66 74 31 55 84 87 48 70 44 58 8 42 90 0 27 87 45 70 55 88 50 62 74 51 46 67 61 50 73 37 63 22 81 81 31 51 71 45 83 85 34 99 57 16 44 18 82 43 
71 41 44 35 73 30 27 60 43 49 36 22 67 57 35 60 21 20 9 23 49 67 32 11 52 62 16 34 4 69 39 71 29 55 72 54 35 20 62 35 62 65 42 47 34 51 58 60 33 43 51 33 22 15 66 27 0 61 18 71 56 74 55 66 57 31 45 40 50 23 46 42 66 13 58 69 11 37 51 19 69 62 8 81 30 16 38 26 61 41 
107 58 29 37 76 84 87 80 19 56 25 50 73 87 78 106 81 51 67 81 86 109 32 70 102 46 45 28 59 100 94 110 68 33 83 100 36 53 71 84 35 95 44 20 89 88 35 16 66 22 105 30 83 46 52 87 61 0 43 113 101 87 105 114 70 56 91 23 80 39 21 97 111 71 51 88 62 69 60 47 87 54 56 84 33 74 80 81 56 87 
77 39 28 22 70 44 45 62 25 43 18 19 64 62 44 71 39 18 25 39 55 78 15 28 65 50 3 16 17 75 54 79 35 40 70 65 21 19 60 46 47 70 33 29 49 57 43 42 37 25 66 15 40 3 55 45 18 43 0 82 67 74 68 79 55 30 56 22 55 5 28 57 77 29 49 71 21 41 47 12 71 53 14 78 12 32 47 40 53 52 
11 57 85 76 64 43 69 42 96 63 95 66 60 29 38 13 77 65 77 82 27 4 96 76 22 82 81 95 75 20 37 5 47 88 52 19 77 64 56 37 92 25 71 93 40 25 89 103 47 92 28 94 64 80 81 70 71 113 82 0 15 50 21 12 53 57 26 91 35 81 92 33 8 59 74 42 61 44 61 71 45 75 68 67 84 80 36 88 72 30 
17 45 73 64 61 28 54 38 84 52 81 53 56 23 24 5 62 52 62 67 15 11 82 61 9 72 66 81 60 21 22 15 34 76 49 4 65 50 52 22 81 23 59 81 25 13 78 91 35 80 17 80 49 65 72 55 56 101 67 15 0 48 11 13 46 45 11 79 26 67 80 19 10 44 64 40 46 32 51 57 43 66 53 64 71 65 22 73 63 15 
39 35 59 56 16 59 87 14 75 33 79 55 14 26 46 52 90 56 82 94 36 48 85 83 56 42 75 81 77 30 62 45 46 54 4 51 58 56 16 52 54 25 45 68 60 37 53 72 41 70 64 82 80 73 39 88 74 87 74 50 48 0 59 59 19 44 47 71 27 70 67 60 54 68 36 8 63 38 29 62 5 34 67 17 69 88 44 98 31 48 
26 52 77 68 71 25 49 48 87 61 84 56 66 33 27 8 57 55 59 62 25 17 83 57 3 81 67 84 59 32 17 22 37 83 59 8 69 53 62 22 88 34 65 85 21 23 85 95 39 84 7 83 44 66 82 50 55 105 68 21 11 59 0 12 56 49 14 82 36 70 84 13 13 42 73 51 47 37 60 60 54 76 54 74 74 60 25 68 73 18 
20 58 86 77 73 36 61 50 96 65 93 65 68 35 36 8 69 64 70 74 28 11 94 68 14 85 78 93 70 29 29 16 46 89 61 14 78 62 64 33 94 34 72 94 32 26 91 104 48 93 18 92 56 77 85 62 66 114 79 12 13 59 12 0 59 58 23 91 39 79 93 25 5 53 77 51 58 45 64 69 54 79 65 76 83 72 34 80 76 27 
43 16 41 37 17 48 73 11 56 14 60 36 11 24 35 51 75 38 66 79 31 50 66 67 53 30 56 62 59 34 54 48 31 38 15 48 39 38 6 42 41 28 26 50 50 33 39 55 26 51 60 63 66 54 28 74 57 70 55 53 46 19 56 59 0 26 42 52 20 51 49 54 54 53 22 18 47 23 10 43 17 22 49 25 50 72 34 82 19 40 
52 10 28 19 42 33 50 32 39 18 38 11 36 33 23 50 51 12 40 54 30 53 42 42 46 36 31 39 33 46 41 54 13 34 41 44 20 12 31 29 41 41 17 36 37 32 37 46 10 35 50 40 43 29 39 51 31 56 30 57 45 44 49 58 26 0 35 34 26 27 35 42 55 29 30 41 22 13 20 18 41 34 23 50 27 47 24 57 31 31 
26 38 63 54 58 17 45 35 73 47 70 42 52 21 13 15 51 41 51 56 11 22 71 50 11 67 55 70 49 27 15 26 23 69 47 9 55 39 48 11 74 26 51 71 15 10 71 81 25 70 18 69 39 54 68 46 45 91 56 26 11 47 14 23 42 35 0 68 22 56 70 13 21 33 59 39 35 23 46 46 42 62 42 62 60 54 11 62 59 4 
86 38 12 16 63 61 67 62 5 38 9 27 59 66 55 83 61 28 47 61 64 87 17 50 79 36 25 12 39 79 71 88 45 24 67 77 14 30 55 61 30 74 26 7 66 66 27 20 44 3 82 14 61 25 42 67 40 23 22 91 79 71 82 91 52 34 68 0 59 17 7 74 89 48 38 70 39 47 42 24 69 42 33 71 10 54 57 62 43 64 
27 22 51 43 36 32 60 13 64 28 64 36 30 7 19 31 64 37 58 68 11 31 67 59 33 47 56 65 54 20 35 31 21 53 26 28 45 36 26 25 57 15 36 60 33 13 54 68 18 59 40 65 53 54 47 61 50 80 55 35 26 27 36 39 20 26 22 59 0 52 59 35 35 42 39 20 39 14 26 43 22 41 45 41 53 64 17 74 38 21 
76 35 23 17 66 46 50 59 20 39 15 16 60 59 43 71 44 16 30 44 54 77 15 33 67 45 8 14 22 72 56 78 34 35 66 65 16 17 56 48 42 67 28 24 51 56 38 37 35 20 68 13 44 8 50 50 23 39 5 81 67 70 70 79 51 27 56 17 52 0 23 59 77 32 44 68 23 39 43 10 68 48 17 74 7 37 45 45 48 52 
86 37 8 16 59 63 73 59 8 35 16 29 55 66 57 85 67 31 53 67 65 88 24 56 81 30 31 19 45 79 73 89 47 17 63 79 15 33 51 63 23 74 23 1 68 67 20 14 45 4 84 21 67 31 36 73 46 21 28 92 80 67 84 93 49 35 70 7 59 23 0 76 90 53 34 67 43 48 39 28 66 37 39 67 16 60 59 68 39 66 
36 49 70 60 71 13 36 48 78 58 74 47 65 34 21 20 44 46 46 49 24 29 72 44 11 78 56 73 46 39 4 34 29 76 60 15 62 44 60 13 83 39 59 77 8 23 79 88 34 75 9 72 31 55 80 37 42 97 57 33 19 60 13 25 54 42 13 74 35 59 76 0 26 29 71 52 36 34 58 50 55 74 43 75 64 47 21 55 71 14 
15 55 83 74 68 36 62 45 94 62 91 63 63 30 34 6 70 62 70 75 25 6 92 69 15 82 76 91 70 24 30 11 44 86 56 12 75 60 59 31 91 29 69 91 33 23 88 101 45 90 20 90 57 75 82 63 66 111 77 8 10 54 13 5 54 55 21 89 35 77 90 26 0 53 74 46 56 42 61 67 49 76 63 71 81 73 32 81 73 25 
59 39 51 41 70 17 21 54 52 47 47 26 64 47 23 47 22 24 18 26 37 55 44 17 39 65 28 45 17 57 26 59 22 61 66 41 41 22 59 22 68 54 45 54 21 39 64 67 27 51 38 44 14 27 68 22 13 71 29 59 44 68 42 53 53 29 33 48 42 32 53 29 53 0 59 62 10 30 49 25 63 63 15 78 38 22 26 32 60 29 
65 22 26 27 25 62 80 33 42 13 47 36 22 45 50 69 79 38 67 81 49 70 55 69 70 8 52 50 60 56 70 70 42 18 32 66 29 39 20 58 20 50 16 35 66 51 17 36 37 37 77 52 73 50 9 81 58 51 49 74 64 36 73 77 22 30 59 38 39 44 34 71 74 59 0 39 51 37 13 40 37 4 50 33 40 74 50 84 5 57 
31 33 59 54 22 52 80 9 74 32 77 52 19 18 39 44 84 53 77 88 29 40 83 78 48 46 72 79 73 22 54 37 40 56 10 43 56 52 19 45 58 17 44 68 53 29 56 73 36 69 56 80 73 70 44 81 69 88 71 42 40 8 51 51 18 41 39 70 20 68 67 52 46 62 39 0 58 32 28 59 3 38 63 25 67 83 37 93 35 41 
60 32 41 31 64 23 31 49 43 40 38 16 58 46 24 50 29 14 19 32 38 57 36 20 44 55 20 37 15 58 33 61 18 51 61 44 31 12 53 25 58 54 35 44 28 40 54 57 22 41 45 36 24 19 59 31 11 62 21 61 46 63 47 58 47 22 35 39 39 23 43 36 56 10 51 58 0 26 42 15 58 55 7 72 29 25 27 35 53 31 
39 15 41 32 40 26 50 24 52 24 51 23 34 21 13 37 52 23 45 56 17 40 54 46 34 44 42 52 41 34 33 41 8 46 36 32 33 22 29 21 51 29 28 49 29 19 48 59 4 48 40 52 43 40 46 51 37 69 41 44 32 38 37 45 23 13 23 47 14 39 48 34 42 30 37 32 26 0 24 29 33 40 31 48 40 51 13 61 37 20 
52 10 31 27 23 50 70 21 46 4 50 30 18 32 37 56 71 32 60 74 36 57 56 62 57 21 49 52 53 44 57 57 30 28 25 53 29 32 13 45 32 38 16 40 53 38 29 45 25 41 64 53 63 47 22 71 51 60 47 61 51 29 60 64 10 20 46 42 26 43 39 58 61 49 13 28 42 24 0 36 27 16 43 31 40 67 37 77 13 44 
66 27 26 16 59 37 45 50 28 33 24 7 53 50 33 61 40 6 28 42 44 67 25 30 57 44 13 24 20 63 47 68 24 36 58 55 16 7 48 38 43 58 24 29 42 46 39 42 25 26 59 23 39 11 48 45 19 47 12 71 57 62 60 69 43 18 46 24 43 10 28 50 67 25 40 59 15 29 36 0 59 44 11 67 14 35 35 45 44 42 
34 33 58 54 19 54 82 9 73 31 77 52 17 21 41 47 85 53 77 89 31 43 83 78 51 44 72 79 73 25 57 40 41 55 7 46 56 52 17 47 56 20 43 67 55 32 54 72 36 68 59 80 75 70 42 83 69 87 71 45 43 5 54 54 17 41 42 69 22 68 66 55 49 63 37 3 58 33 27 59 0 36 63 22 67 83 39 93 33 43 
65 25 30 31 22 65 84 33 45 16 51 40 20 46 53 71 83 42 71 85 51 72 59 73 73 8 56 54 64 56 73 70 45 21 30 68 33 43 19 61 20 50 20 38 69 53 19 38 40 41 80 56 77 54 6 85 62 54 53 75 66 34 76 79 22 34 62 42 41 48 37 74 76 63 4 38 55 40 16 44 36 0 54 30 44 78 53 88 3 60 
66 33 37 27 65 30 34 54 37 41 32 14 59 52 31 57 29 12 17 31 44 64 29 19 51 54 13 30 10 64 40 67 24 47 64 51 27 12 54 32 54 60 34 40 35 46 50 53 27 36 52 29 28 12 58 34 8 56 14 68 53 67 54 65 49 23 42 33 45 17 39 43 63 15 50 63 7 31 43 11 63 54 0 73 23 24 33 34 53 38 
56 40 59 57 8 73 98 28 75 35 80 60 14 41 60 69 100 62 90 104 52 65 86 92 71 38 80 82 83 47 76 62 56 51 15 66 59 62 19 66 49 42 46 68 74 52 49 68 51 70 79 83 91 78 32 99 81 84 78 67 64 17 74 76 25 50 62 71 41 74 67 75 71 78 33 25 72 48 31 67 22 30 73 0 70 97 58 107 28 62 
79 34 17 13 62 51 57 58 14 36 11 18 57 60 47 75 51 19 37 51 57 80 16 40 71 40 15 12 29 73 61 81 37 29 65 69 11 21 53 52 36 68 24 17 56 59 32 30 37 13 73 13 51 15 46 57 30 33 12 84 71 69 74 83 50 27 60 10 53 7 16 64 81 38 40 67 29 40 40 14 67 44 23 70 0 44 49 52 44 56 
80 57 59 51 89 37 17 74 57 65 49 38 83 69 45 67 7 36 7 7 59 76 42 5 58 78 29 46 15 79 43 80 43 71 86 61 50 36 78 43 78 76 58 61 40 61 74 74 47 57 55 44 17 29 82 16 16 74 32 80 65 88 60 72 72 47 54 54 64 37 60 47 73 22 74 83 25 51 67 35 83 78 24 97 44 0 48 10 77 50 
33 28 52 43 51 15 43 30 62 37 59 31 45 21 3 26 48 30 44 52 11 32 60 43 22 57 46 59 42 31 20 34 12 58 43 20 44 28 40 8 64 28 40 60 16 13 60 70 14 59 27 58 36 44 59 44 38 80 47 36 22 44 25 34 34 24 11 57 17 45 59 21 32 26 50 37 27 13 37 35 39 53 33 58 49 48 0 58 50 7 
88 67 68 61 99 45 19 84 64 75 56 48 93 79 55 75 11 46 17 6 69 84 49 15 66 88 37 53 25 88 51 88 53 80 96 69 60 46 88 52 87 86 68 69 48 70 83 82 57 65 62 51 24 38 92 18 26 81 40 88 73 98 68 80 82 57 62 62 74 45 68 55 81 32 84 93 35 61 77 45 93 88 34 107 52 10 58 0 87 58 
62 22 31 31 20 62 81 30 47 13 52 39 17 43 50 68 82 41 70 84 48 69 60 72 70 11 56 55 63 53 70 67 42 23 27 65 33 42 16 58 23 47 20 40 66 50 22 41 37 42 77 57 74 54 9 82 61 56 53 72 63 31 73 76 19 31 59 43 38 48 39 71 73 60 5 35 53 37 13 44 33 3 53 28 44 77 50 87 0 57 
30 35 59 50 57 13 42 34 69 44 66 38 51 23 9 19 47 37 47 52 12 26 67 46 15 64 51 66 45 30 14 30 19 65 47 13 51 35 46 7 71 28 47 67 13 12 67 77 21 66 20 65 35 50 66 43 41 87 52 30 15 48 18 27 40 31 4 64 21 52 66 14 25 29 57 41 31 20 44 42 43 60 38 62 56 50 7 58 57 0 
31
40
92
72
45
73
64
92
49
92
14
12
96
71
62
3
57
92
4
51
96
15
17
55
1
68
93
9
2
18
83
18
52
80
31
24
51
42
49
44
11
31
74
90
12
56
3
42
81
55
26
87
28
67
84
92
51
3
100
87
80
65
68
19
70
64
54
32
91
98
10
3
85
20
55
29
13
81
97
14
75
31
70
76
23
8
33
36
37
