45
0 86 92 103 140 135 111 122 123 208 86 204 73 57 87 181 101 89 95 87 151 156 13 89 112 176 113 158 88 170 102 77 46 97 130 115 92 137 123 154 156 114 76 61 107 
86 0 66 128 79 120 78 100 103 171 52 131 98 51 109 175 33 40 46 112 145 122 99 69 44 127 45 95 70 133 127 9 40 122 97 89 6 117 75 86 70 44 56 55 81 
92 66 0 84 57 98 66 34 78 116 86 133 74 57 115 145 73 90 96 88 89 113 94 3 84 177 85 72 48 78 85 59 46 59 131 23 60 51 31 108 97 22 31 31 15 
103 128 84 0 81 92 150 50 60 200 128 209 30 99 157 81 127 97 103 44 79 164 116 87 138 184 139 124 113 162 1 119 88 25 87 61 134 135 85 88 149 106 107 73 69 
140 79 57 81 0 41 123 91 135 173 131 128 67 114 172 162 112 113 119 53 101 132 136 60 123 200 124 129 61 135 82 88 103 91 124 80 73 108 88 165 137 35 88 88 72 
135 120 98 92 41 0 164 111 150 214 160 169 62 131 164 173 124 154 160 76 60 91 148 101 113 241 114 152 102 176 91 129 120 86 119 121 114 85 129 151 177 76 129 105 113 
111 78 66 150 123 164 0 100 144 120 106 141 140 93 151 211 111 118 124 154 155 168 124 69 122 205 123 105 114 82 151 87 104 125 175 89 72 117 97 141 80 88 97 97 81 
122 100 34 50 91 111 100 0 97 150 120 167 49 91 149 131 77 124 130 63 77 117 128 37 88 211 89 106 63 112 51 93 80 25 106 11 94 85 35 130 131 56 65 65 19 
123 103 78 60 135 150 144 97 0 194 122 211 88 73 131 141 118 125 131 102 139 104 110 75 129 212 130 144 113 156 59 94 82 85 127 101 109 123 109 148 169 100 47 67 93 
208 171 116 200 173 214 120 150 194 0 194 216 190 173 197 261 181 159 165 204 205 124 210 119 192 246 193 130 164 38 201 175 162 175 216 139 165 167 147 128 155 138 147 147 131 
86 52 86 128 131 160 106 120 122 194 0 183 98 51 109 175 67 74 80 112 145 70 99 83 78 161 79 147 101 156 127 43 40 122 131 109 58 131 109 120 122 96 90 55 101 
204 131 133 209 128 169 141 167 211 216 183 0 195 182 240 202 164 171 177 181 222 237 217 136 175 258 176 86 181 211 210 140 171 192 180 156 125 119 164 122 61 155 164 164 148 
73 98 74 30 67 62 140 49 88 190 98 195 0 69 127 111 113 114 120 14 109 153 86 71 121 201 120 140 89 152 29 89 58 24 57 60 104 119 84 118 165 96 97 43 68 
57 51 57 99 114 131 93 91 73 173 51 182 69 0 58 146 66 73 79 83 94 121 70 54 77 160 78 123 72 135 98 42 11 93 126 80 57 102 88 119 121 79 82 26 72 
87 109 115 157 172 164 151 149 131 197 109 240 127 58 0 204 124 131 137 141 152 73 100 112 135 218 136 181 130 159 156 100 69 151 184 138 115 131 146 177 179 137 140 84 130 
181 175 145 81 162 173 211 131 141 261 175 202 111 146 204 0 190 178 184 125 160 245 194 148 201 265 202 166 166 223 82 166 135 106 168 142 181 193 166 169 141 167 176 120 150 
101 33 73 127 112 124 111 77 118 181 67 164 113 66 124 190 0 55 61 118 132 137 114 76 11 142 12 89 103 151 128 24 55 102 112 66 39 102 42 53 103 77 71 70 58 
89 40 90 97 113 154 118 124 125 159 74 171 114 73 131 178 55 0 6 128 153 86 76 93 66 87 67 102 110 121 96 31 62 122 57 113 46 141 97 108 110 84 78 77 105 
95 46 96 103 119 160 124 130 131 165 80 177 120 79 137 184 61 6 0 134 147 92 82 99 72 81 73 108 116 127 102 37 68 128 63 119 52 147 103 114 116 90 84 83 111 
87 112 88 44 53 76 154 63 102 204 112 181 14 83 141 125 118 128 134 0 123 167 100 85 107 215 106 154 103 166 43 103 72 38 71 74 118 133 98 132 179 88 111 57 82 
151 145 89 79 101 60 155 77 139 205 145 222 109 94 152 160 132 153 147 123 0 151 164 92 143 188 144 161 137 167 80 136 105 102 166 66 149 140 90 167 186 111 120 120 74 
156 122 113 164 132 91 168 117 104 124 70 237 153 121 73 245 137 86 92 167 151 0 162 116 148 173 149 185 161 86 163 113 110 142 142 106 128 118 114 184 192 135 144 125 98 
13 99 94 116 136 148 124 128 110 210 99 217 86 70 100 194 114 76 82 100 164 162 0 91 125 163 126 160 75 172 115 90 59 110 133 117 105 139 125 167 169 101 63 74 109 
89 69 3 87 60 101 69 37 75 119 83 136 71 54 112 148 76 93 99 85 92 116 91 0 84 180 83 69 51 81 88 62 43 62 128 26 63 48 34 105 94 25 28 28 18 
112 44 84 138 123 113 122 88 129 192 78 175 121 77 135 201 11 66 72 107 143 148 125 84 0 153 1 100 112 162 139 35 66 113 123 77 50 113 53 64 114 88 82 81 69 
176 127 177 184 200 241 205 211 212 246 161 258 201 160 218 265 142 87 81 215 188 173 163 180 153 0 154 189 197 208 183 118 149 209 144 200 133 228 184 195 197 171 165 164 192 
113 45 85 139 124 114 123 89 130 193 79 176 120 78 136 202 12 67 73 106 144 149 126 83 1 154 0 101 113 163 140 36 67 114 124 78 51 114 54 65 115 89 83 82 70 
158 95 72 124 129 152 105 106 144 130 147 86 140 123 181 166 89 102 108 154 161 185 160 69 100 189 101 0 120 140 125 104 112 131 94 95 89 102 103 36 25 94 97 97 87 
88 70 48 113 61 102 114 63 113 164 101 181 89 72 130 166 103 110 116 103 137 161 75 51 112 197 113 120 0 126 114 79 61 88 146 71 64 99 79 156 128 26 79 46 63 
170 133 78 162 135 176 82 112 156 38 156 211 152 135 159 223 151 121 127 166 167 86 172 81 162 208 163 140 126 0 163 137 124 137 178 101 127 129 109 104 162 100 109 109 93 
102 127 85 1 82 91 151 51 59 201 127 210 29 98 156 82 128 96 102 43 80 163 115 88 139 183 140 125 114 163 0 118 87 26 86 62 133 136 86 89 150 107 106 72 70 
77 9 59 119 88 129 87 93 94 175 43 140 89 42 100 166 24 31 37 103 136 113 90 62 35 118 36 104 79 137 118 0 31 113 88 82 15 110 66 77 79 53 47 46 74 
46 40 46 88 103 120 104 80 82 162 40 171 58 11 69 135 55 62 68 72 105 110 59 43 66 149 67 112 61 124 87 31 0 82 115 69 46 91 77 108 110 68 71 15 61 
97 122 59 25 91 86 125 25 85 175 122 192 24 93 151 106 102 122 128 38 102 142 110 62 113 209 114 131 88 137 26 113 82 0 81 36 119 110 60 113 156 81 90 67 44 
130 97 131 87 124 119 175 106 127 216 131 180 57 126 184 168 112 57 63 71 166 142 133 128 123 144 124 94 146 178 86 88 115 81 0 117 103 176 141 130 119 141 135 100 125 
115 89 23 61 80 121 89 11 101 139 109 156 60 80 138 142 66 113 119 74 66 106 117 26 77 200 78 95 71 101 62 82 69 36 117 0 83 74 24 119 120 45 54 54 8 
92 6 60 134 73 114 72 94 109 165 58 125 104 57 115 181 39 46 52 118 149 128 105 63 50 133 51 89 64 127 133 15 46 119 103 83 0 111 81 92 64 38 62 61 75 
137 117 51 135 108 85 117 85 123 167 131 119 119 102 131 193 102 141 147 133 140 118 139 48 113 228 114 102 99 129 136 110 91 110 176 74 111 0 82 66 127 73 76 76 66 
123 75 31 85 88 129 97 35 109 147 109 164 84 88 146 166 42 97 103 98 90 114 125 34 53 184 54 103 79 109 86 66 77 60 141 24 81 82 0 95 128 53 62 62 16 
154 86 108 88 165 151 141 130 148 128 120 122 118 119 177 169 53 108 114 132 167 184 167 105 64 195 65 36 156 104 89 77 108 113 130 119 92 66 95 0 61 130 124 123 111 
156 70 97 149 137 177 80 131 169 155 122 61 165 121 179 141 103 110 116 179 186 192 169 94 114 197 115 25 128 162 150 79 110 156 119 120 64 127 128 61 0 102 122 122 112 
114 44 22 106 35 76 88 56 100 138 96 155 96 79 137 167 77 84 90 88 111 135 101 25 88 171 89 94 26 100 107 53 68 81 141 45 38 73 53 130 102 0 53 53 37 
76 56 31 107 88 129 97 65 47 147 90 164 97 82 140 176 71 78 84 111 120 144 63 28 82 165 83 97 79 109 106 47 71 90 135 54 62 76 62 124 122 53 0 56 46 
61 55 31 73 88 105 97 65 67 147 55 164 43 26 84 120 70 77 83 57 120 125 74 28 81 164 82 97 46 109 72 46 15 67 100 54 61 76 62 123 122 53 56 0 46 
107 81 15 69 72 113 81 19 93 131 101 148 68 72 130 150 58 105 111 82 74 98 109 18 69 192 70 87 63 93 70 74 61 44 125 8 75 66 16 111 112 37 46 46 0 
24
20
97
36
40
84
29
30
78
23
13
73
15
84
64
44
2
33
52
50
33
42
78
37
22
70
93
81
60
42
92
38
56
87
65
37
46
67
96
70
21
14
67
48
