60
0 83 72 140 137 91 111 86 74 143 83 50 61 115 87 116 74 115 61 69 137 89 13 77 103 151 69 132 75 49 44 57 46 88 126 80 150 106 76 48 24 73 72 60 53 55 107 79 52 85 86 49 111 115 118 96 94 72 113 100 
83 0 46 109 94 41 124 76 71 106 39 33 90 142 56 35 9 34 69 63 57 6 70 71 86 107 83 95 25 76 39 52 54 66 109 30 103 62 90 43 81 45 34 64 48 51 80 93 73 93 3 44 104 113 91 36 50 28 50 24 
72 46 0 68 121 87 106 84 54 99 54 22 107 104 15 81 37 80 79 41 103 52 59 49 75 122 58 88 71 38 28 41 64 68 98 76 78 77 65 30 70 1 62 50 25 79 73 68 41 89 49 29 63 72 82 69 41 43 43 63 
140 109 68 0 144 128 128 147 122 135 92 90 113 148 53 138 105 137 122 109 160 115 127 117 143 160 126 126 112 106 96 109 107 136 166 117 35 115 133 98 138 69 120 118 93 137 62 134 109 91 106 97 101 110 60 91 96 81 81 107 
137 94 121 144 0 135 146 146 123 117 91 99 166 168 108 129 85 128 121 118 151 100 124 126 152 159 118 106 119 132 93 106 106 137 175 124 171 114 111 97 135 121 110 120 102 127 82 108 129 107 97 98 81 72 143 121 102 80 112 111 
91 41 87 128 135 0 101 85 39 129 80 74 131 137 97 76 50 75 60 54 98 35 100 62 127 148 59 118 16 71 77 90 45 25 98 11 144 103 66 73 111 86 75 59 68 92 102 63 68 73 44 72 99 99 132 37 91 69 91 65 
111 124 106 128 146 101 0 128 62 147 116 98 152 59 119 89 122 90 103 107 150 130 104 115 139 47 48 136 117 68 92 105 88 76 149 112 163 92 41 96 107 105 144 74 91 130 121 38 65 109 121 95 83 74 160 138 127 105 91 117 
86 76 84 147 146 85 128 0 94 154 77 62 135 132 94 111 85 110 55 81 133 70 87 89 115 145 80 143 69 66 56 43 40 108 138 74 157 100 87 60 98 85 105 54 65 122 119 90 63 148 79 61 135 126 129 90 88 66 107 100 
74 71 54 122 123 39 62 94 0 120 54 44 109 120 69 92 68 91 84 45 122 74 61 53 97 109 34 109 55 54 38 51 69 14 87 50 132 77 27 34 72 55 82 60 29 99 99 24 51 91 68 33 69 60 102 76 65 43 77 58 
143 106 99 135 117 129 147 154 120 0 108 106 178 159 84 94 108 95 122 75 133 112 130 83 159 176 108 11 113 94 100 113 114 134 182 118 147 131 112 96 141 100 133 100 91 150 73 109 91 102 103 95 128 137 128 134 107 97 56 82 
83 39 54 92 91 80 116 77 54 108 0 63 129 129 39 68 48 67 52 71 90 45 88 63 116 90 77 97 64 63 57 70 37 68 139 69 102 45 81 53 99 55 50 51 56 67 67 78 60 96 36 52 87 96 74 75 33 11 52 57 
50 33 22 90 99 74 98 62 44 106 63 0 85 109 37 68 24 67 60 31 90 39 37 39 53 131 50 95 58 43 6 19 45 58 76 63 100 86 57 10 48 23 49 31 15 66 57 60 40 86 36 11 85 94 80 69 63 52 65 50 
61 90 107 113 166 131 152 135 109 178 129 85 0 150 122 125 81 124 122 104 147 96 48 112 138 197 104 167 115 84 79 92 107 123 161 120 148 152 111 83 59 108 106 96 88 90 142 114 87 146 93 84 156 150 153 126 140 118 133 107 
115 142 104 148 168 137 59 132 120 159 129 109 150 0 119 148 133 149 107 140 154 140 102 148 143 106 86 149 121 66 115 128 92 120 185 126 182 151 93 119 113 103 157 78 124 144 86 96 69 115 143 120 141 132 118 142 120 118 116 142 
87 56 15 53 108 97 119 94 69 84 39 37 122 119 0 85 52 84 69 56 107 62 74 64 90 107 73 73 81 53 43 56 54 83 113 86 63 62 80 45 85 16 67 65 40 84 58 81 56 74 53 44 48 57 91 84 50 28 28 54 
116 35 81 138 129 76 89 111 92 94 68 68 125 148 85 0 44 1 94 47 86 41 103 55 121 136 99 105 60 109 72 85 83 101 144 65 138 91 92 68 114 80 69 97 63 86 109 95 106 122 32 67 133 131 120 71 79 57 79 53 
74 9 37 105 85 50 122 85 68 108 48 24 81 133 52 44 0 43 78 55 66 15 61 63 77 116 74 97 34 67 30 43 63 75 100 39 94 71 81 34 72 36 25 55 39 42 81 84 64 95 12 35 100 109 100 45 59 37 52 26 
115 34 80 137 128 75 90 110 91 95 67 67 124 149 84 1 43 0 93 46 85 40 102 54 120 135 98 106 59 108 71 84 82 100 143 64 137 90 91 67 113 79 68 96 62 85 108 94 105 121 31 66 132 130 119 70 78 56 78 52 
61 69 79 122 121 60 103 55 84 122 52 60 122 107 69 94 78 93 0 47 120 63 74 55 112 120 55 111 44 41 66 79 15 85 136 49 132 75 62 68 85 78 80 29 63 97 97 65 38 126 66 67 110 101 104 65 63 41 82 87 
69 63 41 109 118 54 107 81 45 75 71 31 104 140 56 47 55 46 47 0 120 57 56 8 84 139 69 64 38 74 25 38 62 59 107 43 119 94 72 21 67 42 80 62 16 97 72 69 71 101 66 20 99 105 79 59 38 60 84 81 
137 57 103 160 151 98 150 133 122 133 90 90 147 154 107 86 66 85 120 120 0 63 124 128 101 158 102 122 82 88 96 109 105 112 166 87 160 113 109 100 135 102 91 94 105 108 131 112 85 144 54 101 132 141 142 93 101 79 101 75 
89 6 52 115 100 35 130 70 74 112 45 39 96 140 62 41 15 40 63 57 63 0 76 65 92 113 88 101 19 74 45 58 48 60 115 24 109 68 95 49 87 51 40 62 54 57 86 98 71 99 9 50 110 119 97 30 56 34 56 30 
13 70 59 127 124 100 104 87 61 130 88 37 48 102 74 103 61 102 74 56 124 76 0 64 90 151 56 119 88 36 31 44 59 75 113 93 137 111 63 35 11 60 59 48 40 42 94 66 39 98 73 36 108 102 105 106 94 77 102 87 
77 71 49 117 126 62 115 89 53 83 63 39 112 148 64 55 63 54 55 8 128 65 64 0 92 131 77 72 46 82 33 46 70 67 115 51 127 86 80 29 75 50 88 70 24 105 64 77 79 93 74 28 91 100 71 67 30 52 92 89 
103 86 75 143 152 127 139 115 97 159 116 53 138 143 90 121 77 120 112 84 101 92 90 92 0 184 91 148 111 77 59 72 97 111 129 116 153 139 98 63 101 76 102 83 68 119 110 101 74 139 89 64 138 137 133 122 116 105 118 103 
151 107 122 160 159 148 47 145 109 176 90 131 197 106 107 136 116 135 120 139 158 113 151 131 184 0 95 165 132 115 125 138 105 123 196 137 170 45 88 121 154 123 118 119 124 135 135 85 112 156 104 120 130 121 142 143 101 79 120 125 
69 83 58 126 118 59 48 80 34 108 77 50 104 86 73 99 74 98 55 69 102 88 56 77 91 95 0 97 69 20 44 57 40 34 107 70 136 100 7 48 67 57 99 26 53 98 93 10 17 81 86 49 55 46 118 90 82 66 63 89 
132 95 88 126 106 118 136 143 109 11 97 95 167 149 73 105 97 106 111 64 122 101 119 72 148 165 97 0 102 83 89 102 103 123 171 107 136 120 101 85 130 89 122 89 80 139 75 98 80 104 92 84 121 130 117 123 102 86 45 71 
75 25 71 112 119 16 117 69 55 113 64 58 115 121 81 60 34 59 44 38 82 19 88 46 111 132 69 102 0 55 63 76 29 41 114 5 128 87 76 59 99 70 59 43 54 76 105 79 52 89 28 58 102 111 116 21 75 53 75 49 
49 76 38 106 132 71 68 66 54 94 63 43 84 66 53 109 67 108 41 74 88 74 36 82 77 115 20 83 55 0 49 62 26 54 119 60 116 86 27 53 47 37 91 12 58 78 100 30 3 101 77 54 75 66 109 76 68 52 81 93 
44 39 28 96 93 77 92 56 38 100 57 6 79 115 43 72 30 71 66 25 96 45 31 33 59 125 44 89 63 49 0 13 51 52 82 68 106 80 51 4 42 29 55 37 9 72 63 54 46 92 42 5 91 90 74 75 63 46 71 56 
57 52 41 109 106 90 105 43 51 113 70 19 92 128 56 85 43 84 79 38 109 58 44 46 72 138 57 102 76 62 13 0 64 65 95 81 119 93 64 17 55 42 68 50 22 85 76 67 59 105 55 18 104 103 87 88 76 59 84 69 
46 54 64 107 106 45 88 40 69 114 37 45 107 92 54 83 63 82 15 62 105 48 59 70 97 105 40 103 29 26 51 64 0 70 121 34 117 60 47 55 70 63 65 14 60 82 82 50 23 111 51 56 95 86 89 50 48 26 67 72 
88 66 68 136 137 25 76 108 14 134 68 58 123 120 83 101 75 100 85 59 112 60 75 67 111 123 34 123 41 54 52 65 70 0 73 36 146 91 41 48 86 69 96 60 43 113 106 38 51 77 69 47 83 74 116 62 79 57 91 72 
126 109 98 166 175 98 149 138 87 182 139 76 161 185 113 144 100 143 136 107 166 115 113 115 129 196 107 171 114 119 82 95 121 73 0 109 176 162 114 86 124 99 125 107 91 142 133 111 116 150 112 87 156 147 156 135 139 128 141 126 
80 30 76 117 124 11 112 74 50 118 69 63 120 126 86 65 39 64 49 43 87 24 93 51 116 137 70 107 5 60 68 81 34 36 109 0 133 92 77 64 104 75 64 48 59 81 110 74 57 84 33 63 107 110 121 26 80 58 80 54 
150 103 78 35 171 144 163 157 132 147 102 100 148 182 63 138 94 137 132 119 160 109 137 127 153 170 136 136 128 116 106 119 117 146 176 133 0 125 143 108 148 79 119 128 103 136 97 144 119 126 106 107 111 120 95 126 113 91 91 117 
106 62 77 115 114 103 92 100 77 131 45 86 152 151 62 91 71 90 75 94 113 68 111 86 139 45 100 120 87 86 80 93 60 91 162 92 125 0 104 76 115 78 73 74 79 90 90 101 83 119 59 75 110 119 97 98 56 34 75 80 
76 90 65 133 111 66 41 87 27 112 81 57 111 93 80 92 81 91 62 72 109 95 63 80 98 88 7 101 76 27 51 64 47 41 114 77 143 104 0 55 72 64 106 33 56 105 86 3 24 74 93 56 48 39 125 97 89 70 56 82 
48 43 30 98 97 73 96 60 34 96 53 10 83 119 45 68 34 67 68 21 100 49 35 29 63 121 48 85 59 53 4 17 55 48 86 64 108 76 55 0 46 31 59 41 5 76 67 58 50 96 46 1 93 94 70 79 59 42 73 60 
24 81 70 138 135 111 107 98 72 141 99 48 59 113 85 114 72 113 85 67 135 87 11 75 101 154 67 130 99 47 42 55 70 86 124 104 148 115 72 46 0 71 70 59 51 53 105 69 50 109 84 47 97 105 116 117 105 88 113 98 
73 45 1 69 121 86 105 85 55 100 55 23 108 103 16 80 36 79 78 42 102 51 60 50 76 123 57 89 70 37 29 42 63 69 99 75 79 78 64 31 71 0 61 49 26 78 74 67 40 90 48 30 64 73 83 70 42 44 44 62 
72 34 62 120 110 75 144 105 82 133 50 49 106 157 67 69 25 68 80 80 91 40 59 88 102 118 99 122 59 91 55 68 65 96 125 64 119 73 106 59 70 61 0 79 64 17 95 106 88 120 37 60 115 124 102 70 61 39 77 51 
60 64 50 118 120 59 74 54 60 100 51 31 96 78 65 97 55 96 29 62 94 62 48 70 83 119 26 89 43 12 37 50 14 60 107 48 128 74 33 41 59 49 79 0 46 90 88 36 9 107 65 42 81 72 97 64 56 40 81 81 
53 48 25 93 102 68 91 65 29 91 56 15 88 124 40 63 39 62 63 16 105 54 40 24 68 124 53 80 54 58 9 22 60 43 91 59 103 79 56 5 51 26 64 46 0 81 70 53 55 99 51 4 88 89 73 75 54 45 68 65 
55 51 79 137 127 92 130 122 99 150 67 66 90 144 84 86 42 85 97 97 108 57 42 105 119 135 98 139 76 78 72 85 82 113 142 81 136 90 105 76 53 78 17 90 81 0 112 108 81 137 54 77 132 141 119 87 78 56 94 68 
107 80 73 62 82 102 121 119 99 73 67 57 142 86 58 109 81 108 97 72 131 86 94 64 110 135 93 75 105 100 63 76 82 106 133 110 97 90 86 67 105 74 95 88 70 112 0 83 97 29 77 68 55 64 75 116 34 56 30 56 
79 93 68 134 108 63 38 90 24 109 78 60 114 96 81 95 84 94 65 69 112 98 66 77 101 85 10 98 79 30 54 67 50 38 111 74 144 101 3 58 69 67 106 36 53 108 83 0 27 71 92 57 45 36 122 100 89 67 53 79 
52 73 41 109 129 68 65 63 51 91 60 40 87 69 56 106 64 105 38 71 85 71 39 79 74 112 17 80 52 3 46 59 23 51 116 57 119 83 24 50 50 40 88 9 55 81 97 27 0 98 74 51 72 63 106 73 65 49 80 90 
85 93 89 91 107 73 109 148 91 102 96 86 146 115 74 122 95 121 126 101 144 99 98 93 139 156 81 104 89 101 92 105 111 77 150 84 126 119 74 96 109 90 120 107 99 137 29 71 98 0 90 97 26 35 104 110 63 85 59 69 
86 3 49 106 97 44 121 79 68 103 36 36 93 143 53 32 12 31 66 66 54 9 73 74 89 104 86 92 28 77 42 55 51 69 112 33 106 59 93 46 84 48 37 65 51 54 77 92 74 90 0 47 101 110 88 39 47 25 47 21 
49 44 29 97 98 72 95 61 33 95 52 11 84 120 44 67 35 66 67 20 101 50 36 28 64 120 49 84 58 54 5 18 56 47 87 63 107 75 56 1 47 30 60 42 4 77 68 57 51 97 47 0 92 93 69 79 58 41 72 61 
111 104 63 101 81 99 83 135 69 128 87 85 156 141 48 133 100 132 110 99 132 110 108 91 138 130 55 121 102 75 91 104 95 83 156 107 111 110 48 93 97 64 115 81 88 132 55 45 72 26 101 92 0 9 102 123 61 76 76 95 
115 113 72 110 72 99 74 126 60 137 96 94 150 132 57 131 109 130 101 105 141 119 102 100 137 121 46 130 111 66 90 103 86 74 147 110 120 119 39 94 105 73 124 72 89 141 64 36 63 35 110 93 9 0 111 132 70 85 85 104 
118 91 82 60 143 132 160 129 102 128 74 80 153 118 91 120 100 119 104 79 142 97 105 71 133 142 118 117 116 109 74 87 89 116 156 121 95 97 125 70 116 83 102 97 73 119 75 122 106 104 88 69 102 111 0 127 41 63 104 109 
96 36 69 91 121 37 138 90 76 134 75 69 126 142 84 71 45 70 65 59 93 30 106 67 122 143 90 123 21 76 75 88 50 62 135 26 126 98 97 79 117 70 70 64 75 87 116 100 73 110 39 79 123 132 127 0 86 64 86 60 
94 50 41 96 102 91 127 88 65 107 33 63 140 120 50 79 59 78 63 38 101 56 94 30 116 101 82 102 75 68 63 76 48 79 139 80 113 56 89 59 105 42 61 56 54 78 34 89 65 63 47 58 61 70 41 86 0 22 63 68 
72 28 43 81 80 69 105 66 43 97 11 52 118 118 28 57 37 56 41 60 79 34 77 52 105 79 66 86 53 52 46 59 26 57 128 58 91 34 70 42 88 44 39 40 45 56 56 67 49 85 25 41 76 85 63 64 22 0 41 46 
113 50 43 81 112 91 91 107 77 56 52 65 133 116 28 79 52 78 82 84 101 56 102 92 118 120 63 45 75 81 71 84 67 91 141 80 91 75 56 73 113 44 77 81 68 94 30 53 80 59 47 72 76 85 104 86 63 41 0 26 
100 24 63 107 111 65 117 100 58 82 57 50 107 142 54 53 26 52 87 81 75 30 87 89 103 125 89 71 49 93 56 69 72 72 126 54 117 80 82 60 98 62 51 81 65 68 56 79 90 69 21 61 95 104 109 60 68 46 26 0 
30
77
4
34
23
8
72
62
93
55
71
2
15
90
99
9
12
94
88
36
83
93
70
11
68
42
28
27
37
100
48
27
15
13
8
52
83
62
68
8
67
50
93
7
49
59
94
97
33
45
9
3
79
88
38
57
38
20
69
