80
0 32 28 76 74 37 64 34 65 28 81 21 39 59 72 23 83 78 10 73 56 58 31 25 21 55 46 69 39 34 16 72 59 18 7 43 23 26 77 38 58 40 53 81 83 41 56 38 75 32 35 36 77 21 12 25 52 77 36 46 61 30 40 65 50 68 75 27 45 35 31 50 57 57 63 65 38 37 33 65 
32 0 47 44 44 13 35 57 55 36 69 13 59 38 53 19 51 62 38 41 27 43 27 28 36 52 41 57 53 45 16 63 40 24 36 36 28 24 45 11 40 51 21 51 52 9 25 52 43 23 18 27 46 11 25 42 20 45 58 26 49 26 22 39 55 47 43 28 13 53 45 18 26 27 48 50 6 29 28 50 
28 47 0 84 77 57 65 10 51 15 65 42 12 53 63 28 89 69 18 83 60 50 27 52 11 36 32 57 12 12 34 55 52 45 21 33 20 53 86 46 51 16 68 83 88 56 64 11 86 59 59 31 83 38 25 5 67 88 11 43 49 57 39 62 26 61 84 23 58 7 7 62 65 64 54 56 53 64 27 55 
76 44 84 0 11 49 20 94 60 69 68 57 94 39 46 56 7 53 79 6 24 47 57 71 73 69 61 58 84 77 60 67 42 67 79 56 64 66 5 38 42 79 32 11 8 37 20 84 9 62 55 53 3 55 66 79 29 8 95 41 54 67 45 27 77 40 5 61 32 87 79 26 19 20 49 51 40 66 57 51 
74 44 77 11 0 50 12 87 49 62 57 57 87 29 35 53 13 42 76 16 18 37 50 72 67 59 53 47 77 70 58 56 32 68 76 48 59 67 16 36 32 72 36 7 12 38 19 77 19 63 56 46 8 53 63 72 32 19 88 34 44 68 38 17 68 29 15 54 33 80 72 27 18 17 39 40 41 68 50 40 
37 13 57 49 50 0 43 66 68 48 82 16 69 51 65 31 56 74 44 44 36 56 39 22 46 65 54 70 65 57 24 76 53 21 42 49 40 17 48 24 52 63 18 57 57 12 31 64 44 13 6 40 51 19 33 52 20 47 68 39 62 18 35 48 67 58 46 40 17 64 57 23 32 33 61 63 10 18 41 63 
64 35 65 20 12 43 0 75 41 50 49 48 75 19 28 42 24 37 65 23 8 27 38 63 55 49 41 39 65 58 48 48 22 59 65 36 47 59 25 26 22 60 32 18 24 31 12 65 27 56 49 34 18 44 53 60 28 27 76 22 35 60 26 8 57 21 23 42 26 68 60 21 12 10 30 32 33 61 38 32 
34 57 10 94 87 66 75 0 59 25 73 50 7 63 72 38 99 78 24 93 70 59 37 59 21 44 41 65 18 21 42 63 62 52 27 43 30 60 96 56 61 23 78 93 98 66 74 17 96 66 67 41 93 47 33 15 77 98 2 53 58 64 49 72 33 70 94 33 68 11 16 72 75 74 63 65 63 71 37 64 
65 55 51 60 49 68 41 59 0 38 16 61 54 22 18 44 62 19 60 64 42 14 34 78 46 15 19 6 41 39 55 8 19 70 62 22 42 75 65 45 19 36 67 52 60 59 49 42 68 78 73 31 57 56 53 48 63 68 58 30 6 79 33 33 26 20 64 38 56 48 44 55 50 47 11 10 59 84 32 9 
28 36 15 69 62 48 50 25 38 0 54 33 25 38 50 17 74 56 22 68 45 36 12 47 8 27 19 44 17 9 25 45 38 39 24 19 8 46 71 31 37 15 56 68 73 44 49 16 71 50 50 16 68 29 18 10 54 73 26 28 36 50 24 47 22 47 69 8 45 18 10 48 50 49 41 43 42 56 12 42 
81 69 65 68 57 82 49 73 16 54 0 76 68 32 22 60 69 15 76 72 52 26 50 94 62 29 35 12 55 53 71 10 29 86 78 38 58 90 73 58 30 50 78 59 67 72 59 56 76 92 87 46 65 71 69 63 74 76 72 43 20 94 47 41 40 28 72 54 68 62 58 66 60 57 21 19 72 98 48 19 
21 13 42 57 57 16 48 50 61 33 76 0 54 47 62 17 64 71 28 54 40 51 27 18 31 55 44 64 50 42 8 68 49 11 26 39 25 14 58 22 48 48 32 64 65 21 38 49 55 18 17 30 59 5 17 37 32 58 52 34 56 18 29 50 54 56 56 26 26 49 42 31 39 40 56 58 18 24 29 58 
39 59 12 94 87 69 75 7 54 25 68 54 0 60 68 40 99 73 29 93 70 56 37 64 23 39 38 60 13 18 46 58 59 57 32 40 32 65 96 56 58 18 80 93 98 68 74 13 96 71 71 41 93 50 37 17 79 98 5 53 53 69 49 71 28 67 94 33 70 7 15 73 75 74 60 60 65 76 37 59 
59 38 53 39 29 51 19 63 22 38 32 47 60 0 15 36 42 24 58 42 20 8 29 65 45 30 24 20 49 42 45 29 3 58 59 20 38 61 44 27 3 44 46 34 41 40 27 49 46 61 56 23 37 42 47 48 42 46 63 13 16 64 19 12 39 9 42 33 36 53 47 34 28 25 11 13 41 67 27 13 
72 53 63 46 35 65 28 72 18 50 22 62 68 15 0 49 47 9 71 50 32 14 42 80 58 32 31 13 55 51 59 22 13 73 72 31 51 76 51 42 14 50 59 37 45 55 38 56 54 76 71 36 43 57 60 60 55 54 72 28 15 79 33 20 43 7 50 46 50 62 56 47 39 36 9 8 55 82 40 9 
23 19 28 56 53 31 42 38 44 17 60 17 40 36 49 0 63 56 23 55 35 36 10 34 17 38 27 48 34 26 11 51 36 26 23 22 9 31 58 18 35 32 40 60 63 28 36 33 58 35 33 14 57 12 11 23 39 60 39 23 40 35 17 42 37 45 56 9 30 34 26 34 37 37 41 43 25 41 12 43 
83 51 89 7 13 56 24 99 62 74 69 64 99 42 47 63 0 54 86 12 29 50 62 78 79 72 65 60 89 82 67 69 45 74 86 60 70 73 8 45 45 84 39 10 2 44 27 89 13 69 62 58 6 62 73 84 36 11 100 46 57 74 50 30 81 42 10 66 39 92 84 33 26 26 52 53 47 73 62 53 
78 62 69 53 42 74 37 78 19 56 15 71 73 24 9 56 54 0 77 58 41 20 48 89 64 34 37 13 60 57 67 19 22 82 78 37 57 85 58 51 23 55 68 44 52 64 47 61 61 85 80 42 50 66 66 66 64 61 77 37 20 88 42 29 45 16 57 52 59 67 62 56 48 45 15 13 64 91 46 14 
10 38 18 79 76 44 65 24 60 22 76 28 29 58 71 23 86 77 0 78 58 57 29 35 14 49 41 66 30 26 22 67 58 28 3 40 20 36 81 41 57 32 59 83 86 47 59 29 81 42 44 35 80 27 13 16 58 83 26 45 58 40 40 64 42 67 79 25 51 25 22 56 60 60 62 64 44 47 31 63 
73 41 83 6 16 44 23 93 64 68 72 54 93 42 50 55 12 58 78 0 24 50 56 66 72 72 62 62 83 76 57 71 45 63 77 56 63 61 4 37 45 79 27 17 13 33 19 83 4 57 50 52 9 52 65 78 24 5 94 41 58 62 44 31 78 44 2 60 29 86 78 23 18 20 53 55 36 61 56 55 
56 27 60 24 18 36 8 70 42 45 52 40 70 20 32 35 29 41 58 24 0 28 33 55 50 48 38 40 60 53 40 49 23 51 58 32 41 51 27 18 23 55 27 25 29 24 7 60 28 49 42 29 23 36 45 55 23 29 71 17 36 53 21 13 54 25 25 37 19 63 55 15 8 5 31 33 26 54 33 33 
58 43 50 47 37 56 27 59 14 36 26 51 56 8 14 36 50 20 57 50 28 0 28 69 44 23 18 14 43 38 47 21 5 62 58 17 37 65 52 32 5 38 54 42 49 46 35 43 54 66 61 22 45 46 46 46 50 54 59 17 8 69 22 20 33 11 50 32 43 49 43 42 36 33 5 7 46 72 26 7 
31 27 27 57 50 39 38 37 34 12 50 27 37 29 42 10 62 48 29 56 33 28 0 44 17 28 17 38 28 20 21 41 29 36 30 12 9 41 59 21 28 24 46 56 62 35 37 27 59 45 43 6 56 22 19 22 44 61 38 17 30 45 12 36 28 38 57 4 35 30 22 38 38 37 33 35 33 51 2 35 
25 28 52 71 72 22 63 59 78 47 94 18 64 65 80 34 78 89 35 66 55 69 44 0 43 72 61 82 62 55 23 85 67 8 32 56 40 5 70 39 66 61 40 79 79 34 53 61 66 11 17 48 73 23 29 48 42 69 61 52 74 6 47 67 69 74 68 43 39 59 54 45 54 55 74 76 31 13 46 76 
21 36 11 73 67 46 55 21 46 8 62 31 23 45 58 17 79 64 14 72 50 44 17 43 0 35 27 52 19 13 23 53 45 35 16 27 9 42 75 35 44 19 57 73 79 45 53 18 75 48 48 22 73 27 14 6 56 77 22 34 44 46 29 53 29 54 73 13 47 18 11 51 54 53 49 51 42 53 18 50 
55 52 36 69 59 65 49 44 15 27 29 55 39 30 32 38 72 34 49 72 48 23 28 72 35 0 11 21 26 24 49 19 27 64 51 17 33 69 74 44 27 21 70 64 71 59 54 27 75 73 69 25 67 50 45 34 67 76 43 32 17 73 32 42 11 33 72 29 58 33 29 59 55 52 24 24 57 79 26 23 
46 41 32 61 53 54 41 41 19 19 35 44 38 24 31 27 65 37 41 62 38 18 17 61 27 11 0 25 25 20 38 26 22 53 43 6 23 58 65 33 21 20 59 58 65 48 44 25 65 62 58 14 59 39 35 29 56 67 41 21 17 62 21 36 16 29 63 19 47 31 25 48 45 42 22 24 46 68 15 23 
69 57 57 58 47 70 39 65 6 44 12 64 60 20 13 48 60 13 66 62 40 14 38 82 52 21 25 0 47 45 59 9 17 74 67 26 46 78 63 46 18 42 66 50 58 60 47 48 66 80 75 34 55 59 57 54 62 66 64 31 8 82 35 31 32 18 62 42 56 54 50 54 48 45 9 7 60 86 36 7 
39 53 12 84 77 65 65 18 41 17 55 50 13 49 55 34 89 60 30 83 60 43 28 62 19 26 25 47 0 8 42 45 47 54 33 29 25 61 86 48 46 5 73 82 88 61 64 1 86 67 67 31 83 46 33 14 71 88 17 43 40 65 39 60 15 54 84 25 62 7 8 65 65 64 47 47 59 72 28 46 
34 45 12 77 70 57 58 21 39 9 53 42 18 42 51 26 82 57 26 76 53 38 20 55 13 24 20 45 8 0 34 43 41 47 29 22 17 54 79 40 40 6 65 75 81 53 57 7 79 59 59 24 76 38 26 10 63 81 21 36 37 58 32 53 16 49 77 17 54 11 5 57 58 57 42 44 51 65 20 43 
16 16 34 60 58 24 48 42 55 25 71 8 46 45 59 11 67 67 22 57 40 47 21 23 23 49 38 59 42 34 0 62 46 15 20 33 18 21 61 22 45 40 37 65 67 25 40 41 59 25 25 25 61 5 9 29 36 61 44 32 51 25 26 50 47 54 59 20 29 41 34 34 41 41 52 54 22 31 23 54 
72 63 55 67 56 76 48 63 8 45 10 68 58 29 22 51 69 19 67 71 49 21 41 85 53 19 26 9 45 43 62 0 26 77 69 29 49 82 72 53 26 40 75 59 67 67 56 46 75 86 81 38 64 63 60 53 71 75 62 38 14 86 41 40 30 27 71 45 64 52 48 63 57 54 18 16 67 92 39 16 
59 40 52 42 32 53 22 62 19 38 29 49 59 3 13 36 45 22 58 45 23 5 29 67 45 27 22 17 47 41 46 26 0 60 59 19 38 63 47 29 1 42 49 37 44 43 30 47 49 63 58 23 40 44 47 48 45 49 62 15 13 66 20 15 37 9 45 33 39 52 46 37 31 28 8 10 43 69 27 10 
18 24 45 67 68 21 59 52 70 39 86 11 57 58 73 26 74 82 28 63 51 62 36 8 35 64 53 74 54 47 15 77 60 0 25 48 32 8 67 33 59 53 39 75 75 30 49 53 64 14 18 40 69 16 21 40 41 67 54 45 66 12 40 61 61 67 65 35 35 52 46 41 50 51 67 69 27 19 38 69 
7 36 21 79 76 42 65 27 62 24 78 26 32 59 72 23 86 78 3 77 58 58 30 32 16 51 43 67 33 29 20 69 59 25 0 41 21 33 81 41 58 35 57 83 86 45 59 32 79 39 42 36 80 25 13 19 56 81 29 46 59 37 40 65 45 68 79 26 49 28 25 54 60 60 63 65 42 44 32 64 
43 36 33 56 48 49 36 43 22 19 38 39 40 20 31 22 60 37 40 56 32 17 12 56 27 17 6 26 29 22 33 29 19 48 41 0 20 53 59 27 18 24 53 53 60 42 38 29 59 57 53 9 54 34 31 29 50 61 43 15 18 57 15 31 22 28 57 16 41 33 27 42 39 36 22 24 41 63 10 23 
23 28 20 64 59 40 47 30 42 8 58 25 32 38 51 9 70 57 20 63 41 37 9 40 9 33 23 46 25 17 18 49 38 32 21 20 0 39 66 26 37 23 49 65 70 37 44 24 66 43 42 15 64 21 12 15 48 68 31 26 38 43 21 45 29 47 64 5 39 25 17 43 45 44 42 44 34 49 11 43 
26 24 53 66 67 17 59 60 75 46 90 14 65 61 76 31 73 85 36 61 51 65 41 5 42 69 58 78 61 54 21 82 63 8 33 53 39 0 65 35 62 60 35 74 74 29 48 60 61 7 12 44 68 19 28 48 37 64 62 48 70 4 43 63 68 70 63 40 34 60 53 40 49 50 70 72 26 11 43 72 
77 45 86 5 16 48 25 96 65 71 73 58 96 44 51 58 8 58 81 4 27 52 59 70 75 74 65 63 86 79 61 72 47 67 81 59 66 65 0 40 47 82 31 16 10 37 22 86 5 61 54 55 8 56 68 81 28 3 97 44 59 66 47 32 81 45 2 63 33 89 81 27 21 23 54 56 40 65 59 56 
38 11 46 38 36 24 26 56 45 31 58 22 56 27 42 18 45 51 41 37 18 32 21 39 35 44 33 46 48 40 22 53 29 33 41 27 26 35 40 0 29 45 26 43 45 15 18 47 40 34 29 19 39 18 28 41 23 42 57 15 39 37 12 28 48 36 38 23 14 49 41 17 19 19 37 39 14 40 21 39 
58 40 51 42 32 52 22 61 19 37 30 48 58 3 14 35 45 23 57 45 23 5 28 66 44 27 21 18 46 40 45 26 1 59 58 18 37 62 47 29 0 41 49 37 44 42 30 46 49 63 58 22 40 43 46 47 45 49 61 14 13 66 19 15 36 10 45 32 38 51 45 37 31 28 9 11 42 69 26 11 
40 51 16 79 72 63 60 23 36 15 50 48 18 44 50 32 84 55 32 79 55 38 24 61 19 21 20 42 5 6 40 40 42 53 35 24 23 60 82 45 41 0 70 77 83 59 60 6 82 65 65 27 78 44 32 16 68 84 22 38 35 64 35 55 10 49 80 23 59 12 10 62 61 59 42 42 57 71 24 41 
53 21 68 32 36 18 32 78 67 56 78 32 80 46 59 40 39 68 59 27 27 54 46 40 57 70 59 66 73 65 37 75 49 39 57 53 49 35 31 26 49 70 0 42 40 12 21 72 27 30 23 45 34 32 46 63 4 30 79 38 61 35 38 40 74 52 29 48 12 74 66 12 20 23 57 59 15 34 47 59 
81 51 83 11 7 57 18 93 52 68 59 64 93 34 37 60 10 44 83 17 25 42 56 79 73 64 58 50 82 75 65 59 37 75 83 53 65 74 16 43 37 77 42 0 8 45 26 82 20 70 63 52 8 60 70 78 38 19 94 40 49 75 44 22 73 32 16 60 40 86 78 34 25 24 42 43 48 75 56 43 
83 52 88 8 12 57 24 98 60 73 67 65 98 41 45 63 2 52 86 13 29 49 62 79 79 71 65 58 88 81 67 67 44 75 86 60 70 74 10 45 44 83 40 8 0 45 27 88 15 70 63 57 6 62 73 83 37 13 99 45 56 75 50 29 80 40 12 66 40 91 83 34 26 26 50 51 48 74 61 51 
41 9 56 37 38 12 31 66 59 44 72 21 68 40 55 28 44 64 47 33 24 46 35 34 45 59 48 60 61 53 25 67 43 30 45 42 37 29 37 15 42 59 12 45 45 0 19 60 34 25 18 34 39 20 34 51 11 37 67 29 53 30 27 37 63 48 35 36 5 62 54 11 20 21 51 53 3 30 36 53 
56 25 64 20 19 31 12 74 49 49 59 38 74 27 38 36 27 47 59 19 7 35 37 53 53 54 44 47 64 57 40 56 30 49 59 38 44 48 22 18 30 60 21 26 27 19 0 64 22 44 37 33 21 35 46 59 17 24 75 23 43 49 25 19 60 31 20 41 14 67 59 9 1 2 38 40 22 49 37 40 
38 52 11 84 77 64 65 17 42 16 56 49 13 49 56 33 89 61 29 83 60 43 27 61 18 27 25 48 1 7 41 46 47 53 32 29 24 60 86 47 46 6 72 82 88 60 64 0 86 66 66 31 83 45 32 13 70 88 16 43 41 64 39 60 16 54 84 24 61 6 7 64 65 64 47 48 58 71 27 47 
75 43 86 9 19 44 27 96 68 71 76 55 96 46 54 58 13 61 81 4 28 54 59 66 75 75 65 66 86 79 59 75 49 64 79 59 66 61 5 40 49 82 27 20 15 34 22 86 0 57 50 55 12 54 68 81 24 3 97 44 62 62 47 35 81 48 4 63 30 89 81 25 21 23 57 59 37 61 59 59 
32 23 59 62 63 13 56 66 78 50 92 18 71 61 76 35 69 85 42 57 49 66 45 11 48 73 62 80 67 59 25 86 63 14 39 57 43 7 61 34 63 65 30 70 70 25 44 66 57 0 7 48 64 23 34 54 33 60 68 49 72 5 45 61 72 70 59 44 30 66 59 36 45 46 71 73 23 6 47 73 
35 18 59 55 56 6 49 67 73 50 87 17 71 56 71 33 62 80 44 50 42 61 43 17 48 69 58 75 67 59 25 81 58 18 42 53 42 12 54 29 58 65 23 63 63 18 37 66 50 7 0 44 57 21 34 54 26 53 69 44 67 12 40 54 70 64 52 42 23 66 59 29 38 39 66 68 16 12 44 68 
36 27 31 53 46 40 34 41 31 16 46 30 41 23 36 14 58 42 35 52 29 22 6 48 22 25 14 34 31 24 25 38 23 40 36 9 15 44 55 19 22 27 45 52 57 34 33 31 55 48 44 0 52 25 24 26 42 57 42 12 26 48 8 31 29 32 53 10 33 34 26 35 34 33 27 29 32 54 4 29 
77 46 83 3 8 51 18 93 57 68 65 59 93 37 43 57 6 50 80 9 23 45 56 73 73 67 59 55 83 76 61 64 40 69 80 54 64 68 8 39 40 78 34 8 6 39 21 83 12 64 57 52 0 56 67 78 31 11 94 40 52 69 44 25 75 37 8 60 34 86 78 28 20 20 47 48 42 68 56 48 
21 11 38 55 53 19 44 47 56 29 71 5 50 42 57 12 62 66 27 52 36 46 22 23 27 50 39 59 46 38 5 63 44 16 25 34 21 19 56 18 43 44 32 60 62 20 35 45 54 23 21 25 56 0 14 33 31 56 49 29 51 23 24 46 49 51 54 21 24 45 38 29 36 36 51 53 17 29 24 53 
12 25 25 66 63 33 53 33 53 18 69 17 37 47 60 11 73 66 13 65 45 46 19 29 14 45 35 57 33 26 9 60 47 21 13 31 12 28 68 28 46 32 46 70 73 34 46 32 68 34 34 24 67 14 0 20 45 70 35 34 49 32 28 53 40 56 66 16 38 32 25 43 47 47 51 53 31 39 21 53 
25 42 5 79 72 52 60 15 48 10 63 37 17 48 60 23 84 66 16 78 55 46 22 48 6 34 29 54 14 10 29 53 48 40 19 29 15 48 81 41 47 16 63 78 83 51 59 13 81 54 54 26 78 33 20 0 62 83 16 38 46 52 34 57 26 57 79 18 53 12 6 57 60 59 51 53 48 59 22 52 
52 20 67 29 32 20 28 77 63 54 74 32 79 42 55 39 36 64 58 24 23 50 44 42 56 67 56 62 71 63 36 71 45 41 56 50 48 37 28 23 45 68 4 38 37 11 17 70 24 33 26 42 31 31 45 62 0 27 78 35 57 38 35 36 71 48 26 46 9 72 64 8 16 19 53 55 14 37 44 55 
77 45 88 8 19 47 27 98 68 73 76 58 98 46 54 60 11 61 83 5 29 54 61 69 77 76 67 66 88 81 61 75 49 67 81 61 68 64 3 42 49 84 30 19 13 37 24 88 3 60 53 57 11 56 70 83 27 0 99 46 62 65 49 35 83 48 4 65 33 91 83 27 23 25 57 59 40 64 61 59 
36 58 11 95 88 68 76 2 58 26 72 52 5 63 72 39 100 77 26 94 71 59 38 61 22 43 41 64 17 21 44 62 62 54 29 43 31 62 97 57 61 22 79 94 99 67 75 16 97 68 69 42 94 49 35 16 78 99 0 54 57 66 50 73 32 70 95 34 69 10 16 73 76 75 63 64 64 73 38 63 
46 26 43 41 34 39 22 53 30 28 43 34 53 13 28 23 46 37 45 41 17 17 17 52 34 32 21 31 43 36 32 38 15 45 46 15 26 48 44 15 14 38 38 40 45 29 23 43 44 49 44 12 40 29 34 38 35 46 54 0 24 52 6 19 37 22 42 21 26 46 38 27 24 21 22 24 29 55 16 24 
61 49 49 54 44 62 35 58 6 36 20 56 53 16 15 40 57 20 58 58 36 8 30 74 44 17 17 8 40 37 51 14 13 66 59 18 38 70 59 39 13 35 61 49 56 53 43 41 62 72 67 26 52 51 49 46 57 62 57 24 0 74 27 27 28 17 58 34 50 47 42 49 44 41 7 7 53 78 28 6 
30 26 57 67 68 18 60 64 79 50 94 18 69 64 79 35 74 88 40 62 53 69 45 6 46 73 62 82 65 58 25 86 66 12 37 57 43 4 66 37 66 64 35 75 75 30 49 64 62 5 12 48 69 23 32 52 38 65 66 52 74 0 47 65 72 73 64 44 35 64 57 41 50 51 74 76 27 7 47 76 
40 22 39 45 38 35 26 49 33 24 47 29 49 19 33 17 50 42 40 44 21 22 12 47 29 32 21 35 39 32 26 41 20 40 40 15 21 43 47 12 19 35 38 44 50 27 25 39 47 45 40 8 44 24 28 34 35 49 50 6 27 47 0 25 36 28 45 16 26 42 34 27 26 25 27 29 26 51 12 29 
65 39 62 27 17 48 8 72 33 47 41 50 71 12 20 42 30 29 64 31 13 20 36 67 53 42 36 31 60 53 50 40 15 61 65 31 45 63 32 28 15 55 40 22 29 37 19 60 35 61 54 31 25 46 53 57 36 35 73 19 27 65 25 0 51 13 31 40 32 64 57 28 20 17 22 24 38 66 35 24 
50 55 26 77 68 67 57 33 26 22 40 54 28 39 43 37 81 45 42 78 54 33 28 69 29 11 16 32 15 16 47 30 37 61 45 22 29 68 81 48 36 10 74 73 80 63 60 16 81 72 70 29 75 49 40 26 71 83 32 37 28 72 36 51 0 44 79 28 62 22 20 63 61 58 35 35 61 78 27 34 
68 47 61 40 29 58 21 70 20 47 28 56 67 9 7 45 42 16 67 44 25 11 38 74 54 33 29 18 54 49 54 27 9 67 68 28 47 70 45 36 10 49 52 32 40 48 31 54 48 70 64 32 37 51 56 57 48 48 70 22 17 73 28 13 44 0 44 42 43 60 54 40 32 29 10 11 48 76 36 11 
75 43 84 5 15 46 23 94 64 69 72 56 94 42 50 56 10 57 79 2 25 50 57 68 73 72 63 62 84 77 59 71 45 65 79 57 64 63 2 38 45 80 29 16 12 35 20 84 4 59 52 53 8 54 66 79 26 4 95 42 58 64 45 31 79 44 0 61 31 87 79 25 19 21 53 55 38 63 57 55 
27 28 23 61 54 40 42 33 38 8 54 26 33 33 46 9 66 52 25 60 37 32 4 43 13 29 19 42 25 17 20 45 33 35 26 16 5 40 63 23 32 23 48 60 66 36 41 24 63 44 42 10 60 21 16 18 46 65 34 21 34 44 16 40 28 42 61 0 37 26 18 40 42 41 37 39 34 50 6 39 
45 13 58 32 33 17 26 68 56 45 68 26 70 36 50 30 39 59 51 29 19 43 35 39 47 58 47 56 62 54 29 64 39 35 49 41 39 34 33 14 38 59 12 40 40 5 14 61 30 30 23 33 34 24 38 53 9 33 69 26 50 35 26 32 62 43 31 37 0 63 55 6 15 16 47 49 8 35 35 49 
35 53 7 87 80 64 68 11 48 18 62 49 7 53 62 34 92 67 25 86 63 49 30 59 18 33 31 54 7 11 41 52 52 52 28 33 25 60 89 49 51 12 74 86 91 62 67 6 89 66 66 34 86 45 32 12 72 91 10 46 47 64 42 64 22 60 87 26 63 0 8 66 68 67 53 54 59 71 30 53 
31 45 7 79 72 57 60 16 44 10 58 42 15 47 56 26 84 62 22 78 55 43 22 54 11 29 25 50 8 5 34 48 46 46 25 27 17 53 81 41 45 10 66 78 83 54 59 7 81 59 59 26 78 38 25 6 64 83 16 38 42 57 34 57 20 54 79 18 55 8 0 58 60 59 47 49 51 64 22 48 
50 18 62 26 27 23 21 72 55 48 66 31 73 34 47 34 33 56 56 23 15 42 38 45 51 59 48 54 65 57 34 63 37 41 54 42 43 40 27 17 37 62 12 34 34 11 9 64 25 36 29 35 28 29 43 57 8 27 73 27 49 41 27 28 63 40 25 40 6 66 58 0 9 11 45 47 14 41 38 47 
57 26 65 19 18 32 12 75 50 50 60 39 75 28 39 37 26 48 60 18 8 36 38 54 54 55 45 48 65 58 41 57 31 50 60 39 45 49 21 19 31 61 20 25 26 20 1 65 21 45 38 34 20 36 47 60 16 23 76 24 44 50 26 20 61 32 19 42 15 68 60 9 0 3 39 41 23 50 38 41 
57 27 64 20 17 33 10 74 47 49 57 40 74 25 36 37 26 45 60 20 5 33 37 55 53 52 42 45 64 57 41 54 28 51 60 36 44 50 23 19 28 59 23 24 26 21 2 64 23 46 39 33 20 36 47 59 19 25 75 21 41 51 25 17 58 29 21 41 16 67 59 11 3 0 36 38 24 51 37 38 
63 48 54 49 39 61 30 63 11 41 21 56 60 11 9 41 52 15 62 53 31 5 33 74 49 24 22 9 47 42 52 18 8 67 63 22 42 70 54 37 9 42 57 42 50 51 38 47 57 71 66 27 47 51 51 51 53 57 63 22 7 74 27 22 35 10 53 37 47 53 47 45 39 36 0 2 51 77 31 2 
65 50 56 51 40 63 32 65 10 43 19 58 60 13 8 43 53 13 64 55 33 7 35 76 51 24 24 7 47 44 54 16 10 69 65 24 44 72 56 39 11 42 59 43 51 53 40 48 59 73 68 29 48 53 53 53 55 59 64 24 7 76 29 24 35 11 55 39 49 54 49 47 41 38 2 0 53 79 33 1 
38 6 53 40 41 10 33 63 59 42 72 18 65 41 55 25 47 64 44 36 26 46 33 31 42 57 46 60 59 51 22 67 43 27 42 41 34 26 40 14 42 57 15 48 48 3 22 58 37 23 16 32 42 17 31 48 14 40 64 29 53 27 26 38 61 48 38 34 8 59 51 14 23 24 51 53 0 28 34 53 
37 29 64 66 68 18 61 71 84 56 98 24 76 67 82 41 73 91 47 61 54 72 51 13 53 79 68 86 72 65 31 92 69 19 44 63 49 11 65 40 69 71 34 75 74 30 49 71 61 6 12 54 68 29 39 59 37 64 73 55 78 7 51 66 78 76 63 50 35 71 64 41 50 51 77 79 28 0 53 79 
33 28 27 57 50 41 38 37 32 12 48 29 37 27 40 12 62 46 31 56 33 26 2 46 18 26 15 36 28 20 23 39 27 38 32 10 11 43 59 21 26 24 47 56 61 36 37 27 59 47 44 4 56 24 21 22 44 61 38 16 28 47 12 35 27 36 57 6 35 30 22 38 38 37 31 33 34 53 0 33 
65 50 55 51 40 63 32 64 9 42 19 58 59 13 9 43 53 14 63 55 33 7 35 76 50 23 23 7 46 43 54 16 10 69 64 23 43 72 56 39 11 41 59 43 51 53 40 47 59 73 68 29 48 53 53 52 55 59 63 24 6 76 29 24 34 11 55 39 49 53 48 47 41 38 2 1 53 79 33 0 
74
13
12
31
68
27
12
27
32
32
1
28
36
10
74
84
65
28
57
53
67
65
19
56
14
3
50
30
81
73
66
74
53
82
32
12
3
36
36
28
79
40
81
92
9
59
62
2
89
13
80
98
65
93
85
67
47
96
27
73
82
3
80
12
57
88
8
10
13
65
50
30
97
67
12
33
37
84
10
