80
0 55 69 57 71 53 56 66 65 29 68 67 74 59 65 60 54 30 70 87 36 25 66 85 58 26 41 67 58 79 34 65 71 67 37 70 41 16 52 47 22 12 59 84 48 87 22 61 61 46 28 68 38 40 66 59 21 1 21 4 30 40 51 64 25 44 97 17 41 85 61 78 42 48 61 37 82 72 39 36 
55 0 29 8 27 20 6 13 28 43 25 40 21 30 34 22 21 25 25 32 28 37 47 30 24 38 44 21 35 28 28 42 16 39 46 36 14 39 29 27 33 46 30 33 26 32 41 31 34 12 45 46 45 16 15 32 51 54 42 51 43 36 4 26 38 14 42 44 26 32 26 48 34 7 32 32 28 17 21 35 
69 29 0 37 4 16 35 36 5 69 53 17 38 13 63 51 50 42 52 33 55 45 27 29 53 62 38 48 64 17 35 71 26 15 42 65 35 54 58 55 48 62 13 51 22 37 62 60 63 39 47 24 73 33 40 61 73 68 62 65 69 33 30 5 45 29 43 63 28 26 55 77 62 31 61 59 25 24 48 62 
57 8 37 0 35 28 2 9 36 40 17 48 17 38 26 14 13 28 17 35 25 43 55 33 16 36 50 13 27 35 34 34 19 47 52 28 19 41 22 20 36 46 38 27 34 32 39 23 26 11 51 54 39 22 9 24 49 56 40 53 40 42 10 34 44 20 42 43 32 35 18 40 28 13 24 28 31 21 19 31 
71 27 4 35 0 18 33 33 9 68 50 21 34 17 61 49 48 43 49 29 54 47 31 25 51 61 42 45 62 13 37 69 22 19 46 63 34 56 56 54 50 64 17 47 25 33 63 58 61 38 50 28 72 33 37 59 74 70 63 67 68 37 29 8 47 29 39 64 30 22 53 75 61 30 59 58 21 20 47 61 
53 20 16 28 18 0 26 32 13 53 45 20 39 10 54 42 40 26 45 41 39 29 27 38 44 46 27 41 53 28 19 61 29 20 30 56 19 38 46 42 32 46 10 51 8 44 46 51 53 25 33 26 57 17 35 51 57 52 46 49 53 20 19 11 29 13 51 47 12 36 46 68 46 18 52 43 34 27 32 46 
56 6 35 2 33 26 0 10 34 41 19 46 18 36 28 16 15 27 19 34 26 41 53 32 18 36 48 15 29 33 32 36 18 45 50 30 17 40 24 22 35 45 36 29 32 33 39 25 28 10 49 52 41 20 11 26 49 55 40 52 41 40 8 32 42 18 43 43 30 34 20 42 30 11 26 29 30 19 19 32 
66 13 36 9 33 32 10 0 36 49 17 49 8 41 32 20 20 37 16 26 34 50 58 25 22 45 57 12 34 28 41 40 12 47 59 30 26 50 29 29 45 55 40 20 39 23 48 29 32 20 58 56 48 29 4 30 58 65 49 62 49 49 17 34 51 27 33 52 39 28 24 42 37 20 30 37 24 14 28 40 
65 28 5 36 9 13 34 36 0 66 53 13 40 8 62 50 49 39 52 38 52 41 23 34 52 59 33 48 63 22 31 70 28 11 37 64 32 50 56 53 45 59 8 53 18 42 59 59 62 36 42 20 70 30 40 60 70 64 59 61 66 28 28 2 41 26 48 60 24 31 54 76 59 28 60 56 30 26 45 59 
29 43 69 40 68 53 41 49 66 0 43 72 57 62 36 35 31 27 45 75 15 36 75 73 34 7 54 44 29 71 38 36 59 72 51 41 34 23 25 22 25 18 62 61 51 72 9 33 32 31 43 75 9 36 48 31 11 30 10 27 1 49 40 64 36 40 82 13 44 75 35 49 14 39 33 12 71 60 22 9 
68 25 53 17 50 45 19 17 53 43 0 65 19 55 16 8 14 43 2 40 32 58 72 41 10 42 67 5 19 45 49 24 29 64 68 14 34 54 19 21 50 56 55 18 51 35 46 14 17 26 66 71 40 37 13 16 54 68 47 65 42 59 27 51 59 37 45 51 49 44 10 25 29 30 15 31 40 31 30 34 
67 40 17 48 21 20 46 49 13 72 65 0 53 10 74 62 60 45 65 50 58 42 10 46 64 65 29 61 73 34 35 81 41 2 33 76 39 54 66 62 49 63 11 66 21 54 65 71 73 45 41 7 76 36 53 71 76 66 65 63 72 27 39 15 42 33 60 65 28 43 66 88 66 38 72 62 42 39 52 65 
74 21 38 17 34 39 18 8 40 57 19 53 0 47 35 24 26 45 17 21 42 58 63 22 26 53 65 15 37 28 49 43 12 51 67 33 34 58 35 35 53 63 46 13 46 17 56 32 35 28 66 60 54 37 9 33 66 73 57 70 56 57 25 38 59 35 27 60 47 25 27 43 43 28 33 45 21 14 36 48 
59 30 13 38 17 10 36 41 8 62 55 10 47 0 64 52 50 35 55 46 48 34 17 42 54 55 25 51 63 30 25 71 35 10 29 66 29 44 56 52 39 53 1 60 11 50 55 61 63 35 34 16 66 26 45 61 66 58 55 55 62 20 29 10 34 23 56 55 18 39 56 78 56 28 62 52 38 33 42 55 
65 34 63 26 61 54 28 32 62 36 16 74 35 64 0 12 16 44 18 56 29 59 81 57 11 39 72 20 7 60 54 8 44 73 73 5 39 52 13 18 49 53 64 33 59 51 43 5 4 31 67 80 29 42 28 6 47 65 44 62 35 64 36 60 60 44 61 48 54 60 8 14 23 37 4 28 56 46 30 29 
60 22 51 14 49 42 16 20 50 35 8 62 24 52 12 0 6 35 10 45 24 50 69 45 2 34 61 9 14 48 43 20 32 61 62 14 28 46 11 13 42 48 52 26 48 41 38 9 12 20 58 68 32 31 16 10 46 60 39 57 34 53 24 48 51 33 51 43 43 48 4 26 21 26 10 23 44 34 22 26 
54 21 50 13 48 40 15 20 49 31 14 60 26 50 16 6 0 29 16 46 18 44 67 45 5 30 56 13 14 48 38 21 32 60 57 18 23 40 9 9 36 42 50 31 43 42 33 12 13 15 52 66 28 26 17 11 42 54 34 51 30 48 21 47 45 28 52 38 38 48 8 30 17 22 12 19 44 34 16 22 
30 25 42 28 43 26 27 37 39 27 43 45 45 35 44 35 29 0 44 57 17 15 48 55 34 20 30 40 38 49 11 47 41 45 29 47 11 14 31 26 8 21 35 55 24 57 20 39 40 17 23 48 34 10 37 38 31 29 20 26 27 23 21 37 16 14 67 21 17 55 37 58 26 18 40 21 52 42 14 23 
70 25 52 17 49 45 19 16 52 45 2 65 17 55 18 10 16 44 0 38 34 59 72 39 12 44 67 4 21 43 50 26 27 63 69 16 35 55 21 23 51 58 55 16 51 33 48 16 19 27 67 71 42 38 12 18 56 69 49 66 44 59 27 50 60 37 43 53 49 42 12 26 31 30 17 33 38 29 31 36 
87 32 33 35 29 41 34 26 38 75 40 50 21 46 56 45 46 57 38 0 60 68 60 4 47 70 68 36 58 16 58 64 16 48 71 54 46 71 55 55 65 78 45 27 49 6 73 53 56 44 74 57 74 48 29 54 83 86 74 83 75 61 36 36 69 44 10 76 53 8 48 63 63 39 54 63 8 16 53 66 
36 28 55 25 54 39 26 34 52 15 32 58 42 48 29 24 18 17 34 60 0 31 64 58 22 12 47 31 23 56 28 31 44 58 46 34 20 23 16 11 21 24 48 49 39 57 15 25 25 16 39 63 18 22 33 23 25 36 16 33 15 40 25 50 32 26 67 20 34 60 25 43 9 24 25 4 56 45 7 7 
25 37 45 43 47 29 41 50 41 36 58 42 58 34 59 50 44 15 59 68 31 0 42 65 49 29 18 55 53 57 10 62 53 42 15 62 24 13 46 41 11 22 34 70 23 69 27 54 55 32 8 43 45 21 52 53 35 24 26 21 37 15 33 40 1 24 78 24 17 64 52 73 39 30 55 34 61 52 29 35 
66 47 27 55 31 27 53 58 23 75 72 10 63 17 81 69 67 48 72 60 64 42 0 56 71 68 25 68 80 44 37 88 51 12 29 83 45 55 73 69 50 64 18 76 25 64 66 78 80 52 38 3 82 42 62 78 77 65 66 63 75 27 46 25 42 40 70 66 31 53 73 95 72 45 79 68 52 49 58 71 
85 30 29 33 25 38 32 25 34 73 41 46 22 42 57 45 45 55 39 4 58 65 56 0 47 68 65 37 59 12 55 65 14 44 68 55 44 69 54 53 63 76 41 30 46 10 71 54 57 42 71 53 72 46 29 55 81 84 72 81 73 58 34 32 66 42 14 74 50 4 49 65 61 37 55 61 4 14 51 64 
58 24 53 16 51 44 18 22 52 34 10 64 26 54 11 2 5 34 12 47 22 49 71 47 0 33 61 11 12 50 43 18 34 63 62 13 28 45 9 12 41 46 54 28 48 43 37 7 10 20 57 70 30 31 18 8 45 58 38 55 33 53 25 50 50 33 53 42 43 50 3 25 20 26 8 22 46 36 21 25 
26 38 62 36 61 46 36 45 59 7 42 65 53 55 39 34 30 20 44 70 12 29 68 68 33 0 47 43 32 66 31 39 54 65 44 44 27 17 26 21 18 14 55 60 44 68 4 35 35 26 37 68 16 29 45 33 13 26 5 23 8 42 35 57 30 33 78 9 37 70 35 52 16 33 35 11 66 55 17 10 
41 44 38 50 42 27 48 57 33 54 67 29 65 25 72 61 56 30 67 68 47 18 25 65 61 47 0 63 67 54 19 76 56 30 4 74 33 31 60 55 29 40 26 77 19 71 45 67 69 41 13 27 63 30 59 67 53 40 44 38 55 8 40 34 18 30 78 42 18 63 64 86 56 37 68 51 61 54 43 53 
67 21 48 13 45 41 15 12 48 44 5 61 15 51 20 9 13 40 4 36 31 55 68 37 11 43 63 0 22 40 46 28 24 59 65 18 31 52 20 22 47 55 51 18 47 32 46 17 20 23 63 67 41 34 8 18 55 66 47 63 43 55 23 46 56 33 42 51 45 40 12 30 30 26 18 32 36 26 28 35 
58 35 64 27 62 53 29 34 63 29 19 73 37 63 7 14 14 38 21 58 23 53 80 59 12 32 67 22 0 62 48 9 46 73 67 12 36 46 7 12 43 46 63 37 56 54 36 5 3 28 61 79 22 39 30 4 40 58 37 55 28 60 35 61 54 41 64 41 51 62 10 20 16 36 5 21 58 48 24 22 
79 28 17 35 13 28 33 28 22 71 45 34 28 30 60 48 48 49 43 16 56 57 44 12 50 66 54 40 62 0 47 68 16 32 58 58 40 63 57 55 57 70 29 39 36 21 68 57 60 40 61 41 73 39 32 58 79 78 69 75 71 48 31 20 57 35 26 70 40 9 52 69 62 34 58 60 8 14 49 63 
34 28 35 34 37 19 32 41 31 38 49 35 49 25 54 43 38 11 50 58 28 10 37 55 43 31 19 46 48 47 0 57 43 35 19 56 15 19 41 36 14 28 25 61 14 59 30 49 50 23 17 37 45 12 43 48 41 33 30 30 38 12 24 30 11 14 68 30 7 54 46 68 37 21 50 32 51 42 24 34 
65 42 71 34 69 61 36 40 70 36 24 81 43 71 8 20 21 47 26 64 31 62 88 65 18 39 76 28 9 68 57 0 52 81 76 11 44 53 16 21 51 53 71 40 64 59 43 11 8 36 70 87 27 47 36 10 47 65 44 62 35 69 42 68 63 49 69 48 59 68 16 13 23 43 10 28 64 54 33 29 
71 16 26 19 22 29 18 12 28 59 29 41 12 35 44 32 32 41 27 16 44 53 51 14 34 54 56 24 46 16 43 52 0 39 58 42 30 55 41 39 49 62 34 25 37 16 57 41 44 28 59 48 58 32 16 42 67 70 58 67 59 48 20 26 54 29 26 60 39 16 36 53 47 23 42 47 12 2 37 50 
67 39 15 47 19 20 45 47 11 72 64 2 51 10 73 61 60 45 63 48 58 42 12 44 63 65 30 59 73 32 35 81 39 0 34 75 39 54 66 62 49 63 10 64 21 52 65 70 73 45 42 9 76 36 51 71 76 66 65 63 72 28 39 13 43 33 58 65 28 41 65 87 66 38 71 62 40 37 52 65 
37 46 42 52 46 30 50 59 37 51 68 33 67 29 73 62 57 29 69 71 46 15 29 68 62 44 4 65 67 58 19 76 58 34 0 75 34 28 60 55 26 37 30 79 22 73 42 68 69 42 9 31 60 31 61 67 50 36 41 34 52 10 42 38 15 32 81 39 20 66 65 87 54 39 69 49 64 56 43 50 
70 36 65 28 63 56 30 30 64 41 14 76 33 66 5 14 18 47 16 54 34 62 83 55 13 44 74 18 12 58 56 11 42 75 75 0 41 57 18 23 54 58 66 29 61 49 48 9 9 33 70 82 34 44 26 11 52 70 49 67 40 66 38 62 63 46 58 53 56 58 10 12 28 39 9 33 54 44 34 34 
41 14 35 19 34 19 17 26 32 34 34 39 34 29 39 28 23 11 35 46 20 24 45 44 28 27 33 31 36 40 15 44 30 39 34 41 0 25 29 24 19 32 29 46 20 46 29 34 36 8 32 44 38 3 28 34 40 40 29 37 34 25 10 30 25 6 56 31 15 45 31 53 27 7 35 24 41 31 13 27 
16 39 54 41 56 38 40 50 50 23 54 54 58 44 52 46 40 14 55 71 23 13 55 69 45 17 31 52 46 63 19 53 55 54 28 57 25 0 39 34 6 9 44 68 33 71 14 48 48 30 20 56 32 24 50 46 22 15 13 12 24 28 35 49 13 28 81 11 26 69 48 66 30 32 48 25 66 56 24 25 
52 29 58 22 56 46 24 29 56 25 19 66 35 56 13 11 9 31 21 55 16 46 73 54 9 26 60 20 7 57 41 16 41 66 60 18 29 39 0 5 36 40 56 37 49 51 30 9 9 21 54 72 21 32 26 7 36 52 31 49 24 53 28 54 47 34 61 35 44 57 10 27 11 29 9 15 53 43 17 16 
47 27 55 20 54 42 22 29 53 22 21 62 35 52 18 13 9 26 23 55 11 41 69 53 12 21 55 22 12 55 36 21 39 62 55 23 24 34 5 0 31 35 52 39 44 51 25 14 14 17 49 68 19 27 26 12 33 47 26 44 21 48 25 51 42 30 61 30 39 55 14 32 8 25 14 10 51 41 12 13 
22 33 48 36 50 32 35 45 45 25 50 49 53 39 49 42 36 8 51 65 21 11 50 63 41 18 29 47 43 57 14 51 49 49 26 54 19 6 36 31 0 14 39 63 28 65 16 45 45 25 19 51 34 18 45 43 27 21 16 18 26 24 29 43 12 22 75 16 21 63 44 63 28 26 45 23 60 50 20 24 
12 46 62 46 64 46 45 55 59 18 56 63 63 53 53 48 42 21 58 78 24 22 64 76 46 14 40 55 46 70 28 53 62 63 37 58 32 9 40 35 14 0 53 72 42 78 10 49 49 35 28 65 27 31 55 47 14 12 9 9 19 37 42 57 22 35 88 5 35 76 49 66 30 39 49 25 73 63 27 24 
59 30 13 38 17 10 36 40 8 62 55 11 46 1 64 52 50 35 55 45 48 34 18 41 54 55 26 51 63 29 25 71 34 10 30 66 29 44 56 52 39 53 0 59 11 49 55 61 63 35 35 16 66 26 44 61 66 58 55 55 62 21 29 9 34 23 55 55 18 38 56 78 56 28 62 52 37 32 42 55 
84 33 51 27 47 51 29 20 53 61 18 66 13 60 33 26 31 55 16 27 49 70 76 30 28 60 77 18 37 39 61 40 25 64 79 29 46 68 37 39 63 72 59 0 59 21 64 32 34 38 78 73 58 49 18 34 72 83 65 80 60 69 37 51 71 47 30 69 59 34 28 37 47 40 33 49 31 27 45 52 
48 26 22 34 25 8 32 39 18 51 51 21 46 11 59 48 43 24 51 49 39 23 25 46 48 44 19 47 56 36 14 64 37 21 22 61 20 33 49 44 28 42 11 59 0 52 44 54 56 28 25 24 57 17 41 54 55 47 44 44 51 12 24 17 23 15 59 44 7 44 51 73 47 22 55 43 42 35 33 46 
87 32 37 32 33 44 33 23 42 72 35 54 17 50 51 41 42 57 33 6 57 69 64 10 43 68 71 32 54 21 59 59 16 52 73 49 46 71 51 51 65 78 49 21 52 0 71 49 52 43 75 61 70 48 25 50 81 86 72 83 72 63 36 40 70 45 10 75 54 14 44 58 59 39 50 60 13 17 51 63 
22 41 62 39 63 46 39 48 59 9 46 65 56 55 43 38 33 20 48 73 15 27 66 71 37 4 45 46 36 68 30 43 57 65 42 48 29 14 30 25 16 10 55 64 44 71 0 39 39 29 34 67 18 30 48 37 11 22 1 19 10 40 37 57 27 34 81 5 37 73 39 56 20 35 39 15 69 58 20 14 
61 31 60 23 58 51 25 29 59 33 14 71 32 61 5 9 12 39 16 53 25 54 78 54 7 35 67 17 5 57 49 11 41 70 68 9 34 48 9 14 45 49 61 32 54 49 39 0 3 26 62 77 27 37 25 2 44 61 40 58 32 59 32 57 55 39 59 44 49 57 5 19 19 33 1 24 53 43 25 25 
61 34 63 26 61 53 28 32 62 32 17 73 35 63 4 12 13 40 19 56 25 55 80 57 10 35 69 20 3 60 50 8 44 73 69 9 36 48 9 14 45 49 63 34 56 52 39 3 0 28 63 79 25 39 28 2 43 61 40 58 31 61 34 60 56 41 62 44 51 60 8 18 19 35 2 24 56 46 26 25 
46 12 39 11 38 25 10 20 36 31 26 45 28 35 31 20 15 17 27 44 16 32 52 42 20 26 41 23 28 40 23 36 28 45 42 33 8 30 21 17 25 35 35 38 28 43 29 26 28 0 40 51 34 11 20 26 39 45 30 42 31 33 9 34 33 13 53 33 23 44 23 45 23 8 27 20 40 29 9 23 
28 45 47 51 50 33 49 58 42 43 66 41 66 34 67 58 52 23 67 74 39 8 38 71 57 37 13 63 61 61 17 70 59 42 9 70 32 20 54 49 19 28 35 78 25 75 34 62 63 40 0 40 52 29 60 61 42 27 33 25 44 14 41 42 8 31 84 31 21 69 60 81 47 38 63 42 67 58 37 43 
68 46 24 54 28 26 52 56 20 75 71 7 60 16 80 68 66 48 71 57 63 43 3 53 70 68 27 67 79 41 37 87 48 9 31 82 44 56 72 68 51 65 16 73 24 61 67 77 79 51 40 0 81 41 60 77 78 67 67 64 75 28 45 22 43 39 67 67 31 50 72 94 71 44 78 67 49 46 57 70 
38 45 73 39 72 57 41 48 70 9 40 76 54 66 29 32 28 34 42 74 18 45 82 72 30 16 63 41 22 73 45 27 58 76 60 34 38 32 21 19 34 27 66 58 57 70 18 27 25 34 52 81 0 40 45 25 20 39 19 36 8 57 43 68 45 44 80 22 51 74 31 40 11 42 27 14 70 60 25 11 
40 16 33 22 33 17 20 29 30 36 37 36 37 26 42 31 26 10 38 48 22 21 42 46 31 29 30 34 39 39 12 47 32 36 31 44 3 24 32 27 18 31 26 49 17 48 30 37 39 11 29 41 40 0 31 37 41 39 30 36 36 22 12 28 22 4 58 31 12 45 34 56 30 9 38 26 42 32 16 29 
66 15 40 9 37 35 11 4 40 48 13 53 9 45 28 16 17 37 12 29 33 52 62 29 18 45 59 8 30 32 43 36 16 51 61 26 28 50 26 26 45 55 44 18 41 25 48 25 28 20 60 60 45 31 0 26 58 65 49 62 47 51 19 38 53 29 35 52 41 32 20 38 34 22 26 36 28 18 28 39 
59 32 61 24 59 51 26 30 60 31 16 71 33 61 6 10 11 38 18 54 23 53 78 55 8 33 67 18 4 58 48 10 42 71 67 11 34 46 7 12 43 47 61 34 54 50 37 2 2 26 61 77 25 37 26 0 42 59 38 56 30 59 32 58 54 39 60 42 49 58 6 20 17 33 2 22 54 44 24 23 
21 51 73 49 74 57 49 58 70 11 54 76 66 66 47 46 42 31 56 83 25 35 77 81 45 13 53 55 40 79 41 47 67 76 50 52 40 22 36 33 27 14 66 72 55 81 11 44 43 39 42 78 20 41 58 42 0 21 11 20 12 50 48 68 35 45 91 11 48 83 46 60 25 46 44 23 79 68 30 20 
1 54 68 56 70 52 55 65 64 30 68 66 73 58 65 60 54 29 69 86 36 24 65 84 58 26 40 66 58 78 33 65 70 66 36 70 40 15 52 47 21 12 58 83 47 86 22 61 61 45 27 67 39 39 65 59 21 0 21 3 31 39 50 63 24 43 96 17 40 84 61 78 42 47 61 37 81 71 38 36 
21 42 62 40 63 46 40 49 59 10 47 65 57 55 44 39 34 20 49 74 16 26 66 72 38 5 44 47 37 69 30 44 58 65 41 49 29 13 31 26 16 9 55 65 44 72 1 40 40 30 33 67 19 30 49 38 11 21 0 18 11 40 38 57 26 34 82 4 37 73 40 57 21 35 40 16 69 59 21 15 
4 51 65 53 67 49 52 62 61 27 65 63 70 55 62 57 51 26 66 83 33 21 63 81 55 23 38 63 55 75 30 62 67 63 34 67 37 12 49 44 18 9 55 80 44 83 19 58 58 42 25 64 36 36 62 56 20 3 18 0 28 36 47 60 21 40 93 14 37 81 58 75 39 44 58 34 78 68 35 33 
30 43 69 40 68 53 41 49 66 1 42 72 56 62 35 34 30 27 44 75 15 37 75 73 33 8 55 43 28 71 38 35 59 72 52 40 34 24 24 21 26 19 62 60 51 72 10 32 31 31 44 75 8 36 47 30 12 31 11 28 0 50 40 64 37 40 82 14 44 75 34 48 13 39 32 12 71 60 22 9 
40 36 33 42 37 20 40 49 28 49 59 27 57 20 64 53 48 23 59 61 40 15 27 58 53 42 8 55 60 48 12 69 48 28 10 66 25 28 53 48 24 37 21 69 12 63 40 59 61 33 14 28 57 22 51 59 50 39 40 36 50 0 32 29 15 22 71 39 10 56 56 78 49 29 60 44 54 46 36 46 
51 4 30 10 29 19 8 17 28 40 27 39 25 29 36 24 21 21 27 36 25 33 46 34 25 35 40 23 35 31 24 42 20 39 42 38 10 35 28 25 29 42 29 37 24 36 37 32 34 9 41 45 43 12 19 32 48 50 38 47 40 32 0 26 34 10 46 40 22 36 28 50 32 3 33 29 32 21 18 32 
64 26 5 34 8 11 32 34 2 64 51 15 38 10 60 48 47 37 50 36 50 40 25 32 50 57 34 46 61 20 30 68 26 13 38 62 30 49 54 51 43 57 9 51 17 40 57 57 60 34 42 22 68 28 38 58 68 63 57 60 64 29 26 0 40 24 46 58 23 29 52 74 57 26 58 54 28 24 43 57 
25 38 45 44 47 29 42 51 41 36 59 42 59 34 60 51 45 16 60 69 32 1 42 66 50 30 18 56 54 57 11 63 54 43 15 63 25 13 47 42 12 22 34 71 23 70 27 55 56 33 8 43 45 22 53 54 35 24 26 21 37 15 34 40 0 25 79 24 17 65 53 74 40 31 56 35 62 53 30 36 
44 14 29 20 29 13 18 27 26 40 37 33 35 23 44 33 28 14 37 44 26 24 40 42 33 33 30 33 41 35 14 49 29 33 32 46 6 28 34 30 22 35 23 47 15 45 34 39 41 13 31 39 44 4 29 39 45 43 34 40 40 22 10 24 25 0 54 35 12 41 36 58 33 7 40 30 38 28 19 33 
97 42 43 42 39 51 43 33 48 82 45 60 27 56 61 51 52 67 43 10 67 78 70 14 53 78 78 42 64 26 68 69 26 58 81 58 56 81 61 61 75 88 55 30 59 10 81 59 62 53 84 67 80 58 35 60 91 96 82 93 82 71 46 46 79 54 0 85 63 17 54 67 69 49 60 70 18 26 61 73 
17 44 63 43 64 47 43 52 60 13 51 65 60 55 48 43 38 21 53 76 20 24 66 74 42 9 42 51 41 70 30 48 60 65 39 53 31 11 35 30 16 5 55 69 44 75 5 44 44 33 31 67 22 31 52 42 11 17 4 14 14 39 40 58 24 35 85 0 37 76 44 61 25 38 44 20 72 61 24 19 
41 26 28 32 30 12 30 39 24 44 49 28 47 18 54 43 38 17 49 53 34 17 31 50 43 37 18 45 51 40 7 59 39 28 20 56 15 26 44 39 21 35 18 59 7 54 37 49 51 23 21 31 51 12 41 49 48 40 37 37 44 10 22 23 17 12 63 37 0 48 46 68 42 19 50 38 46 37 28 40 
85 32 26 35 22 36 34 28 31 75 44 43 25 39 60 48 48 55 42 8 60 64 53 4 50 70 63 40 62 9 54 68 16 41 66 58 45 69 57 55 63 76 38 34 44 14 73 57 60 44 69 50 74 45 32 58 83 84 73 81 75 56 36 29 65 41 17 76 48 0 52 68 63 38 58 63 4 15 53 66 
61 26 55 18 53 46 20 24 54 35 10 66 27 56 8 4 8 37 12 48 25 52 73 49 3 35 64 12 10 52 46 16 36 65 65 10 31 48 10 14 44 49 56 28 51 44 39 5 8 23 60 72 31 34 20 6 46 61 40 58 34 56 28 52 53 36 54 44 46 52 0 22 21 29 6 24 48 38 24 26 
78 48 77 40 75 68 42 42 76 49 25 88 43 78 14 26 30 58 26 63 43 73 95 65 25 52 86 30 20 69 68 13 53 87 87 12 53 66 27 32 63 66 78 37 73 58 56 19 18 45 81 94 40 56 38 20 60 78 57 75 48 78 50 74 74 58 67 61 68 68 22 0 36 51 18 41 64 55 44 42 
42 34 62 28 61 46 30 37 59 14 29 66 43 56 23 21 17 26 31 63 9 39 72 61 20 16 56 30 16 62 37 23 47 66 54 28 27 30 11 8 28 30 56 47 47 59 20 19 19 23 47 71 11 30 34 17 25 42 21 39 13 49 32 57 40 33 69 25 42 63 21 36 0 31 19 5 59 49 14 6 
48 7 31 13 30 18 11 20 28 39 30 38 28 28 37 26 22 18 30 39 24 30 45 37 26 33 37 26 36 34 21 43 23 38 39 39 7 32 29 25 26 39 28 40 22 39 35 33 35 8 38 44 42 9 22 33 46 47 35 44 39 29 3 26 31 7 49 38 19 38 29 51 31 0 34 28 34 24 17 31 
61 32 61 24 59 52 26 30 60 33 15 72 33 62 4 10 12 40 17 54 25 55 79 55 8 35 68 18 5 58 50 10 42 71 69 9 35 48 9 14 45 49 62 33 55 50 39 1 2 27 63 78 27 38 26 2 44 61 40 58 32 60 33 58 56 40 60 44 50 58 6 18 19 34 0 24 54 44 26 25 
37 32 59 28 58 43 29 37 56 12 31 62 45 52 28 23 19 21 33 63 4 34 68 61 22 11 51 32 21 60 32 28 47 62 49 33 24 25 15 10 23 25 52 49 43 60 15 24 24 20 42 67 14 26 36 22 23 37 16 34 12 44 29 54 35 30 70 20 38 63 24 41 5 28 24 0 59 48 11 3 
82 28 25 31 21 34 30 24 30 71 40 42 21 38 56 44 44 52 38 8 56 61 52 4 46 66 61 36 58 8 51 64 12 40 64 54 41 66 53 51 60 73 37 31 42 13 69 53 56 40 67 49 70 42 28 54 79 81 69 78 71 54 32 28 62 38 18 72 46 4 48 64 59 34 54 59 0 11 49 62 
72 17 24 21 20 27 19 14 26 60 31 39 14 33 46 34 34 42 29 16 45 52 49 14 36 55 54 26 48 14 42 54 2 37 56 44 31 56 43 41 50 63 32 27 35 17 58 43 46 29 58 46 60 32 18 44 68 71 59 68 60 46 21 24 53 28 26 61 37 15 38 55 49 24 44 48 11 0 38 51 
39 21 48 19 47 32 19 28 45 22 30 52 36 42 30 22 16 14 31 53 7 29 58 51 21 17 43 28 24 49 24 33 37 52 43 34 13 24 17 12 20 27 42 45 33 51 20 25 26 9 37 57 25 16 28 24 30 38 21 35 22 36 18 43 30 19 61 24 28 53 24 44 14 17 26 11 49 38 0 14 
36 35 62 31 61 46 32 40 59 9 34 65 48 55 29 26 22 23 36 66 7 35 71 64 25 10 53 35 22 63 34 29 50 65 50 34 27 25 16 13 24 24 55 52 46 63 14 25 25 23 43 70 11 29 39 23 20 36 15 33 9 46 32 57 36 33 73 19 40 66 26 42 6 31 25 3 62 51 14 0 
39
60
43
98
74
19
64
16
94
21
48
18
36
8
96
96
95
7
12
25
84
14
89
65
32
12
38
14
23
54
81
78
67
40
18
40
57
38
78
82
31
28
39
6
36
92
28
81
82
31
21
29
51
9
47
28
27
64
46
59
44
95
65
37
27
67
30
34
12
28
97
20
34
79
16
39
94
13
1
