70
0 46 79 62 63 41 82 51 82 47 49 75 74 82 75 57 38 70 66 97 85 51 62 43 114 70 67 8 51 99 78 76 66 87 130 59 55 79 45 45 64 89 43 81 53 83 74 75 25 81 77 73 65 13 65 65 69 75 81 81 70 80 54 74 64 103 83 63 74 74 
46 0 33 82 66 69 117 97 82 93 63 81 58 55 43 83 66 98 94 66 84 65 68 68 93 109 21 54 79 67 78 76 66 45 135 62 63 33 59 73 18 90 82 87 65 80 99 89 71 84 102 87 65 33 101 67 97 95 37 39 84 34 100 74 64 96 72 77 99 74 
79 33 0 89 68 72 119 95 84 91 58 95 91 25 49 86 69 100 96 68 60 56 93 71 116 104 54 87 82 73 80 78 68 35 137 64 68 66 62 76 51 92 77 93 70 96 102 92 95 86 104 90 67 66 73 100 99 97 43 41 75 67 98 76 66 113 62 57 77 76 
62 82 89 0 54 78 76 41 57 37 92 44 103 64 56 75 81 62 61 75 54 94 57 86 53 75 66 70 88 60 17 51 63 54 100 50 46 66 88 84 99 77 48 66 48 74 113 93 59 65 61 84 62 49 19 101 61 34 50 48 98 116 44 13 23 98 66 32 62 33 
63 66 68 54 0 68 73 64 53 60 76 72 82 43 28 70 70 69 71 54 44 74 65 75 81 83 45 71 78 52 45 53 54 33 123 4 8 43 77 63 76 64 56 68 10 36 92 74 38 26 62 105 53 76 73 91 68 62 29 27 93 82 67 41 51 92 44 22 61 61 
41 69 72 78 68 0 83 50 41 54 14 34 101 47 54 16 3 35 53 56 50 16 21 8 97 70 64 49 10 78 61 35 25 52 94 64 60 76 10 10 87 48 73 40 62 50 39 40 55 86 36 38 24 50 67 97 34 66 48 46 35 96 53 65 71 90 62 66 33 81 
82 117 119 76 73 83 0 105 76 109 97 94 90 94 85 71 86 92 88 105 101 99 104 91 103 105 96 90 73 90 67 70 58 84 129 69 65 96 93 93 129 103 78 85 67 37 122 123 95 91 91 114 59 95 95 99 91 84 80 78 118 83 106 63 53 108 101 79 88 63 
51 97 95 41 64 50 105 0 43 4 62 69 125 95 76 34 53 29 60 80 68 64 71 58 94 67 98 59 60 93 58 49 58 87 127 60 56 91 58 56 115 66 44 64 54 68 89 88 26 82 86 86 57 64 22 116 28 68 82 81 81 114 3 54 56 97 80 70 51 66 
82 82 84 57 53 41 76 43 0 39 55 53 98 59 51 40 44 16 24 67 59 57 40 49 86 50 61 90 51 75 50 6 18 49 87 49 45 73 51 43 100 72 47 21 43 73 80 81 61 70 77 79 17 83 38 107 15 25 45 43 76 116 46 46 56 61 71 37 57 63 
47 93 91 37 60 54 109 4 39 0 66 73 121 95 72 38 55 25 63 76 72 68 75 60 90 63 94 55 64 96 54 45 57 85 126 56 52 87 62 52 111 70 40 60 50 72 91 92 22 78 90 90 56 60 18 112 24 64 78 79 85 118 7 50 60 100 80 66 55 70 
49 63 58 92 76 14 97 62 55 66 0 48 100 33 57 28 11 43 67 70 62 2 35 13 111 81 67 57 24 81 75 49 39 43 89 72 74 79 4 18 81 60 71 54 76 62 44 34 69 94 50 32 38 58 81 91 42 80 51 49 21 97 65 79 74 104 70 80 45 79 
75 81 95 44 72 34 94 69 53 73 48 0 97 81 74 35 37 69 65 69 35 50 13 42 63 89 60 83 44 78 27 47 59 72 118 68 64 72 44 44 99 33 66 32 66 69 73 74 84 83 70 72 58 84 63 106 68 52 68 66 69 89 72 31 41 102 47 50 18 51 
74 58 91 103 82 101 90 125 98 121 100 97 0 71 59 104 98 111 110 58 100 102 84 96 130 132 37 82 111 83 94 92 82 61 151 78 79 49 96 91 76 124 105 103 81 107 65 66 99 100 118 103 81 61 122 9 110 111 53 55 121 92 128 90 80 123 88 93 109 90 
82 55 25 64 43 47 94 95 59 95 33 81 71 0 24 61 44 75 71 43 49 31 68 46 91 93 34 89 57 48 55 53 43 10 112 39 43 46 37 51 73 81 66 68 45 71 77 67 73 61 79 65 42 88 83 80 74 72 18 16 50 89 94 51 41 88 37 57 66 51 
75 43 49 56 28 54 85 76 51 72 57 74 59 24 0 57 51 67 63 35 53 55 69 56 83 85 22 81 64 24 47 45 35 14 104 24 20 34 58 44 61 84 58 60 22 48 73 84 50 46 71 85 34 76 64 68 66 64 6 8 74 77 79 43 33 64 41 34 70 43 
57 83 86 75 70 16 71 34 40 38 28 35 104 61 57 0 19 51 52 68 34 30 37 24 98 54 67 65 26 81 62 34 24 55 93 66 62 79 24 26 101 32 75 49 64 34 55 54 60 88 52 52 23 66 56 111 50 57 51 49 49 80 37 66 74 89 46 56 17 84 
38 66 69 81 70 3 86 53 44 55 11 37 98 44 51 19 0 32 56 59 53 13 24 5 100 70 61 46 13 75 64 38 28 49 92 66 63 73 7 7 84 51 76 43 65 53 36 37 58 88 39 35 27 47 70 94 31 69 45 43 32 99 56 68 68 93 65 69 36 78 
70 98 100 62 69 35 92 29 16 25 43 69 111 75 67 51 32 0 40 53 75 45 56 37 102 40 77 78 45 91 66 22 34 65 103 65 61 89 39 27 116 83 63 37 59 85 68 69 47 86 71 67 33 67 43 102 1 41 61 59 64 131 32 62 72 77 87 53 68 79 
66 94 96 61 71 53 88 60 24 63 67 65 110 71 63 52 56 40 0 82 71 69 52 61 80 50 73 74 63 66 44 18 30 61 99 67 63 85 63 63 112 84 23 33 65 86 92 93 41 82 86 90 29 79 50 119 39 49 57 55 73 128 63 48 48 37 63 49 69 39 
97 66 68 75 54 56 105 80 67 76 70 69 58 43 35 68 59 53 82 0 68 72 77 64 102 91 45 100 66 59 66 64 54 33 123 50 54 57 66 63 84 66 77 79 56 82 92 96 84 72 60 94 53 99 94 49 52 83 29 27 91 100 83 62 52 99 60 68 51 62 
85 84 60 54 44 50 101 68 59 72 62 35 100 49 53 34 53 75 71 68 0 64 48 58 81 79 63 93 60 77 45 53 58 39 127 40 36 71 58 60 102 32 52 67 38 64 89 88 66 55 86 86 57 98 73 100 74 57 47 45 83 88 71 41 51 108 12 22 17 61 
51 65 56 94 74 16 99 64 57 68 2 50 102 31 55 30 13 45 69 72 64 0 37 15 113 83 65 59 26 79 77 51 41 41 91 70 74 77 6 20 83 62 69 56 76 64 46 36 71 92 52 34 40 60 83 93 44 82 49 47 19 99 67 81 72 106 68 82 47 77 
62 68 93 57 65 21 104 71 40 75 35 13 84 68 69 37 24 56 52 77 48 37 0 29 76 78 47 70 31 67 40 34 46 71 115 61 57 59 31 31 86 46 75 19 59 71 60 61 76 83 57 59 45 71 66 93 55 65 63 65 56 102 74 44 54 89 60 63 31 64 
43 68 71 86 75 8 91 58 49 60 13 42 96 46 56 24 5 37 61 64 58 15 29 0 105 75 66 51 18 80 69 43 33 54 94 71 68 78 9 12 86 56 81 48 70 58 31 39 63 93 44 37 32 52 75 96 36 74 50 48 34 102 61 73 73 98 70 74 41 83 
114 93 116 53 81 97 103 94 86 90 111 63 130 91 83 98 100 102 80 102 81 113 76 105 0 102 93 106 107 87 36 90 102 81 127 77 73 93 107 107 111 96 75 95 75 101 136 120 93 92 88 111 101 102 72 139 101 61 77 75 125 127 97 40 50 117 93 59 81 60 
70 109 104 75 83 70 105 67 50 63 81 89 132 93 85 54 70 40 50 91 79 83 78 75 102 0 95 78 80 89 66 44 56 83 125 79 75 95 77 67 127 86 27 59 73 88 106 107 45 101 90 105 55 83 76 135 39 75 79 77 77 134 70 62 52 87 67 75 71 62 
67 21 54 66 45 64 96 98 61 94 67 60 37 34 22 67 61 77 73 45 63 65 47 66 93 95 0 75 74 46 57 55 45 24 114 41 42 12 68 54 39 93 68 66 44 70 83 94 72 63 81 96 44 54 85 46 76 74 16 18 84 55 96 53 43 86 51 56 78 53 
8 54 87 70 71 49 90 59 90 55 57 83 82 89 81 65 46 78 74 100 93 59 70 51 106 78 75 0 59 93 70 84 74 79 133 67 63 87 53 53 72 97 51 89 61 91 82 83 33 89 85 81 73 21 73 73 77 83 75 73 78 88 62 66 56 111 91 71 82 66 
51 79 82 88 78 10 73 60 51 64 24 44 111 57 64 26 13 45 63 66 60 26 31 18 107 80 74 59 0 88 71 45 35 62 104 74 70 86 20 20 97 58 83 50 72 49 49 50 65 96 46 48 34 60 77 107 44 76 58 56 45 95 63 75 81 100 72 76 43 91 
99 67 73 60 52 78 90 93 75 96 81 78 83 48 24 81 75 91 66 59 77 79 67 80 87 89 46 93 88 0 51 69 59 38 114 48 44 58 82 68 85 108 62 84 46 72 97 108 74 70 75 61 58 100 79 92 90 68 30 32 98 101 90 47 37 40 65 58 94 27 
78 78 80 17 45 61 67 58 50 54 75 27 94 55 47 62 64 66 44 66 45 77 40 69 36 66 57 70 71 51 0 54 66 45 91 41 37 57 71 71 90 60 39 59 39 65 100 84 57 56 52 75 65 66 36 103 65 25 41 39 89 111 61 4 14 81 57 23 45 24 
76 76 78 51 53 35 70 49 6 45 49 47 92 53 45 34 38 22 18 64 53 51 34 43 90 44 55 84 45 69 54 0 12 43 81 49 45 67 45 45 94 66 41 15 47 68 74 75 59 64 71 73 11 85 32 101 21 31 39 37 70 110 52 50 60 55 65 31 51 57 
66 66 68 63 54 25 58 58 18 57 39 59 82 43 35 24 28 34 30 54 58 41 46 33 102 56 45 74 35 59 66 12 0 33 71 50 54 57 35 35 84 56 53 27 56 58 64 65 71 72 61 63 1 75 44 91 33 43 29 27 60 100 61 62 52 67 60 43 41 62 
87 45 35 54 33 52 84 87 49 85 43 72 61 10 14 55 49 65 61 33 39 41 71 54 81 83 24 79 62 38 45 43 33 0 102 29 33 36 47 42 63 71 56 58 35 61 71 77 63 51 69 75 32 78 73 70 64 62 8 6 60 79 84 41 31 78 27 47 56 41 
130 135 137 100 123 94 129 127 87 126 89 118 151 112 104 93 92 103 99 123 127 91 115 94 127 125 114 133 104 114 91 81 71 102 0 119 120 120 85 99 153 125 102 96 122 127 125 115 120 139 115 113 70 136 113 160 102 108 98 96 110 169 130 87 77 136 129 106 110 87 
59 62 64 50 4 64 69 60 49 56 72 68 78 39 24 66 66 65 67 50 40 70 61 71 77 79 41 67 74 48 41 49 50 29 119 0 4 39 73 59 72 60 52 64 6 32 88 78 34 22 66 101 49 72 69 87 64 58 25 23 89 78 63 37 47 88 40 18 57 57 
55 63 68 46 8 60 65 56 45 52 74 64 79 43 20 62 63 61 63 54 36 74 57 68 73 75 42 63 70 44 37 45 54 33 120 4 0 35 70 63 68 64 48 60 2 28 92 82 30 26 70 98 53 68 65 88 60 54 26 27 93 74 59 33 43 84 36 14 53 53 
79 33 66 66 43 76 96 91 73 87 79 72 49 46 34 79 73 89 85 57 71 77 59 78 93 95 12 87 86 58 57 67 57 36 120 39 35 0 80 66 33 99 68 78 37 63 95 106 65 61 81 104 56 66 85 58 88 74 28 30 96 67 94 53 43 98 63 49 88 53 
45 59 62 88 77 10 93 58 51 62 4 44 96 37 58 24 7 39 63 66 58 6 31 9 107 77 68 53 20 82 71 45 35 47 85 73 70 80 0 14 77 56 75 50 72 58 40 30 65 95 46 28 34 54 77 87 38 76 52 50 25 93 61 75 75 100 70 76 41 79 
45 73 76 84 63 10 93 56 43 52 18 44 91 51 44 26 7 27 63 63 60 20 31 12 107 67 54 53 20 68 71 45 35 42 99 59 63 66 14 0 91 58 83 50 65 60 43 44 65 81 46 42 34 40 70 92 28 68 38 36 39 106 59 71 61 86 69 76 43 71 
64 18 51 99 76 87 129 115 100 111 81 99 76 73 61 101 84 116 112 84 102 83 86 86 111 127 39 72 97 85 90 94 84 63 153 72 68 33 77 91 0 108 100 105 70 96 117 107 89 94 114 105 83 51 118 85 115 107 55 57 102 52 118 86 76 78 90 82 97 86 
89 90 92 77 64 48 103 66 72 70 60 33 124 81 84 32 51 83 84 66 32 62 46 56 96 86 93 97 58 108 60 66 56 71 125 60 64 99 56 58 108 0 84 65 66 66 87 86 92 82 84 84 55 98 88 115 82 55 79 77 81 56 69 64 74 121 44 54 15 84 
43 82 77 48 56 73 78 44 47 40 71 66 105 66 58 75 76 63 23 77 52 69 75 81 75 27 68 51 83 62 39 41 53 56 102 52 48 68 75 83 100 84 0 56 46 76 112 105 18 74 63 86 52 56 58 108 62 56 52 50 50 116 47 35 25 60 40 54 69 35 
81 87 93 66 68 40 85 64 21 60 54 32 103 68 60 49 43 37 33 79 67 56 19 48 95 59 66 89 50 84 59 15 27 58 96 64 60 78 50 50 105 65 56 0 62 83 79 80 74 79 76 78 26 90 47 112 36 46 54 52 75 121 67 63 73 70 79 46 50 72 
53 65 70 48 10 62 67 54 43 50 76 66 81 45 22 64 65 59 65 56 38 76 59 70 75 73 44 61 72 46 39 47 56 35 122 6 2 37 72 65 70 66 46 62 0 30 94 84 28 28 72 100 55 66 67 90 58 56 28 29 95 76 57 35 45 86 34 16 55 55 
83 80 96 74 36 50 37 68 73 72 62 69 107 71 48 34 53 85 86 82 64 64 71 58 101 88 70 91 49 72 65 68 58 61 127 32 28 63 58 60 96 66 76 83 30 0 89 88 58 54 86 86 57 96 90 116 84 82 54 55 83 46 71 61 71 112 64 42 51 81 
74 99 102 113 92 39 122 89 80 91 44 73 65 77 73 55 36 68 92 92 89 46 60 31 136 106 83 82 49 97 100 74 64 71 125 88 92 95 40 43 117 87 112 79 94 89 0 70 94 110 75 68 63 83 106 74 67 105 67 65 65 133 92 100 90 129 98 105 72 100 
75 89 92 93 74 40 123 88 81 92 34 74 66 67 84 54 37 69 93 96 88 36 61 39 120 107 94 83 50 108 84 75 65 77 115 78 82 106 30 44 107 86 105 80 84 88 70 0 95 100 76 58 64 84 107 57 68 101 78 80 55 123 91 80 90 130 100 96 71 100 
25 71 95 59 38 55 95 26 61 22 69 84 99 73 50 60 58 47 41 84 66 71 76 63 93 45 72 33 65 74 57 59 71 63 120 34 30 65 65 65 89 92 18 74 28 58 94 95 0 56 81 93 70 38 40 90 46 50 56 57 68 104 29 53 43 78 58 44 77 53 
81 84 86 65 26 86 91 82 70 78 94 83 100 61 46 88 88 86 82 72 55 92 83 93 92 101 63 89 96 70 56 64 72 51 139 22 26 61 95 81 94 82 74 79 28 54 110 100 56 0 88 123 71 94 84 109 85 73 47 45 111 100 85 52 62 110 62 33 72 72 
77 102 104 61 62 36 91 86 77 90 50 70 118 79 71 52 39 71 86 60 86 52 57 44 88 90 81 85 46 75 52 71 61 69 115 66 70 81 46 46 114 84 63 76 72 86 75 76 81 88 0 74 60 86 80 109 70 69 65 63 71 132 89 48 38 115 96 67 69 48 
73 87 90 84 105 38 114 86 79 90 32 72 103 65 85 52 35 67 90 94 86 34 59 37 111 105 96 81 48 61 75 73 63 75 113 101 98 104 28 42 105 84 86 78 100 86 68 58 93 123 74 0 62 82 103 112 66 92 80 78 53 121 89 71 61 101 98 90 69 51 
65 65 67 62 53 24 59 57 17 56 38 58 81 42 34 23 27 33 29 53 57 40 45 32 101 55 44 73 34 58 65 11 1 32 70 49 53 56 34 34 83 55 52 26 55 57 63 64 70 71 60 62 0 74 43 90 32 42 28 26 59 99 60 61 51 66 59 42 40 61 
13 33 66 49 76 50 95 64 83 60 58 84 61 88 76 66 47 67 79 99 98 60 71 52 102 83 54 21 60 100 66 85 75 78 136 72 68 66 54 40 51 98 56 90 66 96 83 84 38 94 86 82 74 0 68 52 68 83 70 72 79 67 67 62 72 116 96 76 83 82 
65 101 73 19 73 67 95 22 38 18 81 63 122 83 64 56 70 43 50 94 73 83 66 75 72 76 85 73 77 79 36 32 44 73 113 69 65 85 77 70 118 88 58 47 67 90 106 107 40 84 80 103 43 68 0 120 42 53 69 67 102 135 25 32 42 87 85 51 73 52 
65 67 100 101 91 97 99 116 107 112 91 106 9 80 68 111 94 102 119 49 100 93 93 96 139 135 46 73 107 92 103 101 91 70 160 87 88 58 87 92 85 115 108 112 90 116 74 57 90 109 109 112 90 52 120 0 101 120 62 64 112 101 119 99 89 132 88 102 100 99 
69 97 99 61 68 34 91 28 15 24 42 68 110 74 66 50 31 1 39 52 74 44 55 36 101 39 76 77 44 90 65 21 33 64 102 64 60 88 38 28 115 82 62 36 58 84 67 68 46 85 70 66 32 68 42 101 0 40 60 58 63 130 31 61 71 76 86 52 67 78 
75 95 97 34 62 66 84 68 25 64 80 52 111 72 64 57 69 41 49 83 57 82 65 74 61 75 74 83 76 68 25 31 43 62 108 58 54 74 76 68 107 55 56 46 56 82 105 101 50 73 69 92 42 83 53 120 40 0 58 56 101 111 71 21 31 86 69 40 40 41 
81 37 43 50 29 48 80 82 45 78 51 68 53 18 6 51 45 61 57 29 47 49 63 50 77 79 16 75 58 30 41 39 29 8 98 25 26 28 52 38 55 79 52 54 28 54 67 78 56 47 65 80 28 70 69 62 60 58 0 2 68 71 80 37 27 70 35 40 64 37 
81 39 41 48 27 46 78 81 43 79 49 66 55 16 8 49 43 59 55 27 45 47 65 48 75 77 18 73 56 32 39 37 27 6 96 23 27 30 50 36 57 77 50 52 29 55 65 80 57 45 63 78 26 72 67 64 58 56 2 0 66 73 78 35 25 72 33 41 62 35 
70 84 75 98 93 35 118 81 76 85 21 69 121 50 74 49 32 64 73 91 83 19 56 34 125 77 84 78 45 98 89 70 60 60 110 89 93 96 25 39 102 81 50 75 95 83 65 55 68 111 71 53 59 79 102 112 63 101 68 66 0 118 84 85 75 110 87 101 66 85 
80 34 67 116 82 96 83 114 116 118 97 89 92 89 77 80 99 131 128 100 88 99 102 102 127 134 55 88 95 101 111 110 100 79 169 78 74 67 93 106 52 56 116 121 76 46 133 123 104 100 132 121 99 67 135 101 130 111 71 73 118 0 117 107 98 130 100 88 71 108 
54 100 98 44 67 53 106 3 46 7 65 72 128 94 79 37 56 32 63 83 71 67 74 61 97 70 96 62 63 90 61 52 61 84 130 63 59 94 61 59 118 69 47 67 57 71 92 91 29 85 89 89 60 67 25 119 31 71 80 78 84 117 0 57 53 100 83 73 54 63 
74 74 76 13 41 65 63 54 46 50 79 31 90 51 43 66 68 62 48 62 41 81 44 73 40 62 53 66 75 47 4 50 62 41 87 37 33 53 75 71 86 64 35 63 35 61 100 80 53 52 48 71 61 62 32 99 61 21 37 35 85 107 57 0 10 85 53 19 49 20 
64 64 66 23 51 71 53 56 56 60 74 41 80 41 33 74 68 72 48 52 51 72 54 73 50 52 43 56 81 37 14 60 52 31 77 47 43 43 75 61 76 74 25 73 45 71 90 90 43 62 38 61 51 72 42 89 71 31 27 25 75 98 53 10 0 77 58 29 59 10 
103 96 113 98 92 90 108 97 61 100 104 102 123 88 64 89 93 77 37 99 108 106 89 98 117 87 86 111 100 40 81 55 67 78 136 88 84 98 100 86 78 121 60 70 86 112 129 130 78 110 115 101 66 116 87 132 76 86 70 72 110 130 100 85 77 0 100 86 106 67 
83 72 62 66 44 62 101 80 71 80 70 47 88 37 41 46 65 87 63 60 12 68 60 70 93 67 51 91 72 65 57 65 60 27 129 40 36 63 70 69 90 44 40 79 34 64 98 100 58 62 96 98 59 96 85 88 86 69 35 33 87 100 83 53 58 100 0 34 29 68 
63 77 57 32 22 66 79 70 37 66 80 50 93 57 34 56 69 53 49 68 22 82 63 74 59 75 56 71 76 58 23 31 43 47 106 18 14 49 76 76 82 54 54 46 16 42 105 96 44 33 67 90 42 76 51 102 52 40 40 41 101 88 73 19 29 86 34 0 39 39 
74 99 77 62 61 33 88 51 57 55 45 18 109 66 70 17 36 68 69 51 17 47 31 41 81 71 78 82 43 94 45 51 41 56 110 57 53 88 41 43 97 15 69 50 55 51 72 71 77 72 69 69 40 83 73 100 67 40 64 62 66 71 54 49 59 106 29 39 0 69 
74 74 76 33 61 81 63 66 63 70 79 51 90 51 43 84 78 79 39 62 61 77 64 83 60 62 53 66 91 27 24 57 62 41 87 57 53 53 79 71 86 84 35 72 55 81 100 100 53 72 48 51 61 82 52 99 78 41 37 35 85 108 63 20 10 67 68 39 69 0 
8
57
9
3
56
85
98
80
90
7
67
41
94
2
92
6
13
23
25
38
93
25
56
4
6
67
97
69
61
9
100
11
31
78
82
35
40
12
12
74
49
44
14
13
58
88
89
98
8
81
77
29
77
56
91
66
39
17
83
35
99
25
35
43
91
60
28
71
30
