65
0 66 27 93 87 23 64 57 100 86 105 135 104 80 53 103 87 89 108 58 56 31 96 62 69 86 70 61 39 55 60 28 24 98 27 13 42 99 58 64 66 72 84 29 67 49 113 79 73 2 22 34 37 5 50 74 99 58 56 83 57 79 70 73 67 
66 0 68 51 94 43 44 51 55 46 60 162 66 87 92 63 72 107 98 51 10 54 104 17 10 106 64 120 84 76 95 90 65 53 89 72 81 62 97 78 107 27 97 79 71 99 68 80 33 64 63 55 103 71 116 95 92 124 77 87 98 77 132 94 87 
27 68 0 93 65 50 81 74 103 65 101 157 77 75 50 108 114 86 109 31 72 48 93 65 58 59 87 78 42 34 33 55 3 94 54 30 39 72 75 43 39 75 57 46 40 66 113 106 78 29 39 13 54 22 67 64 72 75 35 56 30 96 97 63 41 
93 51 93 0 125 94 75 82 85 77 41 174 97 118 92 94 103 128 147 84 61 105 99 48 41 126 95 123 78 101 120 67 90 48 66 106 81 113 129 109 103 57 92 110 102 130 99 111 64 91 114 80 130 98 142 108 125 140 102 118 119 128 109 109 134 
87 94 65 125 0 106 72 79 115 50 104 168 70 89 62 91 111 98 117 96 104 113 105 77 84 96 92 93 48 89 70 61 68 99 60 95 51 57 126 82 104 87 55 105 25 125 98 112 61 85 104 77 119 87 129 39 130 121 88 41 67 155 103 38 106 
23 43 50 94 106 0 87 80 98 85 103 154 105 99 72 106 106 108 119 74 33 54 115 60 53 106 93 84 58 44 63 47 47 96 46 36 61 105 81 53 89 70 93 52 90 72 111 98 76 21 45 57 60 28 73 93 115 81 45 106 66 102 89 92 44 
64 44 81 75 72 87 0 7 65 24 70 136 44 43 65 41 69 85 136 77 54 65 80 27 34 99 20 99 67 65 82 61 78 63 60 51 64 81 54 56 118 37 89 35 49 55 78 77 11 66 60 79 91 59 104 73 118 112 64 65 85 85 103 72 94 
57 51 74 82 79 80 7 0 72 31 77 139 51 36 58 48 62 92 134 84 61 58 73 34 41 92 13 92 65 70 89 54 71 70 53 44 68 88 57 63 113 44 96 28 56 48 85 70 18 59 53 81 84 52 97 80 125 105 71 72 90 78 96 79 87 
100 55 103 85 115 98 65 72 0 67 81 183 87 108 127 84 93 128 108 88 65 109 125 38 45 107 85 158 119 108 125 126 100 74 125 113 116 117 119 99 129 28 118 100 92 120 89 101 54 102 105 90 137 105 149 116 129 157 107 108 128 132 168 115 142 
86 46 65 77 50 85 24 31 67 0 72 142 20 67 89 43 61 87 116 74 56 73 104 29 36 118 44 121 91 41 58 85 68 65 84 73 88 57 78 32 104 39 65 59 25 79 80 69 13 88 64 62 82 81 82 49 115 90 40 41 61 109 127 48 104 
105 60 101 41 104 103 70 77 81 72 0 188 79 95 117 89 98 125 158 93 70 114 58 43 50 132 90 99 115 98 81 108 104 7 107 118 112 122 124 89 62 53 51 103 91 123 94 106 59 107 110 95 142 110 139 67 134 147 97 107 78 125 150 68 142 
135 162 157 174 168 154 136 139 183 142 188 0 162 125 134 159 166 170 189 128 169 138 162 145 152 168 152 165 120 153 172 107 154 181 108 127 123 199 82 152 196 155 171 111 167 131 196 158 129 133 136 149 167 135 180 155 169 182 154 183 173 161 151 154 170 
104 66 77 97 70 105 44 51 87 20 79 162 0 87 73 63 41 107 136 94 76 93 124 49 56 107 64 126 87 61 50 86 80 85 85 93 84 77 98 52 116 59 74 79 45 99 100 49 33 106 84 82 102 99 102 69 135 110 60 61 47 129 128 68 118 
80 87 75 118 89 99 43 36 108 67 95 125 87 0 49 84 98 85 110 89 97 94 37 70 77 83 49 80 41 85 91 54 72 88 53 80 38 124 43 94 114 80 115 64 92 84 121 105 54 78 89 64 117 85 116 100 117 108 86 108 88 114 96 99 116 
53 92 50 92 62 72 65 58 127 89 117 134 73 49 0 106 86 58 83 81 102 84 65 89 82 34 45 53 14 58 42 27 47 110 26 66 11 113 92 67 89 99 66 82 81 102 121 78 76 51 75 37 80 58 67 73 68 59 59 97 39 99 69 72 91 
103 63 108 94 91 106 41 48 84 43 89 159 63 84 106 0 101 104 116 96 73 90 106 46 53 135 61 138 108 84 101 102 108 82 101 90 105 100 95 75 137 56 86 76 68 96 97 109 30 105 81 98 125 98 125 70 137 133 83 84 104 126 144 69 95 
87 72 114 103 111 106 69 62 93 61 98 166 41 98 86 101 0 122 141 105 82 118 129 55 62 120 49 117 72 102 91 59 111 91 60 100 75 118 119 93 146 65 115 90 86 110 106 8 71 85 109 101 119 92 106 107 146 114 101 102 88 140 103 106 133 
89 107 86 128 98 108 85 92 128 87 125 170 107 85 58 104 122 0 119 117 117 120 101 90 97 92 103 89 50 94 100 63 83 118 62 102 47 144 128 103 125 100 124 118 112 138 141 114 74 87 111 73 98 94 85 109 126 93 95 128 97 157 105 108 127 
108 98 109 147 117 119 136 134 108 116 158 189 136 110 83 116 141 119 0 112 88 132 126 115 108 117 128 98 69 75 94 82 106 151 81 121 72 160 146 84 148 125 124 117 139 137 166 133 129 106 130 96 129 113 116 128 151 124 76 138 97 167 124 127 150 
58 51 31 84 96 74 77 84 88 74 93 128 94 89 81 96 105 117 112 0 41 79 124 50 43 90 97 109 73 65 64 86 34 86 85 61 70 72 46 74 70 60 88 75 71 95 101 113 66 60 70 44 85 53 98 95 41 106 66 87 61 125 128 94 72 
56 10 72 61 104 33 54 61 65 56 70 169 76 97 102 73 82 117 88 41 0 44 114 27 20 116 74 110 91 77 93 80 75 63 79 62 91 72 87 86 111 37 107 74 81 94 78 90 43 54 53 65 93 61 106 105 82 114 78 97 90 87 122 104 77 
31 54 48 105 113 54 65 58 109 73 114 138 93 94 84 90 118 120 132 79 44 0 127 71 64 101 71 66 70 68 49 59 45 107 58 18 73 116 59 75 87 81 73 30 88 50 122 110 60 33 9 55 58 26 71 83 120 79 67 104 46 80 82 84 89 
96 104 93 99 105 115 80 73 125 104 58 162 124 37 65 106 129 101 126 124 114 127 0 87 94 99 86 96 57 101 107 70 90 51 69 109 54 136 80 110 106 97 95 101 104 121 138 121 91 94 118 80 133 101 132 80 133 124 102 120 104 151 112 81 134 
62 17 65 48 77 60 27 34 38 29 43 145 49 70 89 46 55 90 115 50 27 71 87 0 7 89 47 120 81 70 87 88 62 36 87 75 78 79 81 61 91 10 80 62 54 82 51 63 16 64 67 52 99 67 111 78 91 119 69 70 90 94 130 77 104 
69 10 58 41 84 53 34 41 45 36 50 152 56 77 82 53 62 97 108 43 20 64 94 7 0 96 54 113 74 66 85 87 55 43 86 82 71 72 88 68 97 17 87 69 61 89 58 70 23 71 73 45 106 74 107 85 84 115 67 77 88 87 129 84 97 
86 106 59 126 96 106 99 92 107 118 132 168 107 83 34 135 120 92 117 90 116 101 99 89 96 0 79 87 48 92 76 61 62 125 60 89 45 120 126 101 98 79 100 105 99 87 87 112 105 85 92 71 113 81 101 107 102 93 93 115 73 65 103 106 100 
70 64 87 95 92 93 20 13 85 44 90 152 64 49 45 61 49 103 128 97 74 71 86 47 54 79 0 98 59 83 87 67 84 83 66 57 56 101 70 76 126 57 109 41 69 61 98 57 31 72 66 82 97 65 110 93 113 104 84 85 84 91 109 92 100 
61 120 78 123 93 84 99 92 158 121 99 165 126 80 53 138 117 89 98 109 110 66 96 120 113 87 98 0 45 89 95 58 75 106 57 48 42 132 93 98 117 130 119 64 100 84 171 109 108 63 57 68 88 56 101 104 121 109 90 84 92 113 66 103 119 
39 84 42 78 48 58 67 65 119 91 115 120 87 41 14 108 72 50 69 73 91 70 57 81 74 48 59 45 0 50 56 13 39 108 12 52 3 105 84 59 81 91 75 68 73 88 132 64 78 37 61 29 76 44 81 59 82 73 51 89 53 113 55 58 83 
55 76 34 101 89 44 65 70 108 41 98 153 61 85 58 84 102 94 75 65 77 68 101 70 66 92 83 89 50 0 19 63 31 91 62 58 47 96 71 9 73 80 49 42 64 62 99 110 54 57 59 21 54 50 41 65 106 49 1 63 22 92 105 66 75 
60 95 33 120 70 63 82 89 125 58 81 172 50 91 42 101 91 100 94 64 93 49 107 87 85 76 87 95 56 19 0 69 36 74 68 49 53 77 90 26 72 97 30 61 45 81 118 99 71 62 40 40 73 55 60 46 105 68 18 61 3 111 111 47 74 
28 90 55 67 61 47 61 54 126 85 108 107 86 54 27 102 59 63 82 86 80 59 70 88 87 61 67 58 13 63 69 0 52 108 1 41 16 102 86 72 94 98 64 57 70 77 139 51 72 26 50 42 65 33 78 48 95 75 64 86 66 104 44 47 91 
24 65 3 90 68 47 78 71 100 68 104 154 80 72 47 108 111 83 106 34 75 45 90 62 55 62 84 75 39 31 36 52 0 97 51 27 36 75 72 40 42 72 60 43 43 63 113 103 78 26 36 10 51 19 64 67 75 72 32 59 33 93 94 66 44 
98 53 94 48 99 96 63 70 74 65 7 181 85 88 110 82 91 118 151 86 63 107 51 36 43 125 83 106 108 91 74 108 97 0 107 111 105 115 117 82 55 46 44 98 84 118 87 99 52 100 103 88 135 103 132 60 127 140 90 100 71 118 150 61 135 
27 89 54 66 60 46 60 53 125 84 107 108 85 53 26 101 60 62 81 85 79 58 69 87 86 60 66 57 12 62 68 1 51 107 0 40 15 101 85 71 93 97 63 56 69 76 138 52 71 25 49 41 64 32 77 47 94 74 63 85 65 103 43 46 90 
13 72 30 106 95 36 51 44 113 73 118 127 93 80 66 90 100 102 121 61 62 18 109 75 82 89 57 48 52 58 49 41 27 111 40 0 55 102 45 67 69 85 73 16 70 36 126 92 60 15 9 37 40 8 53 87 102 61 59 86 46 66 82 86 71 
42 81 39 81 51 61 64 68 116 88 112 123 84 38 11 105 75 47 72 70 91 73 54 78 71 45 56 42 3 47 53 16 36 105 15 55 0 108 81 56 78 88 77 71 76 91 129 67 75 40 64 26 79 47 78 62 79 70 48 92 50 110 58 61 80 
99 62 72 113 57 105 81 88 117 57 122 199 77 124 113 100 118 144 160 72 72 116 136 79 72 120 101 132 105 96 77 102 75 115 101 102 108 0 118 89 111 89 72 112 32 132 105 126 70 101 111 85 126 94 137 56 113 145 95 48 74 139 144 55 113 
58 97 75 129 126 81 54 57 119 78 124 82 98 43 92 95 119 128 146 46 87 59 80 81 88 126 70 93 84 71 90 86 72 117 85 45 81 118 0 80 114 91 118 29 103 49 132 127 65 60 54 82 85 53 98 127 87 106 72 119 91 79 127 126 88 
64 78 43 109 82 53 56 63 99 32 89 152 52 94 67 75 93 103 84 74 86 75 110 61 68 101 76 98 59 9 26 72 40 82 71 67 56 89 80 0 82 71 56 51 57 71 108 101 45 66 66 30 63 59 50 72 115 58 8 72 29 101 114 73 72 
66 107 39 103 104 89 118 113 129 104 62 196 116 114 89 137 146 125 148 70 111 87 106 91 97 98 126 117 81 73 72 94 42 55 93 69 78 111 114 82 0 101 96 85 79 93 142 145 107 68 78 52 93 61 106 103 111 114 74 95 69 63 123 102 80 
72 27 75 57 87 70 37 44 28 39 53 155 59 80 99 56 65 100 125 60 37 81 97 10 17 79 57 130 91 80 97 98 72 46 97 85 88 89 91 71 101 0 90 72 64 92 61 73 26 74 77 62 109 77 121 88 101 129 79 80 100 104 140 87 114 
84 97 57 92 55 93 89 96 118 65 51 171 74 115 66 86 115 124 124 88 107 73 95 80 87 100 109 119 75 49 30 64 60 44 63 73 77 72 118 56 96 90 0 89 40 107 113 115 78 86 64 70 99 79 90 16 129 98 48 56 27 137 106 17 98 
29 79 46 110 105 52 35 28 100 59 103 111 79 64 82 76 90 118 117 75 74 30 101 62 69 105 41 64 68 42 61 57 43 98 56 16 71 112 29 51 85 72 89 0 80 20 113 98 46 31 25 53 56 24 69 103 116 77 43 96 62 50 98 102 59 
67 71 40 102 25 90 49 56 92 25 91 167 45 92 81 68 86 112 139 71 81 88 104 54 61 99 69 100 73 64 45 70 43 84 69 70 76 32 103 57 79 64 40 80 0 100 73 94 38 69 79 53 94 62 105 24 112 113 63 16 42 130 112 23 81 
49 99 66 130 125 72 55 48 120 79 123 131 99 84 102 96 110 138 137 95 94 50 121 82 89 87 61 84 88 62 81 77 63 118 76 36 91 132 49 71 93 92 107 20 100 0 133 118 66 51 45 73 76 44 89 123 136 97 63 116 80 30 90 122 39 
113 68 113 99 98 111 78 85 89 80 94 196 100 121 121 97 106 141 166 101 78 122 138 51 58 87 98 171 132 99 118 139 113 87 138 126 129 105 132 108 142 61 113 113 73 133 0 114 67 115 118 103 150 118 140 97 142 148 100 89 115 145 150 96 154 
79 80 106 111 112 98 77 70 101 69 106 158 49 105 78 109 8 114 133 113 90 110 121 63 70 112 57 109 64 110 99 51 103 99 52 92 67 126 127 101 145 73 115 98 94 118 114 0 79 77 101 93 116 84 114 99 146 122 109 110 96 148 95 98 141 
73 33 78 64 61 76 11 18 54 13 59 129 33 54 76 30 71 74 129 66 43 60 91 16 23 105 31 108 78 54 71 72 78 52 71 60 75 70 65 45 107 26 78 46 38 66 67 79 0 75 51 68 95 68 95 62 107 103 53 54 74 96 114 61 105 
2 64 29 91 85 21 66 59 102 88 107 133 106 78 51 105 85 87 106 60 54 33 94 64 71 85 72 63 37 57 62 26 26 100 25 15 40 101 60 66 68 74 86 31 69 51 115 77 75 0 24 36 39 7 52 72 101 60 58 85 59 81 68 71 65 
22 63 39 114 104 45 60 53 105 64 110 136 84 89 75 81 109 111 130 70 53 9 118 67 73 92 66 57 61 59 40 50 36 103 49 9 64 111 54 66 78 77 64 25 79 45 118 101 51 24 0 46 49 17 62 80 111 70 58 95 37 75 73 81 80 
34 55 13 80 77 57 79 81 90 62 95 149 82 64 37 98 101 73 96 44 65 55 80 52 45 71 82 68 29 21 40 42 10 88 41 37 26 85 82 30 52 62 70 53 53 73 103 93 68 36 46 0 61 29 62 77 85 70 22 69 43 103 84 76 54 
37 103 54 130 119 60 91 84 137 82 142 167 102 117 80 125 119 98 129 85 93 58 133 99 106 113 97 88 76 54 73 65 51 135 64 40 79 126 85 63 93 109 99 56 94 76 150 116 95 39 49 61 0 32 13 111 126 21 55 110 76 106 107 110 95 
5 71 22 98 87 28 59 52 105 81 110 135 99 85 58 98 92 94 113 53 61 26 101 67 74 81 65 56 44 50 55 33 19 103 32 8 47 94 53 59 61 77 79 24 62 44 118 84 68 7 17 29 32 0 45 79 94 53 51 78 52 74 75 78 63 
50 116 67 142 129 73 104 97 149 82 139 180 102 116 67 125 106 85 116 98 106 71 132 111 107 101 110 101 81 41 60 78 64 132 77 53 78 137 98 50 106 121 90 69 105 89 140 114 95 52 62 62 13 45 0 106 135 8 42 104 63 118 120 107 108 
74 95 64 108 39 93 73 80 116 49 67 155 69 100 73 70 107 109 128 95 105 83 80 78 85 107 93 104 59 65 46 48 67 60 47 87 62 56 127 72 103 88 16 103 24 123 97 99 62 72 80 77 111 79 106 0 136 114 64 40 43 150 90 1 105 
99 92 72 125 130 115 118 125 129 115 134 169 135 117 68 137 146 126 151 41 82 120 133 91 84 102 113 121 82 106 105 95 75 127 94 102 79 113 87 115 111 101 129 116 112 136 142 146 107 101 111 85 126 94 135 136 0 127 107 128 102 152 92 135 113 
58 124 75 140 121 81 112 105 157 90 147 182 110 108 59 133 114 93 124 106 114 79 124 119 115 93 104 109 73 49 68 75 72 140 74 61 70 145 106 58 114 129 98 77 113 97 148 122 103 60 70 70 21 53 8 114 127 0 50 112 71 126 117 115 116 
56 77 35 102 88 45 64 71 107 40 97 154 60 86 59 83 101 95 76 66 78 67 102 69 67 93 84 90 51 1 18 64 32 90 63 59 48 95 72 8 74 79 48 43 63 63 100 109 53 58 58 22 55 51 42 64 107 50 0 64 21 93 106 65 76 
83 87 56 118 41 106 65 72 108 41 107 183 61 108 97 84 102 128 138 87 97 104 120 70 77 115 85 84 89 63 61 86 59 100 85 86 92 48 119 72 95 80 56 96 16 116 89 110 54 85 95 69 110 78 104 40 128 112 64 0 58 146 128 39 97 
57 98 30 119 67 66 85 90 128 61 78 173 47 88 39 104 88 97 97 61 90 46 104 90 88 73 84 92 53 22 3 66 33 71 65 46 50 74 91 29 69 100 27 62 42 80 115 96 74 59 37 43 76 52 63 43 102 71 21 58 0 110 108 44 71 
79 77 96 128 155 102 85 78 132 109 125 161 129 114 99 126 140 157 167 125 87 80 151 94 87 65 91 113 113 92 111 104 93 118 103 66 110 139 79 101 63 104 137 50 130 30 145 148 96 81 75 103 106 74 118 150 152 126 93 146 110 0 60 149 69 
70 132 97 109 103 89 103 96 168 127 150 151 128 96 69 144 103 105 124 128 122 82 112 130 129 103 109 66 55 105 111 44 94 150 43 82 58 144 127 114 123 140 106 98 112 90 150 95 114 68 73 84 107 75 120 90 92 117 106 128 108 60 0 89 129 
73 94 63 109 38 92 72 79 115 48 68 154 68 99 72 69 106 108 127 94 104 84 81 77 84 106 92 103 58 66 47 47 66 61 46 86 61 55 126 73 102 87 17 102 23 122 96 98 61 71 81 76 110 78 107 1 135 115 65 39 44 149 89 0 104 
67 87 41 134 106 44 94 87 142 104 142 170 118 116 91 95 133 127 150 72 77 89 134 104 97 100 100 119 83 75 74 91 44 135 90 71 80 113 88 72 80 114 98 59 81 39 154 141 105 65 80 54 95 63 108 105 113 116 76 97 71 69 129 104 0 
55
97
73
32
36
47
15
81
13
70
11
67
55
82
8
69
90
95
17
59
13
81
12
39
68
23
5
15
78
51
8
68
20
44
74
10
59
100
2
88
42
21
69
85
56
81
8
57
76
14
85
19
91
95
15
76
26
83
96
2
60
18
83
65
