70
0 67 73 63 96 166 48 79 46 72 82 128 67 67 27 68 55 43 56 84 74 26 41 56 67 46 82 69 124 57 54 110 163 61 42 84 125 28 77 30 27 62 66 76 68 83 56 53 77 58 20 41 71 92 66 70 104 85 79 95 70 69 86 98 35 45 64 100 65 85 
67 0 86 60 111 151 53 94 73 78 96 152 65 44 40 84 60 70 69 91 31 53 66 67 92 73 23 82 127 54 59 51 169 72 67 82 102 39 72 41 54 48 72 53 44 81 51 67 73 69 47 68 76 117 45 11 46 64 20 41 49 67 27 39 63 56 69 77 46 93 
73 86 0 66 129 169 71 112 79 84 102 161 70 52 46 92 78 76 75 97 93 59 74 75 100 79 94 88 153 60 77 122 196 90 75 87 110 47 77 49 60 95 78 61 49 86 89 72 106 87 53 74 94 125 51 82 117 70 76 105 89 89 83 110 108 74 87 85 52 99 
63 60 66 0 82 137 48 65 41 30 62 131 38 16 36 77 55 66 65 43 69 49 52 52 60 45 61 50 106 6 54 89 152 43 51 55 74 35 85 37 50 63 24 25 17 54 64 40 68 40 43 64 71 103 15 49 84 34 40 51 72 70 47 77 98 45 53 49 14 59 
96 111 129 82 0 169 58 17 91 82 93 183 70 94 83 123 65 103 93 87 130 86 96 106 70 106 128 122 108 88 64 148 204 39 97 87 152 84 132 86 73 113 76 103 91 86 111 89 87 42 80 86 81 143 93 116 105 100 117 114 122 88 110 98 61 55 74 127 94 96 
166 151 169 137 169 0 129 152 120 120 173 216 99 123 154 173 136 174 164 168 160 157 155 135 155 154 152 151 193 131 135 148 137 130 154 116 176 155 191 157 144 170 114 132 120 115 170 143 132 127 151 157 152 191 122 140 105 141 147 175 178 159 154 112 196 126 145 113 123 170 
48 53 71 48 58 129 0 41 60 30 67 130 39 52 25 68 7 51 35 61 72 34 43 54 44 54 76 77 82 42 6 104 152 19 42 56 110 26 79 28 21 55 24 61 53 55 58 31 35 16 28 28 23 85 51 64 62 42 73 56 64 30 80 69 73 3 16 85 50 70 
79 94 112 65 17 152 41 0 74 65 76 166 53 77 66 106 48 86 76 70 113 69 79 89 53 89 111 105 91 71 47 131 187 22 80 70 135 67 115 69 56 96 59 86 74 69 94 72 70 25 63 69 64 126 76 99 88 83 100 97 105 71 93 81 44 38 57 110 77 79 
46 73 79 41 91 120 60 74 0 42 77 144 21 29 65 90 67 89 85 72 82 72 65 57 77 58 74 63 115 35 66 102 164 52 64 38 87 64 98 66 73 76 36 38 30 37 77 53 80 49 66 85 83 116 28 62 97 47 53 80 85 90 60 90 81 57 66 62 27 74 
72 78 84 30 82 120 30 65 42 0 80 149 21 34 54 95 37 75 65 61 87 58 70 57 68 63 79 68 106 24 36 107 122 43 69 38 92 53 103 55 45 81 6 43 35 37 82 58 38 40 52 58 53 115 33 67 65 52 58 69 90 60 65 72 103 27 46 67 32 77 
82 96 102 62 93 173 67 76 77 80 0 138 74 52 69 89 74 46 98 19 97 56 62 88 36 81 97 86 117 56 73 125 184 54 63 91 110 70 98 72 69 83 74 61 53 90 77 74 96 51 62 83 90 113 51 85 120 70 76 101 92 97 83 113 117 64 83 85 50 3 
128 152 161 131 183 216 130 166 144 149 138 0 139 115 115 114 137 92 144 130 122 102 87 144 113 134 130 145 127 125 136 158 209 144 88 156 57 116 123 118 115 108 143 106 118 155 102 99 147 141 108 124 153 64 116 141 120 135 139 145 117 119 146 113 149 133 146 130 117 135 
67 65 70 38 70 99 39 53 21 21 74 139 0 24 62 74 46 84 74 69 74 67 56 36 56 55 66 52 94 32 45 94 143 31 55 17 82 61 92 63 54 71 15 33 21 16 71 44 59 28 61 64 62 107 23 54 86 42 48 77 80 69 55 82 97 36 55 57 24 71 
67 44 52 16 94 123 52 77 29 34 52 115 24 0 40 63 55 70 58 47 53 53 38 38 64 33 45 38 118 10 46 73 152 55 37 41 58 39 71 41 54 49 28 9 3 40 50 26 72 52 47 68 63 89 1 33 68 20 24 55 58 70 31 61 102 49 39 33 2 49 
27 40 46 36 83 154 25 66 65 54 69 115 62 40 0 46 32 30 29 67 47 13 28 29 54 33 55 56 107 30 31 83 150 44 29 75 98 1 56 3 14 49 48 49 41 78 43 40 60 41 7 28 48 79 39 51 86 58 60 69 43 43 67 79 62 28 41 73 38 72 
68 84 92 77 123 173 68 106 90 95 89 114 74 63 46 0 75 59 75 70 62 42 27 73 53 74 70 85 124 71 74 98 149 84 26 91 121 45 63 43 55 48 89 72 60 58 42 37 103 81 48 69 91 78 62 82 117 81 87 90 57 73 94 110 103 71 84 96 63 86 
55 60 78 55 65 136 7 48 67 37 74 137 46 55 32 75 0 58 42 68 79 41 50 61 51 61 83 79 89 49 13 111 159 26 49 63 113 33 86 35 28 62 31 64 56 62 65 38 42 23 35 35 30 92 54 71 69 35 79 63 71 37 86 76 80 10 23 88 55 77 
43 70 76 66 103 174 51 86 89 75 46 92 84 70 30 59 58 0 59 59 67 17 32 59 58 49 75 60 127 60 57 103 154 64 33 69 119 31 68 33 30 53 69 70 67 96 47 44 80 61 23 44 74 83 69 73 107 88 82 86 62 60 89 101 78 48 67 94 68 43 
56 69 75 65 93 164 35 76 85 65 98 144 74 58 29 75 42 59 0 96 76 42 57 58 79 62 84 85 117 59 29 112 179 54 58 91 116 30 85 32 43 78 59 67 59 90 72 66 70 51 36 57 46 108 57 80 97 76 82 79 72 53 89 104 91 38 19 91 58 101 
84 91 97 43 87 168 61 70 72 61 19 130 69 47 67 70 68 59 96 0 78 58 43 83 17 76 86 81 111 37 67 114 165 48 44 86 105 66 79 68 71 64 55 56 48 85 58 55 90 45 64 85 84 94 46 80 114 65 71 82 73 89 78 107 114 58 77 80 45 16 
74 31 93 69 130 160 72 113 82 87 97 122 74 53 47 62 79 67 76 78 0 50 35 67 61 58 8 91 102 63 76 36 148 91 36 91 111 46 41 48 61 27 81 62 53 87 20 47 82 88 54 75 93 86 54 20 55 59 29 55 18 52 36 48 94 75 86 86 55 94 
26 53 59 49 86 157 34 69 72 58 56 102 67 53 13 42 41 17 42 58 50 0 15 42 41 32 58 43 110 43 40 86 137 47 16 74 111 14 51 16 13 36 52 62 50 79 30 27 63 44 6 27 57 66 52 56 90 71 65 69 45 43 72 84 61 31 50 86 51 59 
41 66 74 52 96 155 43 79 65 70 62 87 56 38 28 27 50 32 57 43 35 15 0 57 26 47 43 58 97 46 49 71 122 57 1 73 96 29 36 31 28 21 64 47 35 72 15 12 78 54 21 42 66 51 37 55 90 56 62 65 30 46 69 83 76 46 59 71 38 59 
56 67 75 52 106 135 54 89 57 57 88 144 36 38 29 73 61 59 58 83 67 42 57 0 83 62 75 74 129 46 60 103 179 67 58 53 96 28 68 30 43 78 51 47 35 52 47 58 89 64 36 57 77 108 37 68 103 56 62 91 70 70 69 96 91 57 70 71 38 85 
67 92 100 60 70 155 44 53 77 68 36 113 56 64 54 53 51 58 79 17 61 41 26 83 0 73 69 84 94 54 50 97 148 31 27 73 89 55 62 57 54 47 62 73 61 72 41 38 73 28 47 68 67 77 63 81 97 82 88 91 56 72 95 90 97 41 60 97 62 33 
46 73 79 45 106 154 54 89 58 63 81 134 55 33 33 74 61 49 62 76 58 32 47 62 73 0 66 67 130 39 60 94 152 67 48 72 91 34 83 36 33 31 57 42 34 71 62 57 83 64 26 47 77 98 32 66 101 51 57 82 40 56 63 94 81 51 70 66 31 78 
82 23 94 61 128 152 76 111 74 79 97 130 66 45 55 70 83 75 84 86 8 58 43 75 69 66 0 83 104 55 82 28 156 89 44 83 103 54 49 56 55 35 73 54 45 82 28 55 74 86 62 83 99 94 46 12 47 65 21 47 26 60 28 40 86 73 84 78 47 94 
69 82 88 50 122 151 77 105 63 68 86 145 52 38 56 85 79 60 85 81 91 43 58 74 84 67 83 0 146 44 80 111 180 83 59 69 96 57 94 59 56 79 62 47 39 36 73 62 106 80 49 70 97 109 37 71 106 56 62 89 88 86 69 99 104 74 75 71 36 83 
124 127 153 106 108 193 82 91 115 106 117 127 94 118 107 124 89 127 117 111 102 110 97 129 94 130 104 146 0 112 88 76 219 69 98 111 70 108 103 110 97 118 100 119 115 110 82 109 111 66 104 110 105 148 117 116 119 124 125 138 120 112 132 126 135 79 98 143 118 120 
57 54 60 6 88 131 42 71 35 24 56 125 32 10 30 71 49 60 59 37 63 43 46 46 54 39 55 44 112 0 48 83 146 49 45 49 68 29 79 31 44 57 18 19 11 48 58 34 62 46 37 58 65 97 9 43 78 28 34 45 66 64 41 71 92 39 47 43 8 53 
54 59 77 54 64 135 6 47 66 36 73 136 45 46 31 74 13 57 29 67 76 40 49 60 50 60 82 80 88 48 0 110 158 25 48 62 104 32 85 34 27 49 30 55 47 61 64 37 41 22 34 34 17 79 45 70 68 48 70 50 58 24 77 75 67 9 10 79 44 76 
110 51 122 89 148 148 104 131 102 107 125 158 94 73 83 98 111 103 112 114 36 86 71 103 97 94 28 111 76 83 110 0 184 109 72 111 114 82 77 84 83 63 101 82 73 110 56 83 70 112 90 111 127 122 74 40 43 93 49 75 54 88 56 50 114 101 112 106 75 122 
163 169 196 152 204 137 152 187 164 122 184 209 143 152 150 149 159 154 179 165 148 137 122 179 148 152 156 180 219 146 158 184 0 165 123 160 192 151 158 153 150 121 128 143 155 146 137 134 160 162 143 129 175 173 153 168 187 171 164 172 130 146 171 194 198 149 168 167 154 181 
61 72 90 43 39 130 19 22 52 43 54 144 31 55 44 84 26 64 54 48 91 47 57 67 31 67 89 83 69 49 25 109 165 0 58 48 113 45 93 47 34 74 37 64 52 47 72 50 48 3 41 47 42 104 54 77 66 61 78 75 83 49 71 59 66 16 35 88 55 57 
42 67 75 51 97 154 42 80 64 69 63 88 55 37 29 26 49 33 58 44 36 16 1 58 27 48 44 59 98 45 48 72 123 58 0 72 95 30 37 32 29 22 63 46 34 71 16 11 77 55 22 43 65 52 36 56 91 55 61 64 31 47 68 84 77 45 58 70 37 60 
84 82 87 55 87 116 56 70 38 38 91 156 17 41 75 91 63 69 91 86 91 74 73 53 73 72 83 69 111 49 62 111 160 48 72 0 99 76 109 78 71 88 32 50 38 33 88 61 76 45 68 47 79 124 40 71 91 59 65 94 97 86 72 84 114 53 72 74 41 88 
125 102 110 74 152 176 110 135 87 92 110 57 82 58 98 121 113 119 116 105 111 111 96 96 89 91 103 96 70 68 104 114 192 113 95 99 0 97 129 99 112 107 86 49 61 98 108 84 98 110 105 126 121 121 59 91 71 78 82 113 116 128 89 78 160 107 97 73 60 107 
28 39 47 35 84 155 26 67 64 53 70 116 61 39 1 45 33 31 30 66 46 14 29 28 55 34 54 57 108 29 32 82 151 45 30 76 97 0 55 2 15 50 47 48 40 77 44 41 61 42 8 29 49 80 38 50 85 57 59 68 42 42 66 78 63 29 42 72 37 73 
77 72 77 85 132 191 79 115 98 103 98 123 92 71 56 63 86 68 85 79 41 51 36 68 62 83 49 94 103 79 85 77 158 93 37 109 129 55 0 57 64 57 97 80 71 108 21 48 114 90 57 78 102 87 70 61 96 85 70 77 59 82 77 89 112 82 95 104 71 95 
30 41 49 37 86 157 28 69 66 55 72 118 63 41 3 43 35 33 32 68 48 16 31 30 57 36 56 59 110 31 34 84 153 47 32 78 99 2 57 0 17 49 49 50 42 79 46 43 63 44 10 31 51 82 40 52 87 59 61 70 40 44 68 80 65 31 44 74 39 75 
27 54 60 50 73 144 21 56 73 45 69 115 54 54 14 55 28 30 43 71 61 13 28 43 54 33 55 56 97 44 27 83 150 34 29 71 112 15 64 17 0 49 39 63 55 70 43 40 50 31 7 28 44 79 53 43 77 63 52 77 57 51 59 71 62 18 37 87 52 72 
62 48 95 63 113 170 55 96 76 81 83 108 71 49 49 48 62 53 78 64 27 36 21 78 47 31 35 79 118 57 49 63 121 74 22 88 107 50 57 49 49 0 75 58 50 78 36 33 90 71 42 63 66 72 48 47 82 50 43 51 9 25 50 75 97 58 59 82 49 80 
66 72 78 24 76 114 24 59 36 6 74 143 15 28 48 89 31 69 59 55 81 52 64 51 62 57 73 62 100 18 30 101 128 37 63 32 86 47 97 49 39 75 0 37 29 31 76 52 44 34 46 52 47 109 27 61 71 46 52 63 84 54 59 78 97 21 40 61 26 71 
76 53 61 25 103 132 61 86 38 43 61 106 33 9 49 72 64 70 67 56 62 62 47 47 73 42 54 47 119 19 55 82 143 64 46 50 49 48 80 50 63 58 37 0 12 49 59 35 81 61 56 77 72 98 10 42 77 29 33 64 67 79 40 70 111 58 48 24 11 58 
68 44 49 17 91 120 53 74 30 35 53 118 21 3 41 60 56 67 59 48 53 50 35 35 61 34 45 39 115 11 47 73 155 52 34 38 61 40 71 42 55 50 29 12 0 37 50 23 73 49 48 69 64 86 2 33 68 21 27 56 59 71 34 61 103 50 40 36 3 50 
83 81 86 54 86 115 55 69 37 37 90 155 16 40 78 58 62 96 90 85 87 79 72 52 72 71 82 36 110 48 61 110 146 47 71 33 98 77 108 79 70 78 31 49 37 0 87 60 75 44 77 80 78 123 39 70 102 28 64 93 69 85 71 98 113 52 71 73 40 87 
56 51 89 64 111 170 58 94 77 82 77 102 71 50 43 42 65 47 72 58 20 30 15 47 41 62 28 73 82 58 64 56 137 72 16 88 108 44 21 46 43 36 76 59 50 87 0 27 93 69 36 57 81 66 49 40 75 64 49 56 38 61 56 68 91 61 74 83 50 74 
53 67 72 40 89 143 31 72 53 58 74 99 44 26 40 37 38 44 66 55 47 27 12 58 38 57 55 62 109 34 37 83 134 50 11 61 84 41 48 43 40 33 52 35 23 60 27 0 66 47 33 54 54 63 25 56 91 44 50 53 42 58 57 84 88 34 47 59 26 71 
77 73 106 68 87 132 35 70 80 38 96 147 59 72 60 103 42 80 70 90 82 63 78 89 73 83 74 106 111 62 41 70 160 48 77 76 98 61 114 63 50 90 44 81 73 75 93 66 0 45 57 63 58 120 71 62 27 77 71 91 99 65 78 34 108 32 51 105 70 99 
58 69 87 40 42 127 16 25 49 40 51 141 28 52 41 81 23 61 51 45 88 44 54 64 28 64 86 80 66 46 22 112 162 3 55 45 110 42 90 44 31 71 34 61 49 44 69 47 45 0 38 44 39 101 51 74 69 58 75 72 80 46 68 62 69 13 32 85 52 54 
20 47 53 43 80 151 28 63 66 52 62 108 61 47 7 48 35 23 36 64 54 6 21 36 47 26 62 49 104 37 34 90 143 41 22 68 105 8 57 10 7 42 46 56 48 77 36 33 57 38 0 21 51 72 46 50 84 65 59 75 50 49 66 78 55 25 44 80 45 65 
41 68 74 64 86 157 28 69 85 58 83 124 64 68 28 69 35 44 57 85 75 27 42 57 68 47 83 70 110 58 34 111 129 47 43 47 126 29 78 31 28 63 52 77 69 80 57 54 63 44 21 0 51 93 67 71 90 70 80 84 71 58 87 97 76 31 44 101 66 86 
71 76 94 71 81 152 23 64 83 53 90 153 62 63 48 91 30 74 46 84 93 57 66 77 67 77 99 97 105 65 17 127 175 42 65 79 121 49 102 51 44 66 47 72 64 78 81 54 58 39 51 51 0 96 62 87 85 65 87 67 75 41 94 92 84 26 27 96 61 93 
92 117 125 103 143 191 85 126 116 115 113 64 107 89 79 78 92 83 108 94 86 66 51 108 77 98 94 109 148 97 79 122 173 104 52 124 121 80 87 82 79 72 109 98 86 123 66 63 120 101 72 93 96 0 88 106 141 107 113 81 81 55 120 134 127 88 89 78 89 110 
66 45 51 15 93 122 51 76 28 33 51 116 23 1 39 62 54 69 57 46 54 52 37 37 63 32 46 37 117 9 45 74 153 54 36 40 59 38 70 40 53 48 27 10 2 39 49 25 71 51 46 67 62 88 0 34 69 19 25 54 57 69 32 62 101 48 38 34 1 48 
70 11 82 49 116 140 64 99 62 67 85 141 54 33 51 82 71 73 80 80 20 56 55 68 81 66 12 71 116 43 70 40 168 77 56 71 91 50 61 52 43 47 61 42 33 70 40 56 62 74 50 71 87 106 34 0 35 53 9 35 38 61 16 28 74 61 72 66 35 82 
104 46 117 84 105 105 62 88 97 65 120 120 86 68 86 117 69 107 97 114 55 90 90 103 97 101 47 106 119 78 68 43 187 66 91 91 71 85 96 87 77 82 71 77 68 102 75 91 27 69 84 90 85 141 69 35 0 88 44 70 73 92 51 7 109 59 78 101 70 117 
85 64 70 34 100 141 42 83 47 52 70 135 42 20 58 81 35 88 76 65 59 71 56 56 82 51 65 56 124 28 48 93 171 61 55 59 78 57 85 59 63 50 46 29 21 28 64 44 77 58 65 70 65 107 19 53 88 0 44 73 41 72 51 81 115 45 57 53 20 67 
79 20 76 40 117 147 73 100 53 58 76 139 48 24 60 87 79 82 82 71 29 65 62 62 88 57 21 62 125 34 70 49 164 78 61 65 82 59 70 61 52 43 52 33 27 64 49 50 71 75 59 80 87 113 25 9 44 44 0 44 47 68 7 37 83 70 63 57 26 73 
95 41 105 51 114 175 56 97 80 69 101 145 77 55 69 90 63 86 79 82 55 69 65 91 91 82 47 89 138 45 50 75 172 75 64 94 113 68 77 70 77 51 63 64 56 93 56 53 91 72 75 84 67 81 54 35 70 73 44 0 60 26 51 63 104 59 60 88 53 98 
70 49 89 72 122 178 64 105 85 90 92 117 80 58 43 57 71 62 72 73 18 45 30 70 56 40 26 88 120 66 58 54 130 83 31 97 116 42 59 40 57 9 84 67 59 69 38 42 99 80 50 71 75 81 57 38 73 41 47 60 0 34 54 66 105 67 68 91 58 89 
69 67 89 70 88 159 30 71 90 60 97 119 69 70 43 73 37 60 53 89 52 43 46 70 72 56 60 86 112 64 24 88 146 49 47 86 128 42 82 44 51 25 54 79 71 85 61 58 65 46 49 58 41 55 69 61 92 72 68 26 34 0 75 89 91 33 34 103 68 100 
86 27 83 47 110 154 80 93 60 65 83 146 55 31 67 94 86 89 89 78 36 72 69 69 95 63 28 69 132 41 77 56 171 71 68 72 89 66 77 68 59 50 59 40 34 71 56 57 78 68 66 87 94 120 32 16 51 51 7 51 54 75 0 44 90 77 70 64 33 80 
98 39 110 77 98 112 69 81 90 72 113 113 82 61 79 110 76 101 104 107 48 84 83 96 90 94 40 99 126 71 75 50 194 59 84 84 78 78 89 80 71 75 78 70 61 98 68 84 34 62 78 97 92 134 62 28 7 81 37 63 66 89 44 0 102 66 85 94 63 110 
35 63 108 98 61 196 73 44 81 103 117 149 97 102 62 103 80 78 91 114 94 61 76 91 97 81 86 104 135 92 67 114 198 66 77 114 160 63 112 65 62 97 97 111 103 113 91 88 108 69 55 76 84 127 101 74 109 115 83 104 105 91 90 102 0 76 77 135 100 120 
45 56 74 45 55 126 3 38 57 27 64 133 36 49 28 71 10 48 38 58 75 31 46 57 41 51 73 74 79 39 9 101 149 16 45 53 107 29 82 31 18 58 21 58 50 52 61 34 32 13 25 31 26 88 48 61 59 45 70 59 67 33 77 66 76 0 19 82 47 67 
64 69 87 53 74 145 16 57 66 46 83 146 55 39 41 84 23 67 19 77 86 50 59 70 60 70 84 75 98 47 10 112 168 35 58 72 97 42 95 44 37 59 40 48 40 71 74 47 51 32 44 44 27 89 38 72 78 57 63 60 68 34 70 85 77 19 0 72 39 86 
100 77 85 49 127 113 85 110 62 67 85 130 57 33 73 96 88 94 91 80 86 86 71 71 97 66 78 71 143 43 79 106 167 88 70 74 73 72 104 74 87 82 61 24 36 73 83 59 105 85 80 101 96 78 34 66 101 53 57 88 91 103 64 94 135 82 72 0 35 82 
65 46 52 14 94 123 50 77 27 32 50 117 24 2 38 63 55 68 58 45 55 51 38 38 62 31 47 36 118 8 44 75 154 55 37 41 60 37 71 39 52 49 26 11 3 40 50 26 70 52 45 66 61 89 1 35 70 20 26 53 58 68 33 63 100 47 39 35 0 47 
85 93 99 59 96 170 70 79 74 77 3 135 71 49 72 86 77 43 101 16 94 59 59 85 33 78 94 83 120 53 76 122 181 57 60 88 107 73 95 75 72 80 71 58 50 87 74 71 99 54 65 86 93 110 48 82 117 67 73 98 89 100 80 110 120 67 86 82 47 0 
77
26
46
32
98
8
89
64
92
83
93
27
45
69
32
8
40
50
28
59
85
11
89
71
37
77
2
67
68
76
26
12
11
35
63
51
60
47
7
87
91
90
45
53
52
87
21
78
5
88
35
57
81
68
20
89
95
43
79
91
99
40
10
24
63
2
87
21
100
