55
0 106 94 144 108 100 199 205 46 70 131 71 80 53 63 157 66 67 83 109 84 113 135 154 110 103 195 52 85 88 83 104 145 98 87 99 177 32 103 100 160 91 149 138 68 102 118 92 74 88 20 114 105 60 118 
106 0 90 158 106 96 191 205 60 84 135 35 76 67 103 149 127 81 79 99 74 53 114 146 100 144 189 66 75 102 75 57 143 108 96 91 179 134 77 92 128 67 128 128 91 105 79 102 70 134 126 96 39 106 114 
94 90 0 146 48 28 195 163 48 72 90 73 26 55 53 153 75 69 11 55 80 123 41 152 54 99 173 54 79 89 85 69 114 97 46 97 133 84 81 96 129 79 128 84 46 71 97 91 20 84 114 112 51 56 64 
144 158 146 0 126 152 204 215 98 80 149 123 132 105 159 162 173 77 135 119 94 144 184 49 120 162 234 92 95 98 93 114 173 108 105 104 206 157 134 105 188 101 192 148 129 137 125 102 126 190 164 119 129 162 170 
108 106 48 126 0 76 147 149 70 52 57 93 74 77 101 105 59 49 59 7 32 80 89 104 6 115 167 64 31 41 46 50 66 80 77 49 132 100 70 48 81 39 80 36 40 23 54 74 68 132 125 64 67 104 112 
100 96 28 152 76 0 207 169 54 78 96 79 32 61 59 165 81 75 17 75 92 129 69 162 76 127 182 60 93 96 91 75 136 103 52 107 139 90 95 108 146 85 145 104 74 93 103 97 26 90 120 122 57 62 70 
199 191 195 204 147 207 0 260 153 135 190 172 187 160 185 156 188 132 190 140 117 147 227 155 141 185 245 147 116 153 116 135 195 153 160 100 202 212 155 99 202 124 213 169 153 152 121 147 181 187 206 115 152 188 225 
205 205 163 215 149 169 260 0 159 135 194 184 137 166 164 164 162 138 152 144 155 165 204 215 143 223 148 153 156 159 154 175 169 119 166 160 105 195 186 161 156 162 217 173 189 126 139 113 143 195 225 175 166 167 175 
46 60 48 98 70 54 153 159 0 24 85 25 34 7 61 111 99 21 37 63 38 98 89 108 64 106 158 6 39 42 37 58 106 52 41 53 140 78 66 54 121 45 136 92 31 63 72 46 28 92 66 68 59 64 72 
70 84 72 80 52 78 135 135 24 0 75 49 58 31 79 93 99 3 61 45 20 74 113 90 46 88 154 18 21 24 19 40 93 28 31 35 137 83 60 36 108 27 118 74 55 63 48 22 52 110 90 50 55 82 96 
131 135 90 149 57 96 190 194 85 75 0 110 76 92 86 148 104 72 79 50 75 125 110 147 51 157 175 87 74 86 88 78 111 103 44 92 177 117 87 91 126 82 123 21 97 68 99 97 70 117 151 107 96 89 114 
71 35 73 123 93 79 172 184 25 49 110 0 59 32 86 130 106 46 62 88 63 88 114 127 87 131 154 31 64 67 62 83 113 77 66 72 165 103 91 73 128 70 161 117 56 70 93 71 53 117 91 87 74 89 97 
80 76 26 132 74 32 187 137 34 58 76 59 0 41 27 145 79 55 15 73 72 109 67 142 74 125 150 40 73 76 71 55 108 78 32 87 107 58 75 88 123 65 113 97 65 91 83 80 6 58 100 102 37 30 38 
53 67 55 105 77 61 160 166 7 31 92 32 41 0 68 118 92 28 44 70 45 105 96 115 71 113 165 13 46 49 44 65 99 59 48 60 147 85 73 61 114 52 143 99 38 56 79 53 35 99 73 75 66 71 79 
63 103 53 159 101 59 185 164 61 79 86 86 27 68 0 162 106 82 42 100 99 109 94 135 101 134 177 67 100 90 98 82 116 51 59 104 134 31 64 105 131 92 86 107 92 114 83 57 33 31 83 103 64 3 65 
157 149 153 162 105 165 156 164 111 93 148 130 145 118 162 0 146 90 148 98 75 105 145 113 99 87 203 105 74 111 74 93 153 111 118 58 160 170 113 57 160 82 171 127 111 110 79 105 139 145 164 73 110 165 124 
66 127 75 173 59 81 188 162 99 99 104 106 79 92 106 146 0 96 64 54 79 93 116 143 53 120 188 105 78 88 93 70 79 99 93 88 145 98 50 89 94 86 127 83 85 36 67 93 73 137 86 103 88 109 117 
67 81 69 77 49 75 132 138 21 3 72 46 55 28 82 90 96 0 58 42 17 77 110 87 43 85 157 15 18 21 16 37 96 31 28 32 134 80 57 33 111 24 115 71 52 60 51 25 49 113 87 47 52 85 93 
83 79 11 135 59 17 190 152 37 61 79 62 15 44 42 148 64 58 0 58 75 112 52 145 59 110 165 43 76 79 74 58 119 86 35 90 122 73 78 91 129 68 128 87 57 76 86 80 9 73 103 105 40 45 53 
109 99 55 119 7 75 140 144 63 45 50 88 73 70 100 98 54 42 58 0 25 75 96 97 1 108 170 57 24 36 39 43 61 73 70 42 127 95 63 41 76 32 73 29 47 18 49 67 67 129 118 57 60 103 111 
84 74 80 94 32 92 117 155 38 20 75 63 72 45 99 75 79 17 75 25 0 66 110 74 26 83 164 32 1 38 14 20 86 48 45 19 121 97 40 18 101 7 98 54 38 43 40 42 66 106 93 34 35 102 110 
113 53 123 144 80 129 147 165 98 74 125 88 109 105 109 105 93 77 112 75 66 0 164 102 74 132 173 92 65 98 63 84 100 58 105 47 130 140 73 48 115 71 148 104 102 57 26 52 103 115 133 43 92 112 147 
135 114 41 184 89 69 227 204 89 113 110 114 67 96 94 145 116 110 52 96 110 164 0 182 95 58 214 95 111 130 111 93 155 138 87 127 174 125 113 128 146 103 164 125 87 112 138 132 61 125 141 142 75 97 105 
154 146 152 49 104 162 155 215 108 90 147 127 142 115 135 113 143 87 145 97 74 102 182 0 98 140 200 102 73 79 71 92 150 108 115 55 157 138 112 56 157 79 170 126 110 107 76 102 136 142 161 70 107 138 180 
110 100 54 120 6 76 141 143 64 46 51 87 74 71 101 99 53 43 59 1 26 74 95 98 0 109 169 58 25 35 40 44 60 74 71 43 126 94 64 42 75 33 74 30 46 17 48 68 68 130 119 58 61 104 112 
103 144 99 162 115 127 185 223 106 88 157 131 125 113 134 87 120 85 110 108 83 132 58 140 109 0 230 100 84 106 69 90 169 116 113 85 187 135 70 86 184 77 181 137 105 126 106 110 119 165 83 100 105 137 163 
195 189 173 234 167 182 245 148 158 154 175 154 150 165 177 203 188 157 165 170 164 173 214 200 169 230 0 164 163 178 161 182 109 138 182 145 43 208 162 146 94 169 243 154 127 152 158 132 156 202 215 130 183 180 188 
52 66 54 92 64 60 147 153 6 18 87 31 40 13 67 105 105 15 43 57 32 92 95 102 58 100 164 0 33 36 31 52 111 46 43 47 146 84 72 48 126 39 130 86 37 69 66 40 34 98 72 62 65 70 78 
85 75 79 95 31 93 116 156 39 21 74 64 73 46 100 74 78 18 76 24 1 65 111 73 25 84 163 33 0 39 15 19 85 49 46 18 120 98 39 17 100 8 97 53 37 42 39 43 67 105 94 33 36 103 111 
88 102 89 98 41 96 153 159 42 24 86 67 76 49 90 111 88 21 79 36 38 98 130 79 35 106 178 36 39 0 37 58 95 52 49 53 155 59 78 54 110 45 98 65 73 52 72 46 70 115 108 68 73 87 114 
83 75 85 93 46 91 116 154 37 19 88 62 71 44 98 74 93 16 74 39 14 63 111 71 40 69 161 31 15 37 0 34 100 47 44 16 118 96 54 17 115 8 112 68 52 57 37 41 65 103 94 31 36 101 109 
104 57 69 114 50 75 135 175 58 40 78 83 55 65 82 93 70 37 58 43 20 84 93 92 44 90 182 52 19 58 34 0 104 68 63 37 139 113 20 36 107 27 93 72 55 61 58 62 49 113 113 52 18 85 93 
145 143 114 173 66 136 195 169 106 93 111 113 108 99 116 153 79 96 119 61 86 100 155 150 60 169 109 111 85 95 100 104 0 65 124 95 66 147 121 96 15 93 134 90 106 43 74 71 114 147 160 110 104 119 146 
98 108 97 108 80 103 153 119 52 28 103 77 78 59 51 111 99 31 86 73 48 58 138 108 74 116 138 46 49 52 47 68 65 0 59 53 131 82 79 54 80 55 137 102 83 63 32 6 80 82 118 68 69 54 116 
87 96 46 105 77 52 160 166 41 31 44 66 32 48 59 118 93 28 35 70 45 105 87 115 71 113 182 43 46 49 44 63 124 59 0 60 139 90 43 61 139 52 143 65 72 88 79 53 26 90 107 75 57 62 70 
99 91 97 104 49 107 100 160 53 35 92 72 87 60 104 58 88 32 90 42 19 47 127 55 43 85 145 47 18 53 16 37 95 53 60 0 102 112 57 1 102 24 115 71 55 52 21 47 81 87 106 15 52 107 125 
177 179 133 206 132 139 202 105 140 137 177 165 107 147 134 160 145 134 122 127 121 130 174 157 126 187 43 146 120 155 118 139 66 131 139 102 0 165 144 103 51 126 200 156 109 109 123 137 113 159 197 87 140 137 145 
32 134 84 157 100 90 212 195 78 83 117 103 58 85 31 170 98 80 73 95 97 140 125 138 94 135 208 84 98 59 96 113 147 82 90 112 165 0 95 113 162 104 117 124 100 111 114 88 64 56 52 127 95 28 96 
103 77 81 134 70 95 155 186 66 60 87 91 75 73 64 113 50 57 78 63 40 73 113 112 64 70 162 72 39 78 54 20 121 79 43 57 144 95 0 56 127 47 113 92 35 78 47 73 69 95 123 72 38 67 113 
100 92 96 105 48 108 99 161 54 36 91 73 88 61 105 57 89 33 91 41 18 48 128 56 42 86 146 48 17 54 17 36 96 54 61 1 103 113 56 0 103 25 114 70 54 53 22 48 82 88 107 16 53 108 126 
160 128 129 188 81 146 202 156 121 108 126 128 123 114 131 160 94 111 129 76 101 115 146 157 75 184 94 126 100 110 115 107 15 80 139 102 51 162 127 103 0 108 149 105 121 58 89 86 120 162 175 117 89 134 161 
91 67 79 101 39 85 124 162 45 27 82 70 65 52 92 82 86 24 68 32 7 71 103 79 33 77 169 39 8 45 8 27 93 55 52 24 126 104 47 25 108 0 105 61 45 50 45 49 59 111 86 39 28 95 103 
149 128 128 192 80 145 213 217 136 118 123 161 113 143 86 171 127 115 128 73 98 148 164 170 74 181 243 130 97 98 112 93 134 137 143 115 200 117 113 114 149 105 0 102 120 91 122 140 119 117 169 130 89 89 151 
138 128 84 148 36 104 169 173 92 74 21 117 97 99 107 127 83 71 87 29 54 104 125 126 30 137 154 86 53 65 68 72 90 102 65 71 156 124 92 70 105 61 102 0 76 47 78 96 91 138 147 86 89 110 135 
68 91 46 129 40 74 153 189 31 55 97 56 65 38 92 111 85 52 57 47 38 102 87 110 46 105 127 37 37 73 52 55 106 83 72 55 109 100 35 54 121 45 120 76 0 63 76 77 59 123 88 70 73 95 103 
102 105 71 137 23 93 152 126 63 63 68 70 91 56 114 110 36 60 76 18 43 57 112 107 17 126 152 69 42 52 57 61 43 63 88 52 109 111 78 53 58 50 91 47 63 0 31 57 85 139 117 67 78 117 129 
118 79 97 125 54 103 121 139 72 48 99 93 83 79 83 79 67 51 86 49 40 26 138 76 48 106 158 66 39 72 37 58 74 32 79 21 123 114 47 22 89 45 122 78 76 31 0 26 77 108 127 36 73 86 121 
92 102 91 102 74 97 147 113 46 22 97 71 80 53 57 105 93 25 80 67 42 52 132 102 68 110 132 40 43 46 41 62 71 6 53 47 137 88 73 48 86 49 140 96 77 57 26 0 74 88 112 62 63 60 118 
74 70 20 126 68 26 181 143 28 52 70 53 6 35 33 139 73 49 9 67 66 103 61 136 68 119 156 34 67 70 65 49 114 80 26 81 113 64 69 82 120 59 119 91 59 85 77 74 0 64 94 96 31 36 44 
88 134 84 190 132 90 187 195 92 110 117 117 58 99 31 145 137 113 73 129 106 115 125 142 130 165 202 98 105 115 103 113 147 82 90 87 159 56 95 88 162 111 117 138 123 139 108 88 64 0 108 72 95 28 96 
20 126 114 164 125 120 206 225 66 90 151 91 100 73 83 164 86 87 103 118 93 133 141 161 119 83 215 72 94 108 94 113 160 118 107 106 197 52 123 107 175 86 169 147 88 117 127 112 94 108 0 121 114 80 138 
114 96 112 119 64 122 115 175 68 50 107 87 102 75 103 73 103 47 105 57 34 43 142 70 58 100 130 62 33 68 31 52 110 68 75 15 87 127 72 16 117 39 130 86 70 67 36 62 96 72 121 0 67 100 140 
105 39 51 129 67 57 152 166 59 55 96 74 37 66 64 110 88 52 40 60 35 92 75 107 61 105 183 65 36 73 36 18 104 69 57 52 140 95 38 53 89 28 89 89 73 78 73 63 31 95 114 67 0 67 75 
60 106 56 162 104 62 188 167 64 82 89 89 30 71 3 165 109 85 45 103 102 112 97 138 104 137 180 70 103 87 101 85 119 54 62 107 137 28 67 108 134 95 89 110 95 117 86 60 36 28 80 100 67 0 68 
118 114 64 170 112 70 225 175 72 96 114 97 38 79 65 124 117 93 53 111 110 147 105 180 112 163 188 78 111 114 109 93 146 116 70 125 145 96 113 126 161 103 151 135 103 129 121 118 44 96 138 140 75 68 0 
71
69
38
33
16
84
46
32
77
51
35
97
45
64
97
43
31
89
92
72
36
60
97
97
91
5
67
21
92
18
70
23
51
8
20
36
23
51
35
49
45
54
19
94
32
88
20
15
83
43
58
48
41
17
