90
0 68 30 71 14 57 50 49 80 54 17 45 66 44 60 80 67 77 68 87 92 28 85 68 22 70 58 42 60 67 11 65 43 52 86 70 48 28 22 62 24 18 12 56 42 89 56 51 66 75 81 80 21 21 16 65 50 76 51 17 49 25 49 81 71 20 72 90 69 69 49 11 30 27 30 42 28 41 66 57 88 48 86 40 61 29 59 43 33 61 
68 0 58 23 55 23 83 78 22 14 51 62 56 57 52 53 68 45 42 72 67 65 25 11 75 55 61 93 91 40 60 76 25 75 21 63 50 43 59 41 77 67 58 105 27 68 45 42 2 85 53 72 48 53 75 65 21 42 79 63 22 58 78 27 33 62 66 26 8 79 28 69 83 55 74 49 58 63 28 11 84 44 79 68 9 39 17 82 81 35 
30 58 0 51 20 39 30 26 61 47 29 15 38 14 32 53 37 51 42 57 64 7 66 53 20 42 28 35 40 41 19 36 39 26 70 40 20 37 43 36 22 16 19 47 33 59 30 25 57 47 55 50 32 12 26 35 49 50 28 13 48 46 26 60 46 10 42 74 55 40 31 22 26 46 16 14 48 12 44 48 58 22 56 15 49 32 43 26 23 37 
71 23 51 0 57 14 69 64 11 27 57 48 33 43 31 30 46 22 19 49 44 58 16 13 71 32 41 85 76 17 61 56 35 59 21 40 35 52 68 20 73 64 59 93 31 45 26 27 24 62 30 49 55 51 74 43 37 19 65 61 37 68 64 10 10 58 43 24 15 58 22 69 77 66 67 38 69 51 7 25 61 30 56 56 19 46 14 70 73 15 
14 55 20 57 0 43 47 44 66 42 10 35 54 34 48 67 57 64 55 76 80 22 71 55 23 58 48 43 57 53 5 56 31 46 72 58 36 20 23 49 25 16 3 57 29 77 43 38 53 67 68 69 14 9 20 55 40 62 46 12 39 26 44 67 57 14 61 77 56 60 35 14 31 26 29 30 28 32 52 44 78 36 76 34 48 18 45 42 34 47 
57 23 39 14 43 0 61 56 23 18 43 40 33 35 29 36 45 29 21 53 50 46 28 15 58 33 38 74 69 19 47 53 23 52 31 40 27 39 54 18 60 51 45 84 18 51 22 19 22 62 37 50 41 37 60 42 28 26 57 47 28 54 56 24 17 45 43 35 17 56 8 55 65 53 55 28 56 42 10 17 61 21 57 47 14 32 6 61 62 12 
50 83 30 69 47 61 0 6 80 74 57 21 44 26 42 60 35 61 56 57 66 25 85 76 29 49 32 22 10 56 43 26 68 13 90 42 34 67 69 51 28 33 44 25 61 60 44 42 82 33 62 49 61 41 37 36 78 62 6 36 77 72 5 78 63 33 43 93 78 29 55 39 25 73 20 34 75 20 62 75 49 40 51 15 74 62 67 7 19 54 
49 78 26 64 44 56 6 0 75 69 54 16 38 21 36 54 30 55 50 52 61 22 80 71 29 43 26 27 14 51 40 21 64 8 85 37 29 63 66 46 28 32 41 31 56 55 39 37 77 30 56 44 57 37 37 31 74 56 2 33 73 69 1 73 58 30 38 88 73 24 50 38 27 70 19 29 72 15 57 70 44 35 46 11 69 58 62 10 21 49 
80 22 61 11 66 23 80 75 0 30 65 59 42 54 42 38 55 30 28 57 49 68 5 13 81 41 52 96 87 27 70 66 41 70 10 49 46 59 76 31 83 74 68 104 39 53 37 38 23 71 37 57 63 60 83 52 40 27 76 70 40 75 75 6 19 68 52 13 14 67 31 78 87 72 77 49 75 62 18 27 69 41 64 67 21 54 21 81 84 26 
54 14 47 27 42 18 74 69 30 0 37 54 51 49 46 54 62 47 39 71 68 54 35 17 62 51 55 81 83 37 47 70 11 67 34 58 43 29 46 36 64 54 45 94 14 69 39 36 12 79 55 68 34 40 62 59 10 44 71 50 10 45 69 34 34 49 61 39 17 73 20 56 70 42 63 41 45 54 27 3 79 37 75 59 9 25 14 72 70 30 
17 51 29 57 10 43 57 54 65 37 0 44 60 42 54 72 64 67 58 82 85 32 70 52 33 63 55 53 67 56 15 65 26 55 70 64 42 11 15 52 35 26 13 67 26 82 48 43 49 76 73 75 4 17 30 62 33 65 56 22 32 17 54 67 58 24 67 74 53 69 35 24 41 17 39 36 19 41 52 40 85 41 82 43 45 12 44 52 44 49 
45 62 15 48 35 40 21 16 59 54 44 0 27 5 23 43 23 43 35 45 53 17 64 55 30 32 16 37 29 35 34 21 50 13 69 28 13 51 58 30 31 28 34 45 42 47 23 21 61 32 45 37 47 27 37 22 60 43 17 28 59 61 16 57 42 25 30 72 57 25 34 35 33 61 22 13 63 4 41 54 43 19 42 8 53 45 46 22 27 33 
66 56 38 33 54 33 44 38 42 51 60 27 0 24 6 16 13 17 14 23 27 43 47 45 57 5 12 64 47 16 55 24 53 31 52 7 18 62 74 15 58 53 54 69 45 23 13 18 55 29 18 18 60 45 63 10 61 19 38 51 60 75 39 38 23 48 10 55 48 25 33 60 60 75 49 24 77 31 28 50 28 19 25 35 47 55 39 47 54 21 
44 57 14 43 34 35 26 21 54 49 42 5 24 0 19 40 23 39 30 43 51 19 59 50 33 29 14 42 34 30 33 24 45 18 64 26 8 47 57 25 34 30 33 50 37 45 18 16 56 35 42 36 44 25 39 21 55 38 22 27 54 59 21 52 37 24 28 67 52 28 29 36 36 59 25 8 61 8 36 49 44 14 42 13 48 41 41 27 31 28 
60 52 32 31 48 29 42 36 42 46 54 23 6 19 0 21 16 20 14 29 32 38 47 41 52 10 10 60 46 15 49 25 47 29 52 12 12 56 68 11 53 48 48 67 39 29 7 12 51 33 23 23 54 39 58 13 55 20 36 45 54 69 37 38 23 42 15 55 44 27 27 54 55 69 44 18 71 26 24 46 33 13 30 31 43 49 35 44 49 17 
80 53 53 30 67 36 60 54 38 54 72 43 16 40 21 0 25 8 15 19 14 59 41 43 73 11 28 80 61 17 69 37 58 47 48 18 33 72 86 20 74 69 68 85 51 15 24 29 54 39 2 20 72 59 79 24 64 11 54 66 64 87 55 32 21 63 18 48 45 37 39 75 76 86 65 39 89 47 28 53 31 32 26 51 48 65 41 63 70 24 
67 68 37 46 57 45 35 30 55 62 64 23 13 23 16 25 0 28 27 22 31 40 60 57 53 15 9 57 36 29 56 12 61 22 65 7 22 68 79 27 53 51 56 60 53 25 23 26 67 17 27 14 66 48 60 3 70 30 29 50 69 81 31 51 36 47 8 68 60 12 42 58 55 81 44 28 83 27 40 62 21 26 19 30 59 61 51 40 49 33 
77 45 51 22 64 29 61 55 30 47 67 43 17 39 20 8 28 0 9 27 22 57 33 35 71 13 29 80 64 11 66 40 52 48 40 21 31 66 80 15 72 67 65 86 45 23 21 26 46 44 8 27 66 56 77 27 57 3 55 64 57 81 56 24 13 61 23 41 37 40 33 73 75 80 64 37 83 46 20 45 39 29 34 51 40 59 33 64 69 18 
68 42 42 19 55 21 56 50 28 39 58 35 14 30 14 15 27 9 0 32 29 48 33 31 62 13 24 72 60 2 57 38 43 43 38 21 22 57 71 6 63 58 56 80 36 30 12 17 41 43 16 30 57 47 68 24 49 8 50 55 49 72 51 24 9 52 24 41 34 39 24 64 66 71 55 28 74 38 14 38 42 20 37 43 34 50 26 57 61 9 
87 72 57 49 76 53 57 52 57 71 82 45 23 43 29 19 22 27 32 0 12 62 60 62 75 20 29 79 54 34 76 31 74 44 67 18 40 84 97 35 75 73 76 80 66 5 35 40 73 27 20 8 83 67 82 23 81 30 51 70 81 98 53 51 40 67 15 67 64 28 54 79 77 98 66 46 100 49 46 70 14 42 9 52 66 77 58 62 71 41 
92 67 64 44 80 50 66 61 49 68 85 53 27 51 32 14 31 22 29 12 0 70 52 57 83 22 37 88 65 31 81 41 72 53 59 25 44 86 99 34 84 80 80 91 65 7 37 42 68 38 14 18 85 71 90 31 78 25 60 77 78 100 62 43 35 74 23 59 59 39 53 86 86 100 75 50 102 57 42 67 26 45 21 61 62 79 55 71 80 38 
28 65 7 58 22 46 25 22 68 54 32 17 43 19 38 59 40 57 48 62 70 0 73 60 14 48 33 28 35 47 18 37 46 24 77 45 26 42 44 42 15 11 19 40 40 64 36 31 64 47 61 54 36 16 20 39 56 56 24 11 55 47 22 67 52 8 47 81 62 41 38 18 19 48 9 20 50 13 51 55 60 28 59 12 56 37 50 20 16 43 
85 25 66 16 71 28 85 80 5 35 70 64 47 59 47 41 60 33 33 60 52 73 0 18 86 45 57 101 92 32 75 71 46 75 7 53 51 64 81 36 88 79 73 109 44 56 42 43 26 76 40 60 68 65 88 57 44 30 81 75 45 80 80 9 24 73 56 8 18 72 36 83 92 77 82 54 80 67 23 32 72 46 67 72 26 59 26 86 89 31 
68 11 53 13 55 15 76 71 13 17 52 55 45 50 41 43 57 35 31 62 57 60 18 0 72 44 51 88 84 29 60 66 28 67 18 52 42 46 63 30 74 65 58 99 26 58 35 34 11 74 43 61 50 51 74 54 27 32 72 61 27 62 71 18 22 59 55 22 3 68 22 69 79 59 69 43 62 57 17 14 73 36 68 62 8 41 10 76 76 24 
22 75 20 71 23 58 29 29 81 62 33 30 57 33 52 73 53 71 62 75 83 14 86 72 0 62 46 20 39 61 18 48 53 35 89 58 40 43 44 56 2 8 20 34 48 77 50 45 73 58 75 67 37 22 8 52 63 70 31 13 62 47 29 80 66 13 60 93 74 52 50 11 8 49 10 34 50 26 64 64 72 42 72 23 67 41 62 22 11 57 
70 55 42 32 58 33 49 43 41 51 63 32 5 29 10 11 15 13 13 20 22 48 45 44 62 0 17 69 51 15 59 27 54 36 51 8 22 64 77 15 63 58 58 74 46 19 15 20 54 31 13 17 63 49 68 14 61 15 43 55 61 78 44 36 22 52 11 53 47 27 34 64 65 78 54 28 80 36 27 50 29 23 24 40 47 57 39 52 59 21 
58 61 28 41 48 38 32 26 52 55 55 16 12 14 10 28 9 29 24 29 37 33 57 51 46 17 0 52 36 25 47 15 53 19 62 12 13 59 70 21 47 44 47 57 45 31 16 19 60 24 30 22 57 39 53 7 62 30 26 41 61 72 27 48 33 38 14 65 54 18 35 50 49 72 38 19 74 20 34 55 30 18 28 24 52 52 44 35 43 27 
42 93 35 85 43 74 22 27 96 81 53 37 64 42 60 80 57 80 72 79 88 28 101 88 20 69 52 0 29 72 38 48 72 35 105 63 50 63 64 67 18 28 40 14 67 82 60 58 92 55 82 71 57 41 26 57 82 80 28 33 81 67 26 94 79 32 65 109 90 51 66 31 12 69 19 47 70 34 78 83 71 55 73 29 84 61 78 17 12 70 
60 91 40 76 57 69 10 14 87 83 67 29 47 34 46 61 36 64 60 54 65 35 92 84 39 51 36 29 0 61 53 24 78 17 97 43 42 77 79 57 38 43 54 27 70 58 50 50 90 29 63 47 71 51 47 38 88 66 12 46 87 82 14 84 69 43 43 100 86 26 63 49 35 83 30 42 85 29 69 83 45 48 47 25 82 72 75 17 29 61 
67 40 41 17 53 19 56 51 27 37 56 35 16 30 15 17 29 11 2 34 31 47 32 29 61 15 25 72 61 0 56 40 41 44 37 23 22 55 69 5 62 57 55 80 34 32 12 16 39 45 18 32 55 46 67 26 47 9 51 54 47 70 51 23 8 51 26 40 32 41 22 63 66 69 55 27 72 38 12 36 44 19 39 43 32 48 24 57 61 7 
11 60 19 61 5 47 43 40 70 47 15 34 55 33 49 69 56 66 57 76 81 18 75 60 18 59 47 38 53 56 0 55 36 42 77 59 37 25 27 51 20 11 2 52 34 78 45 40 58 65 70 69 19 10 15 54 45 65 42 7 44 29 40 71 60 10 61 82 61 59 39 9 26 31 24 31 32 31 55 49 77 37 75 30 53 23 50 37 29 50 
65 76 36 56 56 53 26 21 66 70 65 21 24 24 25 37 12 40 38 31 41 37 71 66 48 27 15 48 24 40 55 0 67 13 76 19 27 71 79 36 47 48 55 50 59 34 31 34 75 11 39 23 68 48 56 14 77 42 20 48 76 82 22 62 47 45 19 79 69 4 50 55 47 82 38 31 84 24 49 70 24 33 25 25 67 65 59 31 41 42 
43 25 39 35 31 23 68 64 41 11 26 50 53 45 47 58 61 52 43 74 72 46 46 28 53 54 53 72 78 41 36 67 0 63 45 59 40 18 35 39 55 45 34 85 8 73 40 35 23 77 59 70 23 31 51 59 10 49 66 41 9 34 64 44 40 40 62 50 28 70 20 45 61 31 55 37 34 49 33 14 80 35 77 53 20 14 21 65 61 34 
52 75 26 59 46 52 13 8 70 67 55 13 31 18 29 47 22 48 43 44 53 24 75 67 35 36 19 35 17 44 42 13 63 0 80 29 25 63 68 40 34 35 43 38 55 47 33 33 74 23 49 36 58 38 43 23 73 49 7 35 72 71 9 67 52 32 30 83 69 17 47 42 34 72 25 26 74 14 52 67 37 31 38 12 66 57 58 18 28 44 
86 21 70 21 72 31 90 85 10 34 70 69 52 64 52 48 65 40 38 67 59 77 7 18 89 51 62 105 97 37 77 76 45 80 0 59 56 63 80 41 91 82 75 114 44 63 47 48 23 81 47 67 67 68 91 62 42 37 86 78 43 79 85 16 29 76 62 5 17 77 39 86 96 76 86 59 79 72 28 31 79 51 74 77 25 58 27 91 93 36 
70 63 40 40 58 40 42 37 49 58 64 28 7 26 12 18 7 21 21 18 25 45 53 52 58 8 12 63 43 23 59 19 59 29 59 0 22 68 79 22 59 56 58 67 51 19 19 24 62 23 20 11 66 49 65 6 67 23 36 53 66 81 38 44 30 50 3 61 55 19 39 62 61 81 50 28 83 32 35 57 21 25 18 36 54 61 46 46 55 28 
48 50 20 35 36 27 34 29 46 43 42 13 18 8 12 33 22 31 22 40 44 26 51 42 40 22 13 50 42 22 37 27 40 25 56 22 0 46 57 17 41 36 36 58 32 41 10 8 49 37 35 33 44 27 46 20 50 30 30 33 49 59 29 44 29 30 25 59 44 30 23 42 44 59 33 6 61 16 28 43 43 6 40 21 41 39 33 35 39 20 
28 43 37 52 20 39 67 63 59 29 11 51 62 47 56 72 68 66 57 84 86 42 64 46 43 64 59 63 77 55 25 71 18 63 63 68 46 0 17 52 45 36 23 77 21 83 49 44 41 82 73 79 7 26 40 66 23 64 65 32 22 16 63 61 55 34 71 68 46 75 33 34 51 14 49 41 17 49 49 32 89 43 86 52 38 7 38 62 54 48 
22 59 43 68 23 54 69 66 76 46 15 58 74 57 68 86 79 80 71 97 99 44 81 63 44 77 70 64 79 69 27 79 35 68 80 79 57 17 0 66 46 37 25 78 37 96 62 57 57 90 87 90 14 32 38 77 39 78 68 34 38 3 66 78 71 36 82 85 63 83 48 33 52 6 50 51 6 55 64 49 100 55 97 56 55 22 55 63 55 62 
62 41 36 20 49 18 51 46 31 36 52 30 15 25 11 20 27 15 6 35 34 42 36 30 56 15 21 67 57 5 51 36 39 40 41 22 17 52 66 0 57 52 50 75 31 34 7 11 40 44 21 32 52 41 62 24 46 14 47 49 46 67 46 27 12 46 25 44 33 38 19 58 61 66 50 22 69 33 13 35 43 14 39 38 32 45 24 52 56 6 
24 77 22 73 25 60 28 28 83 64 35 31 58 34 53 74 53 72 63 75 84 15 88 74 2 63 47 18 38 62 20 47 55 34 91 59 41 45 46 57 0 10 22 32 50 78 51 46 75 57 76 67 39 24 9 53 65 71 30 15 64 49 28 82 67 15 61 95 76 51 52 13 6 51 9 35 52 27 66 66 71 43 72 23 69 43 64 21 9 58 
18 67 16 64 16 51 33 32 74 54 26 28 53 30 48 69 51 67 58 73 80 11 79 65 8 58 44 28 43 57 11 48 45 35 82 56 36 36 37 52 10 0 13 42 40 75 46 41 65 58 71 65 30 14 10 50 55 66 33 5 54 40 31 74 61 6 58 86 67 52 43 7 16 42 13 30 43 24 58 56 71 38 70 23 59 34 55 26 18 51 
12 58 19 59 3 45 44 41 68 45 13 34 54 33 48 68 56 65 56 76 80 19 73 58 20 58 47 40 54 55 2 55 34 43 75 58 36 23 25 50 22 13 0 54 32 77 44 39 56 66 69 69 17 9 17 54 43 64 43 9 42 28 41 69 59 11 61 80 59 59 37 11 28 29 26 30 31 31 54 47 77 36 75 31 51 21 48 39 31 49 
56 105 47 93 57 84 25 31 104 94 67 45 69 50 67 85 60 86 80 80 91 40 109 99 34 74 57 14 27 80 52 50 85 38 114 67 58 77 78 75 32 42 54 0 80 84 68 66 104 56 87 73 71 54 40 61 95 87 31 46 94 81 30 102 87 45 68 117 101 52 77 45 26 83 31 56 84 42 86 95 72 63 74 37 96 75 89 23 24 78 
42 27 33 31 29 18 61 56 39 14 26 42 45 37 39 51 53 45 36 66 65 40 44 26 48 46 45 67 70 34 34 59 8 55 44 51 32 21 37 31 50 40 32 80 0 65 32 27 25 69 52 62 24 26 49 51 18 43 58 36 17 37 56 41 34 35 54 48 27 62 12 43 56 35 49 29 38 41 28 16 72 27 69 46 19 15 18 59 56 27 
89 68 59 45 77 51 60 55 53 69 82 47 23 45 29 15 25 23 30 5 7 64 56 58 77 19 31 82 58 32 78 34 73 47 63 19 41 83 96 34 78 75 77 84 65 0 34 39 69 31 16 11 82 68 84 25 79 26 54 72 79 97 56 47 36 69 17 63 60 32 53 81 80 97 69 47 99 51 43 68 19 42 14 55 63 76 56 65 74 39 
56 45 30 26 43 22 44 39 37 39 48 23 13 18 7 24 23 21 12 35 37 36 42 35 50 15 16 60 50 12 45 31 40 33 47 19 10 49 62 7 51 46 44 68 32 34 0 5 44 40 25 30 48 35 56 20 48 20 40 43 47 63 39 34 19 40 22 50 38 34 20 52 54 63 43 16 65 26 19 39 40 8 37 31 36 42 28 45 49 11 
51 42 25 27 38 19 42 37 38 36 43 21 18 16 12 29 26 26 17 40 42 31 43 34 45 20 19 58 50 16 40 34 35 33 48 24 8 44 57 11 46 41 39 66 27 39 5 0 41 43 30 35 43 30 51 24 44 25 38 38 43 58 37 36 21 35 27 51 36 37 16 47 50 58 40 11 60 24 20 36 45 3 42 29 33 37 25 43 46 12 
66 2 57 24 53 22 82 77 23 12 49 61 55 56 51 54 67 46 41 73 68 64 26 11 73 54 60 92 90 39 58 75 23 74 23 62 49 41 57 40 75 65 56 104 25 69 44 41 0 84 54 71 46 51 73 64 19 43 78 61 20 56 77 28 33 60 65 28 9 78 27 67 81 53 73 48 56 62 27 9 83 43 78 67 8 37 16 81 80 34 
75 85 47 62 67 62 33 30 71 79 76 32 29 35 33 39 17 44 43 27 38 47 76 74 58 31 24 55 29 45 65 11 77 23 81 23 37 82 90 44 57 58 66 56 69 31 40 43 84 0 41 20 79 59 66 20 86 46 28 58 85 93 30 67 52 55 21 84 77 7 59 65 56 93 48 42 95 35 57 79 16 42 18 35 76 76 68 39 50 50 
81 53 55 30 68 37 62 56 37 55 73 45 18 42 23 2 27 8 16 20 14 61 40 43 75 13 30 82 63 18 70 39 59 49 47 20 35 73 87 21 76 71 69 87 52 16 25 30 54 41 0 21 73 60 81 26 65 11 56 68 65 88 57 31 21 65 20 47 45 39 40 77 78 87 67 41 90 49 28 53 32 33 27 53 48 66 41 65 72 25 
80 72 50 49 69 50 49 44 57 68 75 37 18 36 23 20 14 27 30 8 18 54 60 61 67 17 22 71 47 32 69 23 70 36 67 11 33 79 90 32 67 65 69 73 62 11 30 35 71 20 21 0 77 60 74 15 78 30 43 63 77 92 45 51 39 60 8 68 64 21 50 72 69 92 58 39 94 41 44 67 12 36 7 44 64 72 56 54 63 38 
21 48 32 55 14 41 61 57 63 34 4 47 60 44 54 72 66 66 57 83 85 36 68 50 37 63 57 57 71 55 19 68 23 58 67 66 44 7 14 52 39 30 17 71 24 82 48 43 46 79 73 77 0 20 34 64 29 64 59 26 28 15 57 65 57 28 69 72 50 72 34 28 45 15 43 38 17 44 51 37 87 41 84 46 42 9 42 56 48 48 
21 53 12 51 9 37 41 37 60 40 17 27 45 25 39 59 48 56 47 67 71 16 65 51 22 49 39 41 51 46 10 48 31 38 68 49 27 26 32 41 24 14 9 54 26 68 35 30 51 59 60 60 20 0 23 46 41 55 39 10 40 34 37 61 50 9 52 72 53 52 29 18 30 34 24 21 36 24 45 42 69 27 67 26 45 21 41 36 30 40 
16 75 26 74 20 60 37 37 83 62 30 37 63 39 58 79 60 77 68 82 90 20 88 74 8 68 53 26 47 67 15 56 51 43 91 65 46 40 38 62 9 10 17 40 49 84 56 51 73 66 81 74 34 23 0 59 60 76 39 13 59 41 37 83 71 16 67 95 75 60 52 6 14 43 18 40 44 33 67 64 80 48 79 31 68 38 64 30 18 61 
65 65 35 43 55 42 36 31 52 59 62 22 10 21 13 24 3 27 24 23 31 39 57 54 52 14 7 57 38 26 54 14 59 23 62 6 20 66 77 24 53 50 54 61 51 25 20 24 64 20 26 15 64 46 59 0 68 29 30 48 67 79 32 48 33 45 8 65 57 15 40 57 55 79 44 26 81 26 37 59 23 24 21 30 56 59 48 40 49 30 
50 21 49 37 40 28 78 74 40 10 33 60 61 55 55 64 70 57 49 81 78 56 44 27 63 61 62 82 88 47 45 77 10 73 42 67 50 23 39 46 65 55 43 95 18 79 48 44 19 86 65 78 29 41 60 68 0 54 76 50 1 37 74 44 44 50 70 47 26 80 28 54 71 34 65 47 37 59 37 13 88 44 85 63 19 22 24 75 71 40 
76 42 50 19 62 26 62 56 27 44 65 43 19 38 20 11 30 3 8 30 25 56 30 32 70 15 30 80 66 9 65 42 49 49 37 23 30 64 78 14 71 66 64 87 43 26 20 25 43 46 11 30 64 55 76 29 54 0 56 63 54 79 57 21 10 60 26 38 34 42 31 72 74 78 63 36 81 46 17 42 42 28 37 51 37 57 30 64 69 16 
51 79 28 65 46 57 6 2 76 71 56 17 38 22 36 54 29 55 50 51 60 24 81 72 31 43 26 28 12 51 42 20 66 7 86 36 30 65 68 47 30 33 43 31 58 54 40 38 78 28 56 43 59 39 39 30 76 56 0 35 75 71 2 74 59 32 37 89 74 23 51 40 28 72 21 30 74 17 58 71 43 36 45 13 70 60 63 11 22 50 
17 63 13 61 12 47 36 33 70 50 22 28 51 27 45 66 50 64 55 70 77 11 75 61 13 55 41 33 46 54 7 48 41 35 78 53 33 32 34 49 15 5 9 46 36 72 43 38 61 58 68 63 26 10 13 48 50 63 35 0 49 36 33 70 58 3 55 82 62 52 39 9 21 38 17 27 39 24 54 52 71 35 69 23 55 29 51 30 22 48 
49 22 48 37 39 28 77 73 40 10 32 59 60 54 54 64 69 57 49 81 78 55 45 27 62 61 61 81 87 47 44 76 9 72 43 66 49 22 38 46 64 54 42 94 17 79 47 43 20 85 65 77 28 40 59 67 1 54 75 49 0 36 73 44 44 49 69 48 27 79 27 53 70 33 64 46 36 58 37 13 87 43 84 62 19 21 24 74 70 40 
25 58 46 68 26 54 72 69 75 45 17 61 75 59 69 87 81 81 72 98 100 47 80 62 47 78 72 67 82 70 29 82 34 71 79 81 59 16 3 67 49 40 28 81 37 97 63 58 56 93 88 92 15 34 41 79 37 79 71 36 36 0 69 77 71 39 84 84 62 86 48 36 55 3 53 53 3 58 64 48 102 56 99 59 54 22 54 66 58 63 
49 78 26 64 44 56 5 1 75 69 54 16 39 21 37 55 31 56 51 53 62 22 80 71 29 44 27 26 14 51 40 22 64 9 85 38 29 63 66 46 28 31 41 30 56 56 39 37 77 30 57 45 57 37 37 32 74 57 2 33 73 69 0 73 58 30 39 88 73 25 50 38 26 70 19 29 72 15 57 70 45 35 47 11 69 58 62 9 20 49 
81 27 60 10 67 24 78 73 6 34 67 57 38 52 38 32 51 24 24 51 43 67 9 18 80 36 48 94 84 23 71 62 44 67 16 44 44 61 78 27 82 74 69 102 41 47 34 36 28 67 31 51 65 61 83 48 44 21 74 70 44 77 73 0 15 68 47 17 19 63 32 79 86 75 76 47 78 60 16 31 63 39 58 65 25 56 23 79 82 24 
71 33 46 10 57 17 63 58 19 34 58 42 23 37 23 21 36 13 9 40 35 52 24 22 66 22 33 79 69 8 60 47 40 52 29 30 29 55 71 12 67 61 59 87 34 36 19 21 33 52 21 39 57 50 71 33 44 10 59 58 44 71 58 15 0 55 33 32 25 48 23 67 71 69 61 32 72 45 7 32 51 24 46 50 27 49 20 64 67 10 
20 62 10 58 14 45 33 30 68 49 24 25 48 24 42 63 47 61 52 67 74 8 73 59 13 52 38 32 43 51 10 45 40 32 76 50 30 34 36 46 15 6 11 45 35 69 40 35 60 55 65 60 28 9 16 45 50 60 32 3 49 39 30 68 55 0 52 80 61 49 37 12 21 40 15 24 42 21 52 51 68 32 66 20 54 30 49 28 21 45 
72 66 42 43 61 43 43 38 52 61 67 30 10 28 15 18 8 23 24 15 23 47 56 55 60 11 14 65 43 26 61 19 62 30 62 3 25 71 82 25 61 58 61 68 54 17 22 27 65 21 20 8 69 52 67 8 70 26 37 55 69 84 39 47 33 52 0 64 58 19 42 64 63 84 52 31 86 34 38 60 18 28 15 38 57 64 49 48 57 31 
90 26 74 24 77 35 93 88 13 39 74 72 55 67 55 48 68 41 41 67 59 81 8 22 93 53 65 109 100 40 82 79 50 83 5 61 59 68 85 44 95 86 80 117 48 63 50 51 28 84 47 68 72 72 95 65 47 38 89 82 48 84 88 17 32 80 64 0 22 80 43 90 100 81 90 62 84 75 31 36 79 54 74 80 30 63 32 94 97 39 
69 8 55 15 56 17 78 73 14 17 53 57 48 52 44 45 60 37 34 64 59 62 18 3 74 47 54 90 86 32 61 69 28 69 17 55 44 46 63 33 76 67 59 101 27 60 38 36 9 77 45 64 50 53 75 57 26 34 74 62 27 62 73 19 25 61 58 22 0 71 24 70 81 59 71 45 62 59 20 14 76 38 71 64 8 41 12 78 78 27 
69 79 40 58 60 56 29 24 67 73 69 25 25 28 27 37 12 40 39 28 39 41 72 68 52 27 18 51 26 41 59 4 70 17 77 19 30 75 83 38 51 52 59 52 62 32 34 37 78 7 39 21 72 52 60 15 80 42 23 52 79 86 25 63 48 49 19 80 71 0 53 59 51 86 42 35 88 28 51 73 20 36 22 29 70 69 62 34 45 44 
49 28 31 22 35 8 55 50 31 20 35 34 33 29 27 39 42 33 24 54 53 38 36 22 50 34 35 66 63 22 39 50 20 47 39 39 23 33 48 19 52 43 37 77 12 53 20 16 27 59 40 50 34 29 52 40 28 31 51 39 27 48 50 32 23 37 42 43 24 53 0 47 57 47 47 21 50 35 17 20 60 17 57 40 19 26 12 54 54 15 
11 69 22 69 14 55 39 38 78 56 24 35 60 36 54 75 58 73 64 79 86 18 83 69 11 64 50 31 49 63 9 55 45 42 86 62 42 34 33 58 13 7 11 45 43 81 52 47 67 65 77 72 28 18 6 57 54 72 40 9 53 36 38 79 67 12 64 90 70 59 47 0 19 38 19 36 39 31 63 58 78 44 77 30 62 32 59 32 22 57 
30 83 26 77 31 65 25 27 87 70 41 33 60 36 55 76 55 75 66 77 86 19 92 79 8 65 49 12 35 66 26 47 61 34 96 61 44 51 52 61 6 16 28 26 56 80 54 50 81 56 78 69 45 30 14 55 71 74 28 21 70 55 26 86 71 21 63 100 81 51 57 19 0 57 11 39 58 29 70 72 71 47 72 25 75 49 69 18 6 62 
27 55 46 66 26 53 73 70 72 42 17 61 75 59 69 86 81 80 71 98 100 48 77 59 49 78 72 69 83 69 31 82 31 72 76 81 59 14 6 66 51 42 29 83 35 97 63 58 53 93 87 92 15 34 43 79 34 78 72 38 33 3 70 75 69 40 84 81 59 86 47 38 57 0 55 53 3 58 63 45 102 56 99 60 51 21 52 68 60 62 
30 74 16 67 29 55 20 19 77 63 39 22 49 25 44 65 44 64 55 66 75 9 82 69 10 54 38 19 30 55 24 38 55 25 86 50 33 49 50 50 9 13 26 31 49 69 43 40 73 48 67 58 43 24 18 44 65 63 21 17 64 53 19 76 61 15 52 90 71 42 47 19 11 55 0 29 56 18 60 64 62 37 63 14 65 45 59 13 7 52 
42 49 14 38 30 28 34 29 49 41 36 13 24 8 18 39 28 37 28 46 50 20 54 43 34 28 19 47 42 27 31 31 37 26 59 28 6 41 51 22 35 30 30 56 29 47 16 11 48 42 41 39 38 21 40 26 47 36 30 27 46 53 29 47 32 24 31 62 45 35 21 36 39 53 29 0 55 14 31 41 49 8 46 19 40 34 33 33 35 23 
28 58 48 69 28 56 75 72 75 45 19 63 77 61 71 89 83 83 74 100 102 50 80 62 50 80 74 70 85 72 32 84 34 74 79 83 61 17 6 69 52 43 31 84 38 99 65 60 56 95 90 94 17 36 44 81 37 81 74 39 36 3 72 78 72 42 86 84 62 88 50 39 58 3 56 55 0 60 66 48 104 58 101 62 54 24 55 69 61 65 
41 63 12 51 32 42 20 15 62 54 41 4 31 8 26 47 27 46 38 49 57 13 67 57 26 36 20 34 29 38 31 24 49 14 72 32 16 49 55 33 27 24 31 42 41 51 26 24 62 35 49 41 44 24 33 26 59 46 17 24 58 58 15 60 45 21 34 75 59 28 35 31 29 58 18 14 60 0 44 55 47 21 46 5 54 43 47 19 23 36 
66 28 44 7 52 10 62 57 18 27 52 41 28 36 24 28 40 20 14 46 42 51 23 17 64 27 34 78 69 12 55 49 33 52 28 35 28 49 64 13 66 58 54 86 28 43 19 20 27 57 28 44 51 45 67 37 37 17 58 54 37 64 57 16 7 52 38 31 20 51 17 63 70 63 60 31 66 44 0 25 56 23 51 49 20 42 13 63 66 8 
57 11 48 25 44 17 75 70 27 3 40 54 50 49 46 53 62 45 38 70 67 55 32 14 64 50 55 83 83 36 49 70 14 67 31 57 43 32 49 35 66 56 47 95 16 68 39 36 9 79 53 67 37 42 64 59 13 42 71 52 13 48 70 31 32 51 60 36 14 73 20 58 72 45 64 41 48 55 25 0 78 37 74 60 6 28 12 74 71 29 
88 84 58 61 78 61 49 44 69 79 85 43 28 44 33 31 21 39 42 14 26 60 72 73 72 29 30 71 45 44 77 24 80 37 79 21 43 89 100 43 71 71 77 72 72 19 40 45 83 16 32 12 87 69 80 23 88 42 43 71 87 102 45 63 51 68 18 79 76 20 60 78 71 102 62 49 104 47 56 78 0 46 5 49 75 82 67 54 65 49 
48 44 22 30 36 21 40 35 41 37 41 19 19 14 13 32 26 29 20 42 45 28 46 36 42 23 18 55 48 19 37 33 35 31 51 25 6 43 55 14 43 38 36 63 27 42 8 3 43 42 33 36 41 27 48 24 44 28 36 35 43 56 35 39 24 32 28 54 38 36 17 44 47 56 37 8 58 21 23 37 46 0 43 26 35 36 27 40 43 15 
86 79 56 56 76 57 51 46 64 75 82 42 25 42 30 26 19 34 37 9 21 59 67 68 72 24 28 73 47 39 75 25 77 38 74 18 40 86 97 39 72 70 75 74 69 14 37 42 78 18 27 7 84 67 79 21 85 37 45 69 84 99 47 58 46 66 15 74 71 22 57 77 72 99 63 46 101 46 51 74 5 43 0 49 71 79 63 56 66 45 
40 68 15 56 34 47 15 11 67 59 43 8 35 13 31 51 30 51 43 52 61 12 72 62 23 40 24 29 25 43 30 25 53 12 77 36 21 52 56 38 23 23 31 37 46 55 31 29 67 35 53 44 46 26 31 30 63 51 13 23 62 59 11 65 50 20 38 80 64 29 40 30 25 60 14 19 62 5 49 60 49 26 49 0 59 47 52 14 19 41 
61 9 49 19 48 14 74 69 21 9 45 53 47 48 43 48 59 40 34 66 62 56 26 8 67 47 52 84 82 32 53 67 20 66 25 54 41 38 55 32 69 59 51 96 19 63 36 33 8 76 48 64 42 45 68 56 19 37 70 55 19 54 69 25 27 54 57 30 8 70 19 62 75 51 65 40 54 54 20 6 75 35 71 59 0 33 8 73 72 26 
29 39 32 46 18 32 62 58 54 25 12 45 55 41 49 65 61 59 50 77 79 37 59 41 41 57 52 61 72 48 23 65 14 57 58 61 39 7 22 45 43 34 21 75 15 76 42 37 37 76 66 72 9 21 38 59 22 57 60 29 21 22 58 56 49 30 64 63 41 69 26 32 49 21 45 34 24 43 42 28 82 36 79 47 33 0 33 57 51 41 
59 17 43 14 45 6 67 62 21 14 44 46 39 41 35 41 51 33 26 58 55 50 26 10 62 39 44 78 75 24 50 59 21 58 27 46 33 38 55 24 64 55 48 89 18 56 28 25 16 68 41 56 42 41 64 48 24 30 63 51 24 54 62 23 20 49 49 32 12 62 12 59 69 52 59 33 55 47 13 12 67 27 63 52 8 33 0 66 66 18 
43 82 26 70 42 61 7 10 81 72 52 22 47 27 44 63 40 64 57 62 71 20 86 76 22 52 35 17 17 57 37 31 65 18 91 46 35 62 63 52 21 26 39 23 59 65 45 43 81 39 65 54 56 36 30 40 75 64 11 30 74 66 9 79 64 28 48 94 78 34 54 32 18 68 13 33 69 19 63 74 54 40 56 14 73 57 66 0 12 55 
33 81 23 73 34 62 19 21 84 70 44 27 54 31 49 70 49 69 61 71 80 16 89 76 11 59 43 12 29 61 29 41 61 28 93 55 39 54 55 56 9 18 31 24 56 74 49 46 80 50 72 63 48 30 18 49 71 69 22 22 70 58 20 82 67 21 57 97 78 45 54 22 6 60 7 35 61 23 66 71 65 43 66 19 72 51 66 12 0 58 
61 35 37 15 47 12 54 49 26 30 49 33 21 28 17 24 33 18 9 41 38 43 31 24 57 21 27 70 61 7 50 42 34 44 36 28 20 48 62 6 58 51 49 78 27 39 11 12 34 50 25 38 48 40 61 30 40 16 50 48 40 63 49 24 10 45 31 39 27 44 15 57 62 62 52 23 65 36 8 29 49 15 45 41 26 41 18 55 58 0 
92
52
14
12
41
38
12
79
12
78
86
78
16
13
29
16
79
84
31
68
46
45
56
10
10
82
100
38
37
10
15
56
4
46
40
7
79
21
23
92
80
18
39
42
16
36
3
54
66
84
1
8
96
97
47
55
63
2
9
75
3
69
97
84
87
56
41
57
12
79
62
29
43
13
93
65
99
63
2
99
65
81
97
45
39
94
42
98
95
