70
0 95 33 65 47 71 82 104 53 68 42 32 50 48 69 36 89 78 55 49 74 56 68 65 18 28 39 105 93 60 31 41 45 67 60 15 71 25 19 64 30 49 67 58 56 60 79 52 57 77 69 48 74 99 78 61 51 103 41 66 132 68 58 98 111 39 52 33 46 42 
95 0 90 97 105 109 124 142 110 83 74 64 82 62 55 68 83 101 93 106 133 71 116 92 113 94 96 120 96 98 97 73 77 99 123 81 114 82 76 96 109 76 85 37 114 116 111 66 114 19 107 80 99 156 127 99 83 125 55 98 146 116 72 134 143 71 66 91 60 76 
33 90 0 98 80 104 83 137 20 92 75 65 83 81 71 69 114 50 88 16 107 89 63 95 51 61 6 72 126 93 64 74 74 96 61 48 72 20 14 93 47 82 100 53 69 68 89 85 52 109 98 81 107 94 74 94 84 77 74 86 132 35 91 93 104 72 85 66 79 75 
65 97 98 0 80 104 107 132 92 70 25 33 43 49 104 29 24 88 88 114 109 58 103 119 83 63 104 66 124 93 66 24 38 68 120 50 109 90 84 57 77 103 68 122 104 85 80 53 112 78 101 49 67 83 103 93 52 71 42 67 133 77 59 103 104 40 53 68 47 37 
47 105 80 80 0 88 100 109 94 49 57 49 65 46 50 51 104 31 72 90 91 37 42 86 65 19 80 86 114 77 48 56 60 65 78 32 89 69 66 79 77 70 84 68 32 13 47 50 53 89 71 65 89 99 31 78 49 85 58 34 130 99 75 85 82 56 42 14 63 43 
71 109 104 104 88 0 70 65 99 87 81 73 89 84 54 75 128 92 16 120 24 75 77 49 89 69 110 89 74 21 67 80 66 98 48 56 37 89 90 85 99 33 108 72 71 90 54 88 66 118 30 89 113 81 88 22 82 94 82 67 159 105 99 92 89 80 80 74 87 78 
82 124 83 107 100 70 0 103 85 111 84 74 92 90 92 78 127 117 54 99 94 99 76 56 64 104 89 127 112 59 86 83 87 95 22 91 33 63 69 106 76 71 39 108 102 105 92 91 65 105 68 90 113 68 87 60 79 132 69 94 171 100 52 130 99 67 94 109 64 70 
104 142 137 132 109 65 103 0 132 72 109 99 117 83 87 103 151 114 49 153 89 74 78 82 122 102 143 109 107 54 105 108 99 91 81 89 70 122 123 118 134 66 134 105 104 96 87 87 89 126 63 115 141 127 89 55 107 114 106 100 167 138 123 125 122 106 79 97 111 111 
53 110 20 92 94 99 85 132 0 89 69 67 77 83 91 63 94 70 83 24 114 92 83 97 71 81 14 52 131 78 84 68 54 102 63 68 74 40 34 73 67 100 102 73 89 88 97 87 72 112 87 83 101 100 94 79 86 57 76 101 152 15 93 106 124 74 87 86 81 71 
68 83 92 70 49 87 111 72 89 0 47 37 55 21 71 41 79 42 71 108 111 12 57 104 86 40 98 37 119 66 69 46 50 19 103 53 92 90 87 69 89 88 72 89 79 60 63 25 63 64 57 53 79 129 68 65 35 42 44 50 105 74 61 101 98 44 17 35 49 49 
42 74 75 25 57 81 84 109 69 47 0 10 20 26 81 6 49 65 65 91 86 35 80 96 60 40 81 84 101 70 43 1 15 45 97 27 86 67 61 34 54 80 45 99 81 62 57 30 89 55 78 26 44 108 80 70 29 89 19 44 110 54 36 80 81 17 30 45 24 14 
32 64 65 33 49 73 74 99 67 37 10 0 18 16 71 4 57 55 57 81 76 25 70 90 50 30 71 74 91 62 33 9 13 35 89 17 78 57 51 32 52 74 35 89 71 52 47 20 79 45 70 16 42 110 70 63 19 79 9 34 100 52 26 70 79 7 20 35 14 12 
50 82 83 43 65 89 92 117 77 55 20 18 0 34 89 14 67 73 73 99 94 43 84 98 68 48 89 92 109 78 51 19 23 53 86 35 75 75 69 42 62 88 53 107 74 55 65 38 95 63 86 34 52 120 73 78 37 97 27 52 118 62 44 88 89 25 38 53 32 22 
48 62 81 49 46 84 90 83 83 21 26 16 34 0 68 20 73 39 68 97 92 9 54 101 66 37 87 58 101 63 49 25 29 37 100 33 89 73 67 48 68 85 51 86 76 57 63 4 65 43 54 32 58 126 65 62 35 63 25 50 84 68 42 86 95 23 4 32 30 28 
69 55 71 104 50 54 92 87 91 71 81 71 89 68 0 75 128 80 38 87 78 59 87 37 87 41 77 108 96 43 70 80 84 90 70 54 59 63 57 103 90 21 96 18 59 63 76 72 95 74 52 87 113 116 81 44 90 113 80 84 152 106 97 114 111 78 64 36 85 81 
36 68 69 29 51 75 78 103 63 41 6 4 14 20 75 0 53 59 59 85 80 29 74 90 54 34 75 78 95 64 37 5 9 39 91 21 80 61 55 28 48 74 39 93 75 56 51 24 83 49 72 20 38 106 74 64 23 83 13 38 104 48 30 74 75 11 24 39 18 8 
89 83 114 24 104 128 127 151 94 79 49 57 67 73 128 53 0 112 112 118 133 82 127 143 99 87 108 42 135 110 90 48 62 92 141 74 133 114 108 81 101 127 88 120 128 109 104 77 136 102 119 73 91 107 127 111 76 47 66 91 157 79 83 127 128 64 77 92 71 61 
78 101 50 88 31 92 117 114 70 42 65 55 73 39 80 59 112 0 76 66 116 40 47 69 75 50 56 79 134 81 79 64 68 61 103 63 92 70 64 74 87 59 78 98 37 18 78 43 58 82 85 71 97 130 36 82 62 84 64 65 123 85 81 116 113 50 35 45 69 67 
55 93 88 88 72 16 54 49 83 71 65 57 73 68 38 59 112 76 0 104 40 59 69 33 73 53 94 73 58 5 56 64 50 82 32 40 21 73 74 69 85 17 92 56 55 74 38 72 80 102 14 73 97 78 77 6 66 78 66 51 152 89 83 76 73 64 64 58 71 62 
49 106 16 114 90 120 99 153 24 108 91 81 99 97 87 85 118 66 104 0 100 105 79 111 67 77 10 76 142 101 80 90 78 112 77 64 88 36 30 97 63 98 116 69 85 84 73 101 68 125 97 97 123 110 90 100 100 81 90 86 148 39 107 102 108 88 101 82 95 91 
74 133 107 109 91 24 94 89 114 111 86 76 94 92 78 80 133 116 40 100 0 99 101 73 87 72 110 113 98 45 43 85 89 111 72 59 61 99 93 88 75 57 111 96 95 104 78 96 90 121 54 92 118 105 112 46 95 118 85 91 176 99 102 116 95 83 96 77 90 82 
56 71 89 58 37 75 99 74 92 12 35 25 43 9 59 29 82 40 59 105 99 0 45 92 74 28 95 49 107 54 57 34 38 31 91 41 80 78 75 57 77 76 60 77 69 50 69 13 56 52 45 41 67 135 56 53 44 54 32 59 93 77 49 95 104 32 5 23 37 37 
68 116 63 103 42 77 76 78 83 57 80 70 84 54 87 74 127 47 69 79 101 45 0 96 69 56 69 94 127 74 85 79 83 55 96 69 90 55 49 84 81 80 102 88 48 29 69 58 11 97 83 86 112 129 11 75 71 99 77 76 138 98 94 107 104 74 50 51 82 82 
65 92 95 119 86 49 56 82 97 104 96 90 98 101 37 90 143 69 33 111 73 92 96 0 76 78 101 106 91 38 89 95 81 115 34 73 23 75 81 100 88 16 95 55 54 73 71 105 107 111 47 106 128 80 85 39 99 111 99 84 185 112 108 109 106 97 97 73 104 95 
18 113 51 83 65 89 64 122 71 86 60 50 68 66 87 54 99 75 73 67 87 74 69 76 0 46 57 123 111 78 44 59 63 85 42 33 53 43 37 82 12 67 85 76 38 57 69 70 75 95 87 66 92 88 75 79 69 121 59 82 150 86 76 107 104 57 70 51 64 52 
28 94 61 63 19 69 104 102 81 40 40 30 48 37 41 34 87 50 53 77 72 28 56 78 46 0 67 77 95 58 29 39 43 59 85 13 74 50 47 62 58 62 65 59 51 32 66 41 67 75 67 46 72 118 50 59 49 82 39 53 121 82 56 100 101 37 33 5 44 40 
39 96 6 104 80 110 89 143 14 98 81 71 89 87 77 75 108 56 94 10 110 95 69 101 57 67 0 66 132 92 70 80 68 102 67 54 78 26 20 87 53 88 106 59 75 74 83 91 58 115 101 87 113 100 80 93 90 71 80 92 138 29 97 92 110 78 91 72 85 81 
105 120 72 66 86 89 127 109 52 37 84 74 92 58 108 78 42 79 73 76 113 49 94 106 123 77 66 0 93 68 106 83 76 56 105 90 94 92 86 95 119 90 109 125 116 97 69 62 100 101 77 90 116 122 105 69 71 5 81 56 142 37 98 107 104 81 54 72 86 86 
93 96 126 124 114 74 112 107 131 119 101 91 109 101 96 95 135 134 58 142 98 107 127 91 111 95 132 93 0 53 114 100 104 126 90 98 79 118 112 123 123 75 126 114 113 127 86 105 138 77 62 75 133 136 125 54 110 88 100 99 185 130 117 124 121 98 105 100 105 103 
60 98 93 93 77 21 59 54 78 66 70 62 78 63 43 64 110 81 5 101 45 54 74 38 78 58 92 68 53 0 61 69 55 77 37 45 26 78 79 74 90 22 97 61 60 79 33 67 85 106 9 78 102 83 72 1 61 73 71 46 147 93 88 71 68 69 59 63 76 57 
31 97 64 66 48 67 86 105 84 69 43 33 51 49 70 37 90 79 56 80 43 57 85 89 44 29 70 106 114 61 0 42 46 68 64 16 75 56 50 65 32 73 68 88 80 61 80 53 88 78 70 49 75 110 79 62 52 104 42 67 133 85 59 103 112 40 53 34 47 43 
41 73 74 24 56 80 83 108 68 46 1 9 19 25 80 5 48 64 64 90 85 34 79 95 59 39 80 83 100 69 42 0 14 44 96 26 85 66 60 33 53 79 44 98 80 61 56 29 88 54 77 25 43 107 79 69 28 88 18 43 109 53 35 79 80 16 29 44 23 13 
45 77 74 38 60 66 87 99 54 50 15 13 23 29 84 9 62 68 50 78 89 38 83 81 63 43 68 76 104 55 46 14 0 48 82 30 71 70 64 19 57 65 48 102 84 65 60 33 92 58 64 29 47 115 83 56 32 81 22 47 113 39 39 83 84 20 33 48 27 17 
67 99 96 68 65 98 95 91 102 19 45 35 53 37 90 39 92 61 82 112 111 31 55 115 85 59 102 56 126 77 68 44 48 0 100 52 103 88 82 67 87 99 56 88 73 73 44 41 44 80 68 51 77 110 66 76 16 61 44 31 121 87 61 82 79 28 36 54 49 47 
60 123 61 120 78 48 22 81 63 103 97 89 86 100 70 91 141 103 32 77 72 91 96 34 42 85 67 105 90 37 64 96 82 100 0 72 11 41 47 101 54 49 61 86 80 91 70 104 85 127 46 105 129 46 107 38 84 110 91 83 153 78 74 108 77 89 96 90 86 92 
15 81 48 50 32 56 91 89 68 53 27 17 35 33 54 21 74 63 40 64 59 41 69 73 33 13 54 90 98 45 16 26 30 52 72 0 61 40 34 49 45 57 52 72 64 45 64 37 72 62 54 33 59 114 63 46 36 88 26 51 117 69 43 87 96 24 37 18 31 27 
71 114 72 109 89 37 33 70 74 92 86 78 75 89 59 80 133 92 21 88 61 80 90 23 53 74 78 94 79 26 75 85 71 103 11 61 0 52 58 90 65 38 72 77 76 95 59 93 96 123 35 94 118 57 98 27 87 99 87 72 164 89 85 97 88 85 85 79 92 83 
25 82 20 90 69 89 63 122 40 90 67 57 75 73 63 61 114 70 73 36 99 78 55 75 43 50 26 92 118 78 56 66 70 88 41 40 52 0 6 89 39 74 92 45 49 68 79 77 44 101 87 73 99 86 66 79 76 97 66 66 112 55 83 73 114 64 77 55 71 67 
19 76 14 84 66 90 69 123 34 87 61 51 69 67 57 55 108 64 74 30 93 75 49 81 37 47 20 86 112 79 50 60 64 82 47 34 58 6 0 83 33 68 86 39 55 74 85 71 38 95 84 67 93 80 60 80 70 91 60 72 118 49 77 79 111 58 71 52 65 61 
64 96 93 57 79 85 106 118 73 69 34 32 42 48 103 28 81 74 69 97 88 57 84 100 82 62 87 95 123 74 65 33 19 67 101 49 90 89 83 0 76 84 67 121 103 84 79 52 95 77 83 48 66 134 73 75 51 100 41 66 132 58 58 102 103 39 52 67 46 36 
30 109 47 77 77 99 76 134 67 89 54 52 62 68 90 48 101 87 85 63 75 77 81 88 12 58 53 119 123 90 32 53 57 87 54 45 65 39 33 76 0 79 87 72 50 69 57 72 71 97 81 68 86 100 87 89 71 121 61 70 151 82 78 95 92 59 72 63 66 40 
49 76 82 103 70 33 71 66 100 88 80 74 88 85 21 74 127 59 17 98 57 76 80 16 67 62 88 90 75 22 73 79 65 99 49 57 38 74 68 84 79 0 109 39 38 57 55 89 91 95 31 90 112 95 69 23 83 95 83 68 169 104 100 93 90 81 81 57 88 79 
67 85 100 68 84 108 39 134 102 72 45 35 53 51 96 39 88 78 92 116 111 60 102 95 85 65 106 109 126 97 68 44 48 56 61 52 72 92 86 67 87 109 0 78 92 73 68 55 100 66 92 51 74 107 91 98 40 106 30 55 135 87 13 105 103 28 55 70 25 47 
58 37 53 122 68 72 108 105 73 89 99 89 107 86 18 93 120 98 56 69 96 77 88 55 76 59 59 125 114 61 88 98 102 88 86 72 77 45 39 121 72 39 78 0 77 81 94 90 77 56 70 105 131 119 99 62 104 130 92 102 157 88 91 118 129 96 82 54 97 99 
56 114 69 104 32 71 102 104 89 79 81 71 74 76 59 75 128 37 55 85 95 69 48 54 38 51 75 116 113 60 80 80 84 73 80 64 76 49 55 103 50 38 92 77 0 19 79 80 59 116 69 79 113 126 37 61 57 117 80 66 141 104 97 117 114 64 72 46 85 75 
60 116 68 85 13 90 105 96 88 60 62 52 55 57 63 56 109 18 74 84 104 50 29 73 57 32 74 97 127 79 61 61 65 73 91 45 95 68 74 84 69 57 73 81 19 0 60 61 40 97 84 60 94 112 18 80 57 98 61 47 141 103 78 98 95 45 53 27 66 56 
79 111 89 80 47 54 92 87 97 63 57 47 65 63 76 51 104 78 38 73 78 69 69 71 69 66 83 69 86 33 80 56 60 44 70 64 59 79 85 79 57 55 68 94 79 60 0 67 80 92 24 63 89 66 78 32 28 64 56 13 147 99 73 38 35 40 67 61 61 59 
52 66 85 53 50 88 91 87 87 25 30 20 38 4 72 24 77 43 72 101 96 13 58 105 70 41 91 62 105 67 53 29 33 41 104 37 93 77 71 52 72 89 55 90 80 61 67 0 69 47 58 36 62 130 69 66 39 67 29 54 80 72 46 90 99 27 8 36 34 32 
57 114 52 112 53 66 65 89 72 63 89 79 95 65 95 83 136 58 80 68 90 56 11 107 75 67 58 100 138 85 88 88 92 44 85 72 96 44 38 95 71 91 100 77 59 40 80 69 0 108 94 95 121 118 22 86 60 105 88 75 149 87 105 117 115 72 61 62 93 91 
77 19 109 78 89 118 105 126 112 64 55 45 63 43 74 49 102 82 102 125 121 52 97 111 95 75 115 101 77 106 78 54 58 80 127 62 123 101 95 77 97 95 66 56 116 97 92 47 108 0 97 61 80 155 108 105 64 106 36 79 127 97 53 115 124 52 47 75 41 57 
69 107 98 101 71 30 68 63 87 57 78 70 86 54 52 72 119 85 14 97 54 45 83 47 87 67 101 77 62 9 70 77 64 68 46 54 35 87 84 83 81 31 92 70 69 84 24 58 94 97 0 86 110 90 79 8 52 82 77 37 138 102 94 62 59 64 50 68 82 64 
48 80 81 49 65 89 90 115 83 53 26 16 34 32 87 20 73 71 73 97 92 41 86 106 66 46 87 90 75 78 49 25 29 51 105 33 94 73 67 48 68 90 51 105 79 60 63 36 95 61 86 0 58 126 78 79 35 95 25 50 116 68 42 54 95 23 36 51 30 28 
74 99 107 67 89 113 113 141 101 79 44 42 52 58 113 38 91 97 97 123 118 67 112 128 92 72 113 116 133 102 75 43 47 77 129 59 118 99 93 66 86 112 74 131 113 94 89 62 121 80 110 58 0 144 112 102 61 121 44 76 142 86 61 112 113 49 62 77 49 46 
99 156 94 83 99 81 68 127 100 129 108 110 120 126 116 106 107 130 78 110 105 135 129 80 88 118 100 122 136 83 110 107 115 110 46 114 57 86 80 134 100 95 107 119 126 112 66 130 118 155 90 126 144 0 130 84 94 127 119 79 198 85 120 104 31 106 130 113 124 114 
78 127 74 103 31 88 87 89 94 68 80 70 73 65 81 74 127 36 77 90 112 56 11 85 75 50 80 105 125 72 79 79 83 66 107 63 98 66 60 73 87 69 91 99 37 18 78 69 22 108 79 78 112 130 0 71 75 110 79 65 149 109 96 116 113 63 61 45 84 74 
61 99 94 93 78 22 60 55 79 65 70 63 78 62 44 64 111 82 6 100 46 53 75 39 79 59 93 69 54 1 62 69 56 76 38 46 27 79 80 75 89 23 98 62 61 80 32 66 86 105 8 79 102 84 71 0 60 74 72 45 146 94 89 70 67 70 58 64 77 56 
51 83 84 52 49 82 79 107 86 35 29 19 37 35 90 23 76 62 66 100 95 44 71 99 69 49 90 71 110 61 52 28 32 16 84 36 87 76 70 51 71 83 40 104 57 57 28 39 60 64 52 35 61 94 75 60 0 66 28 15 119 71 45 66 63 12 39 54 33 31 
103 125 77 71 85 94 132 114 57 42 89 79 97 63 113 83 47 84 78 81 118 54 99 111 121 82 71 5 88 73 104 88 81 61 110 88 99 97 91 100 121 95 106 130 117 98 64 67 105 106 82 95 121 127 110 74 66 0 86 51 147 42 103 102 99 78 59 77 91 91 
41 55 74 42 58 82 69 106 76 44 19 9 27 25 80 13 66 64 66 90 85 32 77 99 59 39 80 81 100 71 42 18 22 44 91 26 87 66 60 41 61 83 30 92 80 61 56 29 88 36 77 25 44 119 79 72 28 86 0 43 109 61 17 79 88 16 29 44 5 21 
66 98 86 67 34 67 94 100 101 50 44 34 52 50 84 38 91 65 51 86 91 59 76 84 82 53 92 56 99 46 67 43 47 31 83 51 72 66 72 66 70 68 55 102 66 47 13 54 75 79 37 50 76 79 65 45 15 51 43 0 134 86 60 51 48 27 54 48 48 46 
132 146 132 133 130 159 171 167 152 105 110 100 118 84 152 104 157 123 152 148 176 93 138 185 150 121 138 142 185 147 133 109 113 121 153 117 164 112 118 132 151 169 135 157 141 141 147 80 149 127 138 116 142 198 149 146 119 147 109 134 0 152 126 170 179 107 88 116 114 112 
68 116 35 77 99 105 100 138 15 74 54 52 62 68 106 48 79 85 89 39 99 77 98 112 86 82 29 37 130 93 85 53 39 87 78 69 89 55 49 58 82 104 87 88 104 103 99 72 87 97 102 68 86 85 109 94 71 42 61 86 152 0 78 121 116 59 72 87 66 56 
58 72 91 59 75 99 52 123 93 61 36 26 44 42 97 30 83 81 83 107 102 49 94 108 76 56 97 98 117 88 59 35 39 61 74 43 85 83 77 58 78 100 13 91 97 78 73 46 105 53 94 42 61 120 96 89 45 103 17 60 126 78 0 96 105 33 46 61 12 38 
98 134 93 103 85 92 130 125 106 101 80 70 88 86 114 74 127 116 76 102 116 95 107 109 107 100 92 107 124 71 103 79 83 82 108 87 97 73 79 102 95 93 105 118 117 98 38 90 117 115 62 54 112 104 116 70 66 102 79 51 170 121 96 0 73 77 90 99 84 82 
111 143 104 104 82 89 99 122 124 98 81 79 89 95 111 75 128 113 73 108 95 104 104 106 104 101 110 104 121 68 112 80 84 79 77 96 88 114 111 103 92 90 103 129 114 95 35 99 115 124 59 95 113 31 113 67 63 99 88 48 179 116 105 73 0 75 99 96 93 83 
39 71 72 40 56 80 67 106 74 44 17 7 25 23 78 11 64 50 64 88 83 32 74 97 57 37 78 81 98 69 40 16 20 28 89 24 85 64 58 39 59 81 28 96 64 45 40 27 72 52 64 23 49 106 63 70 12 78 16 27 107 59 33 77 75 0 27 42 21 19 
52 66 85 53 42 80 94 79 87 17 30 20 38 4 64 24 77 35 64 101 96 5 50 97 70 33 91 54 105 59 53 29 33 36 96 37 85 77 71 52 72 81 55 82 72 53 67 8 61 47 50 36 62 130 61 58 39 59 29 54 88 72 46 90 99 27 0 28 34 32 
33 91 66 68 14 74 109 97 86 35 45 35 53 32 36 39 92 45 58 82 77 23 51 73 51 5 72 72 100 63 34 44 48 54 90 18 79 55 52 67 63 57 70 54 46 27 61 36 62 75 68 51 77 113 45 64 54 77 44 48 116 87 61 99 96 42 28 0 49 45 
46 60 79 47 63 87 64 111 81 49 24 14 32 30 85 18 71 69 71 95 90 37 82 104 64 44 85 86 105 76 47 23 27 49 86 31 92 71 65 46 66 88 25 97 85 66 61 34 93 41 82 30 49 124 84 77 33 91 5 48 114 66 12 84 93 21 34 49 0 26 
42 76 75 37 43 78 70 111 71 49 14 12 22 28 81 8 61 67 62 91 82 37 82 95 52 40 81 86 103 57 43 13 17 47 92 27 83 67 61 36 40 79 47 99 75 56 59 32 91 57 64 28 46 114 74 56 31 91 21 46 112 56 38 82 83 19 32 45 26 0 
77
64
25
51
45
44
61
7
84
32
68
18
24
74
48
32
3
4
5
41
48
90
42
5
20
92
25
22
62
94
93
79
38
38
100
8
54
25
31
94
42
91
82
10
97
63
40
98
72
14
68
46
96
25
49
33
23
86
13
85
84
99
81
4
66
83
38
77
79
