55
0 43 85 55 57 65 103 35 38 23 52 55 55 47 93 7 8 15 28 100 16 53 49 5 18 34 93 10 53 34 81 25 104 28 96 80 37 48 49 36 43 28 88 54 30 19 60 20 85 24 79 40 41 49 45 
43 0 89 41 70 80 125 28 64 56 65 68 75 40 111 40 41 48 61 108 49 71 79 38 51 43 136 43 14 57 96 38 61 53 102 92 27 67 15 61 86 61 45 39 63 45 54 53 55 47 92 73 2 58 78 
85 89 0 126 87 44 104 110 109 62 92 130 102 111 139 78 79 90 77 175 76 99 124 80 67 105 167 81 103 105 60 100 150 103 13 59 108 114 104 111 128 103 44 118 103 90 135 95 69 95 136 111 91 120 120 
55 41 126 0 46 83 144 28 67 64 51 68 61 16 135 48 49 48 65 78 57 98 94 50 59 75 122 51 51 41 99 38 75 73 114 68 48 89 56 81 72 73 86 9 75 60 73 65 87 31 92 81 39 83 90 
57 70 87 46 0 97 150 42 82 70 5 45 15 30 137 54 55 42 75 106 63 97 78 52 65 81 115 57 80 56 113 32 121 72 100 82 76 95 85 80 86 41 115 37 77 66 67 49 101 46 69 55 68 96 45 
65 80 44 83 97 0 99 79 93 78 102 110 110 67 95 62 63 70 83 143 71 55 99 60 73 89 158 65 94 89 16 80 109 80 31 15 77 103 65 88 108 83 62 74 85 74 104 75 25 79 134 90 82 104 100 
103 125 104 144 150 99 0 128 125 110 145 133 144 140 181 96 95 108 117 193 105 146 119 98 107 120 63 96 135 123 83 118 176 121 91 114 124 58 136 129 113 121 148 144 123 106 153 113 124 113 109 99 123 135 138 
35 28 110 28 42 79 128 0 63 48 37 40 47 12 115 32 33 20 53 88 41 75 68 30 43 59 110 35 38 59 95 10 89 50 110 64 55 73 43 58 68 47 73 19 55 44 45 39 83 49 64 65 26 74 70 
38 64 109 67 82 93 125 63 0 47 77 83 67 74 116 31 30 43 52 128 40 81 77 33 42 58 120 34 78 26 109 53 125 56 122 81 37 72 49 64 70 56 109 67 58 19 88 48 89 36 107 64 66 68 73 
23 56 62 64 70 78 110 48 47 0 65 68 64 60 103 16 17 28 15 113 14 66 62 18 5 43 116 19 66 43 94 38 117 41 75 90 46 52 58 49 66 41 101 64 43 28 73 33 98 33 74 49 54 58 58 
52 65 92 51 5 102 145 37 77 65 0 40 10 35 132 49 50 37 70 111 58 92 83 47 60 76 110 52 75 51 118 27 126 67 105 87 79 90 80 75 91 46 110 42 72 61 62 54 106 41 64 50 63 91 40 
55 68 130 68 45 110 133 40 83 68 40 0 50 52 135 52 53 40 73 128 61 95 88 50 63 79 70 55 78 79 126 30 129 70 138 103 48 93 60 75 98 67 113 59 75 64 65 59 100 69 24 85 66 94 80 
55 75 102 61 15 110 144 47 67 64 10 50 0 45 135 48 49 47 69 121 57 98 93 50 59 75 120 51 85 41 126 37 136 73 115 97 78 89 90 81 98 56 120 52 75 60 72 64 116 31 74 60 73 83 30 
47 40 111 16 30 67 140 12 74 60 35 52 45 0 127 44 45 32 63 76 53 87 80 42 55 71 106 47 50 48 83 22 91 62 98 52 46 85 55 70 56 59 85 7 67 56 57 51 71 38 76 77 38 86 75 
93 111 139 135 137 95 181 115 116 103 132 135 135 127 0 87 86 98 108 183 96 40 115 88 98 114 170 90 97 114 111 105 172 65 126 80 115 128 103 73 136 111 127 134 113 97 140 103 120 104 124 120 109 129 128 
7 40 78 48 54 62 96 32 31 16 49 52 48 44 87 0 1 12 21 97 9 50 46 2 11 27 100 3 50 27 78 22 101 25 91 74 30 41 42 33 50 25 85 48 27 12 57 17 82 17 76 33 38 42 42 
8 41 79 49 55 63 95 33 30 17 50 53 49 45 86 1 0 13 22 98 10 51 47 3 12 28 101 4 51 28 79 23 102 26 92 73 29 42 41 34 51 26 86 49 28 11 58 18 81 18 77 34 39 43 43 
15 48 90 48 42 70 108 20 43 28 37 40 47 32 98 12 13 0 33 105 21 58 48 10 23 39 108 15 58 39 86 10 109 33 101 84 42 53 54 41 58 27 93 39 35 24 45 19 70 29 64 45 46 54 50 
28 61 77 65 75 83 117 53 52 15 70 73 69 63 108 21 22 33 0 118 19 71 67 23 10 48 102 24 71 48 99 43 122 46 90 95 51 62 63 54 71 46 106 56 48 33 78 38 103 38 59 54 59 63 63 
100 108 175 78 106 143 193 88 128 113 111 128 121 76 183 97 98 105 118 0 106 143 139 95 108 124 182 100 122 110 159 98 153 118 174 128 108 138 117 126 132 118 153 69 120 109 78 110 147 100 146 130 110 139 135 
16 49 76 57 63 71 105 41 40 14 58 61 57 53 96 9 10 21 19 106 0 59 55 11 9 36 109 12 59 36 87 31 110 34 89 83 39 50 51 42 59 34 94 57 36 21 66 26 91 26 78 42 47 51 51 
53 71 99 98 97 55 146 75 81 66 92 95 98 87 40 50 51 58 71 143 59 0 75 48 61 77 130 53 57 77 71 65 132 25 86 40 75 91 63 33 96 71 87 94 73 62 100 63 80 67 84 83 69 92 88 
49 79 124 94 78 99 119 68 77 62 83 88 93 80 115 46 47 48 67 139 55 75 0 44 57 73 125 49 65 73 83 58 140 50 130 114 76 61 87 42 92 37 124 87 69 58 93 29 118 63 93 79 77 88 84 
5 38 80 50 52 60 98 30 33 18 47 50 50 42 88 2 3 10 23 95 11 48 44 0 13 29 98 5 48 29 76 20 99 23 91 75 32 43 44 31 48 23 83 49 25 14 55 15 80 19 74 35 36 44 40 
18 51 67 59 65 73 107 43 42 5 60 63 59 55 98 11 12 23 10 108 9 61 57 13 0 38 111 14 61 38 89 33 112 36 80 85 41 52 53 44 61 36 96 59 38 23 68 28 93 28 69 44 49 53 53 
34 43 105 75 81 89 120 59 58 43 76 79 75 71 114 27 28 39 48 124 36 77 73 29 38 0 127 24 57 54 105 49 104 52 118 101 40 62 28 60 77 52 88 75 54 39 67 44 68 44 103 54 45 15 69 
93 136 167 122 115 158 63 110 120 116 110 70 120 106 170 100 101 108 102 182 109 130 125 98 111 127 0 103 146 127 146 100 197 105 154 158 118 121 130 97 50 116 181 113 123 101 135 113 170 117 46 133 134 142 138 
10 43 81 51 57 65 96 35 34 19 52 55 51 47 90 3 4 15 24 100 12 53 49 5 14 24 103 0 53 30 81 25 104 28 94 77 33 38 45 36 53 28 88 51 30 15 60 20 85 20 79 30 41 39 45 
53 14 103 51 80 94 135 38 78 66 75 78 85 50 97 50 51 58 71 122 59 57 65 48 61 57 146 53 0 71 110 48 75 67 116 97 41 77 29 75 96 71 59 53 73 59 68 63 69 61 102 83 12 72 88 
34 57 105 41 56 89 123 59 26 43 51 79 41 48 114 27 28 39 48 110 36 77 73 29 38 54 127 30 71 0 105 49 116 52 118 100 57 68 69 60 77 52 102 41 54 39 84 44 109 10 103 60 59 42 60 
81 96 60 99 113 16 83 95 109 94 118 126 126 83 111 78 79 86 99 159 87 71 83 76 89 105 146 81 110 105 0 96 93 96 47 31 93 119 81 104 124 99 78 90 101 90 120 91 41 95 150 74 98 120 116 
25 38 100 38 32 80 118 10 53 38 27 30 37 22 105 22 23 10 43 98 31 65 58 20 33 49 100 25 48 49 96 0 99 40 111 74 52 63 53 48 68 37 83 29 45 34 35 29 80 39 54 55 36 64 60 
104 61 150 75 121 109 176 89 125 117 126 129 136 91 172 101 102 109 122 153 110 132 140 99 112 104 197 104 75 116 93 99 0 114 140 124 88 128 76 122 147 122 106 84 124 106 115 114 116 106 153 134 63 119 139 
28 53 103 73 72 80 121 50 56 41 67 70 73 62 65 25 26 33 46 118 34 25 50 23 36 52 105 28 67 52 96 40 114 0 111 65 50 66 38 8 71 46 98 69 48 37 75 38 78 42 59 58 55 67 63 
96 102 13 114 100 31 91 110 122 75 105 138 115 98 126 91 92 101 90 174 89 86 130 91 80 118 154 94 116 118 47 111 140 111 0 46 108 127 96 119 139 114 57 105 116 103 135 106 56 108 149 121 104 133 131 
80 92 59 68 82 15 114 64 81 90 87 103 97 52 80 74 73 84 95 128 83 40 114 75 85 101 158 77 97 100 31 74 124 65 46 0 80 115 80 73 108 98 47 59 89 62 109 90 40 90 124 105 90 116 115 
37 27 108 48 76 77 124 55 37 46 79 48 78 46 115 30 29 42 51 108 39 75 76 32 41 40 118 33 41 57 93 52 88 50 108 80 0 71 12 58 69 55 72 39 57 18 51 47 52 47 72 63 29 55 72 
48 67 114 89 95 103 58 73 72 52 90 93 89 85 128 41 42 53 62 138 50 91 61 43 52 62 121 38 77 68 119 63 128 66 127 115 71 0 82 74 91 66 112 89 68 53 98 58 122 58 117 68 65 77 83 
49 15 104 56 85 65 136 43 49 58 80 60 90 55 103 42 41 54 63 117 51 63 87 44 53 28 130 45 29 69 81 53 76 38 96 80 12 82 0 46 81 66 60 51 69 30 39 58 40 59 84 75 17 43 84 
36 61 111 81 80 88 129 58 64 49 75 75 81 70 73 33 34 41 54 126 42 33 42 31 44 60 97 36 75 60 104 48 122 8 119 73 58 74 46 0 79 54 105 77 56 45 83 46 86 50 51 66 63 75 71 
43 86 128 72 86 108 113 68 70 66 91 98 98 56 136 50 51 58 71 132 59 96 92 48 61 77 50 53 96 77 124 68 147 71 139 108 69 91 81 79 0 71 131 63 73 51 103 63 121 67 96 83 84 92 88 
28 61 103 73 41 83 121 47 56 41 46 67 56 59 111 25 26 27 46 118 34 71 37 23 36 52 116 28 71 52 99 37 122 46 114 98 55 66 66 54 71 0 106 66 48 37 72 8 97 42 91 58 59 67 63 
88 45 44 86 115 62 148 73 109 101 110 113 120 85 127 85 86 93 106 153 94 87 124 83 96 88 181 88 59 102 78 83 106 98 57 47 72 112 60 105 131 106 0 84 108 90 99 98 87 92 137 118 47 103 123 
54 39 118 9 37 74 144 19 67 64 42 59 52 7 134 48 49 39 56 69 57 94 87 49 59 75 113 51 53 41 90 29 84 69 105 59 39 89 51 77 63 66 84 0 74 57 64 58 78 31 83 81 41 83 82 
30 63 103 75 77 85 123 55 58 43 72 75 75 67 113 27 28 35 48 120 36 73 69 25 38 54 123 30 73 54 101 45 124 48 116 89 57 68 69 56 73 48 108 74 0 39 80 40 105 44 99 60 61 69 65 
19 45 90 60 66 74 106 44 19 28 61 64 60 56 97 12 11 24 33 109 21 62 58 14 23 39 101 15 59 39 90 34 106 37 103 62 18 53 30 45 51 37 90 57 39 0 69 29 70 29 88 45 47 54 54 
60 54 135 73 67 104 153 45 88 73 62 65 72 57 140 57 58 45 78 78 66 100 93 55 68 67 135 60 68 84 120 35 115 75 135 109 51 98 39 83 103 72 99 64 80 69 0 64 79 74 89 90 56 82 95 
20 53 95 65 49 75 113 39 48 33 54 59 64 51 103 17 18 19 38 110 26 63 29 15 28 44 113 20 63 44 91 29 114 38 106 90 47 58 58 46 63 8 98 58 40 29 64 0 89 34 83 50 51 59 55 
85 55 69 87 101 25 124 83 89 98 106 100 116 71 120 82 81 70 103 147 91 80 118 80 93 68 170 85 69 109 41 80 116 78 56 40 52 122 40 86 121 97 87 78 105 70 79 89 0 99 124 115 57 83 120 
24 47 95 31 46 79 113 49 36 33 41 69 31 38 104 17 18 29 38 100 26 67 63 19 28 44 117 20 61 10 95 39 106 42 108 90 47 58 59 50 67 42 92 31 44 29 74 34 99 0 93 50 49 52 59 
79 92 136 92 69 134 109 64 107 74 64 24 74 76 124 76 77 64 59 146 78 84 93 74 69 103 46 79 102 103 150 54 153 59 149 124 72 117 84 51 96 91 137 83 99 88 89 83 124 93 0 109 90 118 104 
40 73 111 81 55 90 99 65 64 49 50 85 60 77 120 33 34 45 54 130 42 83 79 35 44 54 133 30 83 60 74 55 134 58 121 105 63 68 75 66 83 58 118 81 60 45 90 50 115 50 109 0 71 69 75 
41 2 91 39 68 82 123 26 66 54 63 66 73 38 109 38 39 46 59 110 47 69 77 36 49 45 134 41 12 59 98 36 63 55 104 90 29 65 17 63 84 59 47 41 61 47 56 51 57 49 90 71 0 60 76 
49 58 120 83 96 104 135 74 68 58 91 94 83 86 129 42 43 54 63 139 51 92 88 44 53 15 142 39 72 42 120 64 119 67 133 116 55 77 43 75 92 67 103 83 69 54 82 59 83 52 118 69 60 0 84 
45 78 120 90 45 100 138 70 73 58 40 80 30 75 128 42 43 50 63 135 51 88 84 40 53 69 138 45 88 60 116 60 139 63 131 115 72 83 84 71 88 63 123 82 65 54 95 55 120 59 104 75 76 84 0 
80
69
100
36
6
91
99
46
41
15
63
56
63
46
53
48
50
42
21
29
34
22
49
79
89
61
36
8
36
85
35
10
73
58
63
10
41
76
64
77
81
25
19
63
41
80
12
32
28
17
46
84
56
84
