60
0 104 95 68 85 99 89 73 87 75 74 81 202 71 98 138 90 74 81 96 124 68 82 62 79 109 84 110 123 94 112 47 86 59 47 74 62 91 104 109 49 151 92 51 73 132 120 88 37 2 119 104 94 5 82 80 114 65 141 135 
104 0 41 51 147 48 52 63 54 95 67 73 148 174 57 138 117 91 75 107 130 73 86 124 92 10 52 26 109 10 188 123 163 81 93 66 78 45 61 90 89 64 44 152 67 81 88 83 99 102 80 144 109 109 62 69 95 75 100 103 
95 41 0 70 106 64 11 22 52 54 39 32 120 133 40 97 76 82 34 87 89 32 45 83 51 51 11 47 136 31 147 82 122 40 52 25 37 4 73 49 64 105 3 111 26 88 47 42 58 97 39 119 68 90 21 28 73 34 83 62 
68 51 70 0 137 87 75 79 75 77 62 57 148 139 30 105 109 122 41 120 96 96 109 90 74 41 68 77 140 61 170 105 126 63 75 50 60 68 92 41 87 95 67 103 49 112 83 65 105 66 51 139 60 73 58 78 57 57 73 80 
85 147 106 137 0 126 109 84 114 116 101 80 213 132 140 175 138 139 96 149 151 130 143 145 113 157 95 142 198 137 104 122 171 102 114 87 99 102 169 155 124 189 103 126 88 140 131 104 48 87 145 146 169 80 97 117 123 96 183 146 
99 48 64 87 126 0 67 65 38 66 25 46 153 160 61 99 108 125 46 97 101 88 101 95 63 58 54 54 150 38 159 94 134 52 64 39 49 60 109 104 50 112 61 128 38 33 90 54 101 101 94 105 123 94 44 67 99 46 104 99 
89 52 11 75 109 67 0 25 55 57 42 35 131 138 45 102 79 85 37 90 92 21 48 86 54 62 14 58 139 42 150 85 125 43 55 28 40 7 62 60 67 104 8 118 29 91 50 45 61 91 50 122 79 84 24 33 67 37 88 65 
73 63 22 79 84 65 25 0 56 58 43 38 129 121 56 113 54 60 38 65 93 46 59 87 55 73 11 69 142 53 151 86 126 44 56 31 41 18 87 71 68 127 19 93 30 94 47 46 36 75 61 123 90 68 21 44 73 38 99 62 
87 54 52 75 114 38 55 56 0 54 13 34 163 148 86 87 96 116 34 85 89 76 89 83 51 64 45 28 138 44 147 82 122 40 52 27 37 48 115 101 38 118 49 116 26 71 81 42 92 89 91 93 117 82 35 55 107 34 108 87 
75 95 54 77 116 66 57 58 54 0 41 36 165 134 88 110 111 118 36 113 91 78 91 85 53 105 47 82 140 85 93 28 108 26 38 29 23 50 119 95 66 129 51 116 28 92 83 44 94 77 93 121 76 70 37 41 109 20 131 98 
74 67 39 62 101 25 42 43 13 41 0 21 150 135 73 74 83 103 21 72 76 63 76 70 38 77 32 41 125 57 134 69 109 27 39 14 24 35 104 88 25 114 36 103 13 58 68 29 79 76 78 80 104 69 22 42 94 21 116 74 
81 73 32 57 80 46 35 38 34 36 21 0 145 142 66 95 91 98 16 93 71 56 69 65 33 83 27 62 118 63 129 64 104 22 34 7 19 28 97 81 46 109 29 98 8 70 63 24 74 83 71 101 97 76 17 37 89 16 109 78 
202 148 120 148 213 153 131 129 163 165 150 145 0 188 146 171 175 189 145 186 176 152 126 186 145 158 118 154 249 138 229 174 192 151 163 138 148 124 186 107 175 212 123 169 137 178 82 152 165 204 117 205 126 197 128 148 108 145 189 146 
71 174 133 139 132 160 138 121 148 134 135 142 188 0 167 130 151 135 142 157 153 129 150 133 140 172 132 176 73 164 41 106 157 120 108 135 123 131 165 173 110 118 130 112 134 193 106 131 85 73 172 96 154 66 142 141 132 126 210 183 
98 57 40 30 140 61 45 56 86 88 73 66 146 167 0 117 110 116 68 121 123 66 79 116 85 67 45 63 166 47 181 116 138 74 86 59 71 38 107 71 98 121 37 115 60 94 64 76 92 96 79 151 72 103 55 62 38 68 43 96 
138 138 97 105 175 99 102 113 87 110 74 95 171 130 117 0 127 173 95 119 133 123 136 144 112 146 102 115 199 128 89 93 111 90 102 88 87 95 164 64 89 188 94 88 87 132 138 103 132 140 74 34 45 133 96 69 143 90 160 103 
90 117 76 109 138 108 79 54 96 111 83 91 175 151 110 127 0 114 75 11 130 100 113 124 88 127 65 123 195 107 168 127 148 97 109 84 94 72 141 68 58 181 73 39 83 110 101 97 90 92 78 113 82 85 75 98 127 91 96 107 
74 91 82 122 139 125 85 60 116 118 103 98 189 135 116 173 114 0 98 125 128 71 119 136 115 81 71 117 180 101 176 111 160 104 93 91 101 78 30 131 113 135 79 115 90 154 107 106 91 76 121 168 150 69 81 104 117 98 159 122 
81 75 34 41 96 46 37 38 34 36 21 16 145 142 68 95 75 98 0 86 55 58 71 49 33 82 27 62 120 65 129 64 104 22 34 9 19 30 99 82 46 109 31 98 8 72 63 24 74 83 73 101 99 76 17 37 89 16 111 78 
96 107 87 120 149 97 90 65 85 113 72 93 186 157 121 119 11 125 86 0 122 111 124 135 77 117 76 113 197 117 157 122 140 99 108 86 96 83 152 79 47 171 84 50 85 121 112 86 101 98 89 102 74 91 86 109 138 93 85 118 
124 130 89 96 151 101 92 93 89 91 76 71 176 153 123 133 130 128 55 122 0 113 126 104 88 137 82 117 175 120 112 88 154 77 89 64 74 85 98 69 75 164 86 127 63 127 118 79 129 126 79 130 88 119 72 92 144 71 166 108 
68 73 32 96 130 88 21 46 76 78 63 56 152 129 66 123 100 71 58 111 113 0 69 107 75 83 35 79 128 63 170 105 146 64 76 49 61 28 41 81 88 83 29 109 50 112 71 66 82 70 71 143 100 63 45 54 46 58 109 86 
82 86 45 109 143 101 48 59 89 91 76 69 126 150 79 136 113 119 71 124 126 69 0 91 88 96 48 92 173 76 165 119 159 77 89 62 74 41 110 94 101 150 42 133 63 125 44 79 95 80 84 156 113 87 58 67 70 71 122 99 
62 124 83 90 145 95 86 87 83 85 70 65 186 133 116 144 124 136 49 135 104 107 91 0 77 131 76 111 169 114 174 109 148 71 83 58 68 79 148 131 95 158 80 113 57 121 104 73 99 64 122 150 148 67 66 82 78 65 159 127 
79 92 51 74 113 63 54 55 51 53 38 33 145 140 85 112 88 115 33 77 88 75 88 77 0 102 44 79 137 82 140 81 121 39 51 26 36 47 116 100 30 126 48 83 25 89 63 9 91 81 90 85 83 74 34 54 89 33 128 95 
109 10 51 41 157 58 62 73 64 105 77 83 158 172 67 146 127 81 82 117 137 83 96 131 102 0 62 36 99 20 198 133 167 91 103 76 88 55 51 82 99 54 54 144 77 91 98 93 109 107 90 152 101 114 72 79 98 85 110 113 
84 52 11 68 95 54 14 11 45 47 32 27 118 132 45 102 65 71 27 76 82 35 48 76 44 62 0 58 131 42 140 75 115 33 45 20 30 7 76 60 57 116 8 104 19 83 36 35 47 86 50 112 79 79 10 33 62 27 88 51 
110 26 47 77 142 54 58 69 28 82 41 62 154 176 63 115 123 117 62 113 117 79 92 111 79 36 58 0 135 16 175 110 150 68 80 55 65 51 87 96 66 90 50 144 54 87 94 70 105 108 86 121 115 110 63 75 101 62 106 109 
123 109 136 140 198 150 139 142 138 140 125 118 249 73 166 199 195 180 120 197 175 128 173 169 137 99 131 135 0 119 114 168 208 126 137 111 123 132 150 181 150 45 133 174 112 174 167 128 158 125 175 169 200 128 121 141 174 120 155 170 
94 10 31 61 137 38 42 53 44 85 57 63 138 164 47 128 107 101 65 117 120 63 76 114 82 20 42 16 119 0 178 113 153 71 83 56 68 35 71 80 79 74 34 142 57 71 78 73 89 92 70 134 99 99 52 59 85 65 90 93 
112 188 147 170 104 159 150 151 147 93 134 129 229 41 181 89 168 176 129 157 112 170 165 174 140 198 140 175 114 178 0 65 168 119 131 122 116 143 178 132 110 159 144 153 121 155 147 137 126 114 142 55 113 107 130 134 173 113 224 171 
47 123 82 105 122 94 85 86 82 28 69 64 174 106 116 93 127 111 64 122 88 105 119 109 81 133 75 110 168 113 65 0 114 54 66 57 51 78 113 67 86 157 79 88 56 120 111 72 74 49 77 120 48 42 65 69 137 48 159 106 
86 163 122 126 171 134 125 126 122 108 109 104 192 157 138 111 148 160 104 140 154 146 159 148 121 167 115 150 208 153 168 114 0 82 94 97 85 118 187 85 134 197 119 109 96 156 151 112 123 84 95 113 66 91 105 103 144 88 181 124 
59 81 40 63 102 52 43 44 40 26 27 22 151 120 74 90 97 104 22 99 77 64 77 71 39 91 33 68 126 71 119 54 82 0 12 15 3 36 105 89 52 115 37 100 14 78 69 30 80 61 79 107 102 54 23 21 95 6 117 84 
47 93 52 75 114 64 55 56 52 38 39 34 163 108 86 102 109 93 34 108 89 76 89 83 51 103 45 80 137 83 131 66 94 12 0 27 15 48 117 101 64 127 49 88 26 90 81 42 74 49 91 119 114 42 35 33 99 18 129 96 
74 66 25 50 87 39 28 31 27 29 14 7 138 135 59 88 84 91 9 86 64 49 62 58 26 76 20 55 111 56 122 57 97 15 27 0 12 21 90 74 39 102 22 91 1 63 56 17 67 76 64 94 90 69 10 30 82 9 102 71 
62 78 37 60 99 49 40 41 37 23 24 19 148 123 71 87 94 101 19 96 74 61 74 68 36 88 30 65 123 68 116 51 85 3 15 12 0 33 102 86 49 112 34 101 11 75 66 27 77 64 76 104 99 57 20 18 92 3 114 81 
91 45 4 68 102 60 7 18 48 50 35 28 124 131 38 95 72 78 30 83 85 28 41 79 47 55 7 51 132 35 143 78 118 36 48 21 33 0 69 53 60 109 1 111 22 84 43 38 54 93 43 115 72 86 17 26 69 30 81 58 
104 61 73 92 169 109 62 87 115 119 104 97 186 165 107 164 141 30 99 152 98 41 110 148 116 51 76 87 150 71 178 113 187 105 117 90 102 69 0 122 129 105 70 145 91 142 104 107 121 106 112 184 141 99 86 95 87 99 150 127 
109 90 49 41 155 104 60 71 101 95 88 81 107 173 71 64 68 131 82 79 69 81 94 131 100 82 60 96 181 80 132 67 85 89 101 74 86 53 122 0 92 136 52 62 75 71 96 91 107 107 10 98 19 108 70 77 83 83 114 39 
49 89 64 87 124 50 67 68 38 66 25 46 175 110 98 89 58 113 46 47 75 88 101 95 30 99 57 66 150 79 110 86 134 52 64 39 49 60 129 92 0 139 61 90 38 83 93 39 76 51 82 55 111 44 47 67 119 46 132 99 
151 64 105 95 189 112 104 127 118 129 114 109 212 118 121 188 181 135 109 171 164 83 150 158 126 54 116 90 45 74 159 157 197 115 127 102 112 109 105 136 139 0 108 191 101 145 152 117 163 153 144 194 155 146 110 130 129 109 110 167 
92 44 3 67 103 61 8 19 49 51 36 29 123 130 37 94 73 79 31 84 86 29 42 80 48 54 8 50 133 34 144 79 119 37 49 22 34 1 70 52 61 108 0 112 23 85 44 39 55 94 42 116 71 87 18 25 70 31 80 59 
51 152 111 103 126 128 118 93 116 116 103 98 169 112 115 88 39 115 98 50 127 109 133 113 83 144 104 144 174 142 153 88 109 100 88 91 101 111 145 62 90 191 112 0 90 133 140 74 78 53 72 122 43 46 99 119 145 98 135 101 
73 67 26 49 88 38 29 30 26 28 13 8 137 134 60 87 83 90 8 85 63 50 63 57 25 77 19 54 112 57 121 56 96 14 26 1 11 22 91 75 38 101 23 90 0 64 55 16 66 75 65 93 91 68 9 29 81 8 103 70 
132 81 88 112 140 33 91 94 71 92 58 70 178 193 94 132 110 154 72 121 127 112 125 121 89 91 83 87 174 71 155 120 156 78 90 63 75 84 142 71 83 145 85 133 64 0 119 80 130 134 61 138 90 127 73 93 132 72 137 90 
120 88 47 83 131 90 50 47 81 83 68 63 82 106 64 138 101 107 63 112 118 71 44 104 63 98 36 94 167 78 147 111 151 69 81 56 66 43 104 96 93 152 44 140 55 119 0 71 83 122 86 148 115 115 46 69 26 63 107 87 
88 83 42 65 104 54 45 46 42 44 29 24 152 131 76 103 97 106 24 86 79 66 79 73 9 93 35 70 128 73 137 72 112 30 42 17 27 38 107 91 39 117 39 74 16 80 71 0 82 90 81 94 92 83 25 45 97 24 119 86 
37 99 58 105 48 101 61 36 92 94 79 74 165 85 92 132 90 91 74 101 129 82 95 99 91 109 47 105 158 89 126 74 123 80 74 67 77 54 121 107 76 163 55 78 66 130 83 82 0 39 97 98 121 32 57 80 109 74 135 98 
2 102 97 66 87 101 91 75 89 77 76 83 204 73 96 140 92 76 83 98 126 70 80 64 81 107 86 108 125 92 114 49 84 61 49 76 64 93 106 107 51 153 94 53 75 134 122 90 39 0 117 106 96 7 84 82 116 67 139 137 
119 80 39 51 145 94 50 61 91 93 78 71 117 172 79 74 78 121 73 89 79 71 84 122 90 90 50 86 175 70 142 77 95 79 91 64 76 43 112 10 82 144 42 72 65 61 86 81 97 117 0 108 29 118 60 67 93 73 122 29 
104 144 119 139 146 105 122 123 93 121 80 101 205 96 151 34 113 168 101 102 130 143 156 150 85 152 112 121 169 134 55 120 113 107 119 94 104 115 184 98 55 194 116 122 93 138 148 94 98 106 108 0 79 99 102 103 174 101 187 137 
94 109 68 60 169 123 79 90 117 76 104 97 126 154 72 45 82 150 99 74 88 100 113 148 83 101 79 115 200 99 113 48 66 102 114 90 99 72 141 19 111 155 71 43 91 90 115 92 121 96 29 79 0 89 89 96 102 96 115 58 
5 109 90 73 80 94 84 68 82 70 69 76 197 66 103 133 85 69 76 91 119 63 87 67 74 114 79 110 128 99 107 42 91 54 42 69 57 86 99 108 44 146 87 46 68 127 115 83 32 7 118 99 89 0 77 75 109 60 146 130 
82 62 21 58 97 44 24 21 35 37 22 17 128 142 55 96 75 81 17 86 72 45 58 66 34 72 10 63 121 52 130 65 105 23 35 10 20 17 86 70 47 110 18 99 9 73 46 25 57 84 60 102 89 77 0 38 72 17 98 61 
80 69 28 78 117 67 33 44 55 41 42 37 148 141 62 69 98 104 37 109 92 54 67 82 54 79 33 75 141 59 134 69 103 21 33 30 18 26 95 77 67 130 25 119 29 93 69 45 80 82 67 103 96 75 38 0 95 21 105 84 
114 95 73 57 123 99 67 73 107 109 94 89 108 132 38 143 127 117 89 138 144 46 70 78 89 98 62 101 174 85 173 137 144 95 99 82 92 69 87 83 119 129 70 145 81 132 26 97 109 116 93 174 102 109 72 95 0 89 81 113 
65 75 34 57 96 46 37 38 34 20 21 16 145 126 68 90 91 98 16 93 71 58 71 65 33 85 27 62 120 65 113 48 88 6 18 9 3 30 99 83 46 109 31 98 8 72 63 24 74 67 73 101 96 60 17 21 89 0 111 78 
141 100 83 73 183 104 88 99 108 131 116 109 189 210 43 160 96 159 111 85 166 109 122 159 128 110 88 106 155 90 224 159 181 117 129 102 114 81 150 114 132 110 80 135 103 137 107 119 135 139 122 187 115 146 98 105 81 111 0 139 
135 103 62 80 146 99 65 62 87 98 74 78 146 183 96 103 107 122 78 118 108 86 99 127 95 113 51 109 170 93 171 106 124 84 96 71 81 58 127 39 99 167 59 101 70 90 87 86 98 137 29 137 58 130 61 84 113 78 139 0 
20
45
3
99
42
39
67
70
75
60
58
57
55
80
30
81
20
75
72
30
30
31
82
47
86
33
93
99
19
32
23
72
34
2
60
39
14
1
45
42
94
9
27
99
83
15
75
36
69
32
26
50
77
12
77
37
6
51
15
