70
0 67 93 66 104 71 27 36 51 52 40 56 58 71 36 54 59 94 49 77 68 74 73 69 82 74 71 58 56 26 44 67 49 93 29 81 97 83 144 63 55 78 71 74 80 14 39 34 78 71 81 65 88 11 57 1 57 61 88 54 116 61 64 68 70 81 120 55 11 69 
67 0 26 60 74 46 52 59 67 74 27 56 61 41 75 64 20 59 30 42 8 44 43 2 59 52 48 21 43 53 40 24 72 60 68 62 57 49 124 28 65 19 32 51 46 65 64 57 46 52 32 5 61 68 27 68 18 31 59 43 116 84 39 34 40 60 95 15 56 41 
93 26 0 86 100 72 78 85 93 100 53 82 87 67 101 90 46 78 56 61 34 70 69 28 66 78 55 47 69 79 66 50 98 79 94 88 83 33 150 54 89 45 58 58 60 91 90 83 72 78 58 31 87 94 53 94 44 57 85 69 142 110 65 48 66 86 104 41 82 67 
66 60 86 0 121 93 68 86 69 14 58 74 77 88 30 39 57 95 73 78 68 78 59 58 68 8 72 58 42 67 95 36 46 96 37 17 69 61 155 40 38 61 69 69 58 80 80 61 57 95 79 65 105 77 82 65 61 78 85 37 134 88 86 46 87 76 86 64 77 88 
104 74 100 121 0 58 88 108 79 107 101 59 73 33 91 104 84 107 87 100 66 56 101 76 117 126 106 85 93 89 60 98 98 108 84 118 96 115 116 102 105 93 80 109 88 90 100 83 93 65 82 69 74 104 47 105 82 43 94 109 119 110 51 100 52 84 90 79 115 53 
71 46 72 93 58 0 67 50 35 79 73 48 45 25 63 96 48 79 66 72 38 28 73 48 89 97 78 47 65 68 32 69 88 80 56 90 68 87 108 73 97 65 52 81 60 62 55 82 65 88 54 41 46 77 19 70 54 15 66 81 108 107 7 72 24 73 57 51 82 12 
27 52 78 68 88 67 0 20 58 79 63 29 67 55 63 29 62 87 22 70 50 50 56 54 75 76 64 63 73 1 71 52 57 80 56 78 77 71 137 56 30 71 74 61 68 41 12 61 87 44 74 47 61 16 58 28 34 62 81 81 89 71 70 56 71 54 113 37 38 72 
36 59 85 86 108 50 20 0 59 88 43 49 66 75 72 47 67 88 42 80 67 70 76 61 85 94 74 66 59 19 52 72 57 98 65 84 95 89 152 71 48 78 79 77 86 22 32 42 86 64 89 64 81 34 65 37 54 65 96 90 109 69 57 74 74 74 107 57 47 62 
51 67 93 69 79 35 58 59 0 55 91 69 66 46 71 85 69 100 80 93 59 49 94 69 110 77 99 68 86 57 53 90 72 101 77 86 89 106 129 86 86 86 73 102 81 37 70 57 86 102 75 62 67 42 40 52 75 36 87 100 129 84 28 91 45 94 92 72 62 33 
52 74 100 14 107 79 79 88 55 0 70 88 63 74 16 53 69 109 87 92 82 77 71 72 79 22 86 68 54 78 81 50 60 98 23 31 83 75 157 54 52 72 81 83 72 66 91 75 43 109 82 79 95 63 68 51 75 64 99 48 148 102 72 60 73 88 72 78 63 74 
40 27 53 58 101 73 63 43 91 70 0 75 74 68 54 66 47 54 57 37 35 57 33 29 42 66 31 48 16 62 67 51 89 55 47 41 84 53 151 55 65 46 59 34 73 54 75 74 73 79 59 32 88 51 54 41 45 58 86 70 135 101 66 61 67 50 80 42 29 68 
56 56 82 74 59 48 29 49 69 88 75 0 63 26 81 58 60 97 51 82 48 46 42 58 82 82 88 59 59 30 42 80 86 98 74 84 86 100 109 84 59 75 70 90 78 70 41 90 83 73 64 51 64 45 29 57 63 33 84 93 60 100 41 85 42 25 105 61 67 43 
58 61 87 77 73 45 67 66 66 63 74 63 0 40 78 80 46 70 81 53 53 17 57 63 70 69 59 45 58 68 47 67 56 35 71 77 57 81 123 71 81 77 41 62 75 44 79 64 20 103 68 56 61 69 34 59 69 30 81 53 123 91 38 77 39 40 102 66 69 40 
71 41 67 88 33 25 55 75 46 74 68 26 40 0 58 71 51 74 61 67 33 23 68 43 84 93 73 52 60 56 27 65 92 75 51 85 63 82 83 69 72 60 47 76 55 57 67 77 60 83 49 36 41 71 14 72 49 10 61 76 86 102 18 67 19 51 82 46 82 20 
36 75 101 30 91 63 63 72 71 16 54 81 78 58 0 69 65 97 85 80 71 61 55 77 63 38 74 66 38 62 65 66 76 98 7 47 99 91 141 70 68 56 77 77 88 50 75 70 59 107 81 74 79 47 52 35 87 48 99 32 141 86 56 76 57 72 88 84 47 58 
54 64 90 39 104 96 29 47 85 53 66 58 80 71 69 0 61 58 51 41 72 79 57 62 46 47 35 62 74 28 93 40 28 59 76 56 48 57 153 44 1 83 73 32 62 63 41 43 87 73 83 69 87 43 85 55 63 81 67 76 118 70 89 50 90 40 84 66 51 91 
59 20 46 57 84 48 62 67 69 69 47 60 46 51 65 61 0 61 40 44 18 36 53 22 61 49 50 1 63 63 50 21 69 62 58 72 54 46 134 25 62 39 12 53 43 45 74 54 26 62 22 15 71 70 37 60 28 41 69 33 120 81 41 31 50 70 99 25 69 46 
94 59 78 95 107 79 87 88 100 109 54 97 70 74 97 58 61 0 79 17 51 77 86 61 34 94 23 60 70 86 81 70 86 35 90 95 103 45 143 74 57 78 73 26 72 104 99 101 85 101 75 54 95 101 68 95 67 64 97 65 157 128 72 60 73 91 72 64 83 74 
49 30 56 73 87 66 22 42 80 87 57 51 81 61 85 51 40 79 0 62 28 64 63 32 77 81 66 41 60 23 60 54 79 58 78 56 87 79 144 58 52 49 52 69 76 63 34 83 66 22 52 25 79 38 47 50 12 51 59 73 111 93 59 64 60 76 115 15 59 61 
77 42 61 78 100 72 70 80 93 92 37 82 53 67 80 41 44 17 62 0 34 70 69 44 17 77 6 43 53 69 66 53 69 18 73 78 86 28 126 57 40 61 56 9 55 87 82 84 68 84 58 37 88 84 53 78 50 57 91 48 142 111 65 43 66 74 55 47 66 67 
68 8 34 68 66 38 50 67 59 82 35 48 53 33 71 72 18 51 28 34 0 36 35 10 51 60 40 19 51 51 32 32 80 52 64 60 65 57 116 36 73 27 30 43 54 62 62 65 44 50 24 3 54 66 19 69 16 23 57 51 108 92 31 42 32 52 89 13 57 33 
74 44 70 78 56 28 50 70 49 77 57 46 17 23 61 79 36 77 64 70 36 0 58 46 87 70 76 37 41 51 30 57 73 52 54 66 66 82 106 61 80 63 24 79 58 60 62 80 37 86 52 39 44 66 17 75 52 13 64 69 106 105 21 67 22 57 85 49 85 23 
73 43 69 59 101 73 56 76 94 71 33 42 57 68 55 57 53 86 63 69 35 58 0 45 74 67 64 54 17 57 67 67 85 87 48 42 100 86 148 71 58 62 65 67 89 87 44 100 77 85 59 38 89 72 54 74 51 58 92 73 102 127 66 77 67 17 112 48 62 68 
69 2 28 58 76 48 54 61 69 72 29 58 63 43 77 62 22 61 32 44 10 46 45 0 61 50 50 23 45 55 42 22 70 62 70 64 55 47 126 26 63 21 34 53 44 67 66 55 48 54 34 7 63 70 29 70 20 33 61 45 118 82 41 32 42 62 97 17 58 43 
82 59 66 68 117 89 75 85 110 79 42 82 70 84 63 46 61 34 77 17 51 87 74 61 0 60 11 60 58 74 83 58 74 35 56 83 91 33 143 62 45 55 73 14 60 96 87 89 85 99 68 54 105 89 70 83 65 74 106 31 142 116 82 48 83 57 38 62 71 84 
74 52 78 8 126 97 76 94 77 22 66 82 69 93 38 47 49 94 81 77 60 70 67 50 60 0 71 50 50 75 92 28 38 95 45 25 61 53 163 32 46 53 61 74 50 73 88 53 49 103 71 57 97 85 79 73 69 83 77 29 142 80 90 38 86 84 94 67 85 93 
71 48 55 72 106 78 64 74 99 86 31 88 59 73 74 35 50 23 66 6 40 76 64 50 11 71 0 49 47 63 72 47 63 24 67 72 80 22 132 51 34 66 62 3 49 85 76 78 74 88 57 43 94 78 59 72 54 63 95 42 148 105 71 37 72 68 49 51 60 73 
58 21 47 58 85 47 63 66 68 68 48 59 45 52 66 62 1 60 41 43 19 37 54 23 60 50 49 0 64 64 51 22 70 61 59 73 55 47 135 26 63 40 13 52 44 44 75 55 25 63 23 16 72 69 38 59 29 42 70 34 119 82 40 32 51 71 98 26 69 45 
56 43 69 42 93 65 73 59 86 54 16 59 58 60 38 74 63 70 60 53 51 41 17 45 58 50 47 64 0 74 67 67 88 71 31 25 100 69 143 71 75 62 65 50 89 70 61 90 78 82 75 48 81 67 54 57 61 50 101 56 119 110 58 77 59 34 96 58 45 60 
26 53 79 67 89 68 1 19 57 78 62 30 68 56 62 28 63 86 23 69 51 51 57 55 74 75 63 64 74 0 70 53 56 81 55 79 76 70 138 57 29 72 75 60 67 40 13 60 88 45 75 48 62 15 59 27 35 63 82 80 90 72 71 55 72 55 112 38 37 73 
44 40 66 95 60 32 71 52 53 81 67 42 47 27 65 93 50 81 60 66 32 30 67 42 83 92 72 51 67 70 0 64 65 66 58 92 70 89 110 68 94 59 54 75 62 30 83 50 67 82 48 35 48 55 13 45 48 17 68 83 102 75 25 74 26 67 89 45 55 27 
67 24 50 36 98 69 52 72 90 50 51 80 67 65 66 40 21 70 54 53 32 57 67 22 58 28 47 22 67 53 64 0 48 71 73 53 33 25 143 4 41 43 33 50 22 53 64 33 47 76 43 29 80 68 51 68 42 55 83 54 140 60 62 10 58 80 96 39 78 65 
49 72 98 46 98 88 57 57 72 60 89 86 56 92 76 28 69 86 79 69 80 73 85 70 74 38 63 70 88 56 65 48 0 87 78 63 76 73 125 44 29 91 81 60 70 35 69 15 76 101 91 77 59 60 78 50 86 82 39 67 146 42 81 58 81 68 112 83 60 76 
93 60 79 96 108 80 80 98 101 98 55 98 35 75 98 59 62 35 58 18 52 52 87 62 35 95 24 61 71 81 66 71 87 0 91 90 92 46 108 75 58 79 74 27 73 79 92 99 55 80 76 55 96 96 69 94 46 65 93 66 158 126 73 61 74 75 73 49 84 75 
29 68 94 37 84 56 56 65 77 23 47 74 71 51 7 76 58 90 78 73 64 54 48 70 56 45 67 59 31 55 58 73 78 91 0 54 94 89 134 77 75 49 70 70 86 43 68 63 66 100 74 67 72 40 45 28 80 41 92 25 134 79 49 83 50 65 94 77 40 51 
81 62 88 17 118 90 78 84 86 31 41 84 77 85 47 56 72 95 56 78 60 66 42 64 83 25 72 73 25 79 92 53 63 90 54 0 86 78 168 57 55 78 84 75 75 95 86 78 57 78 84 57 106 92 79 82 44 75 91 54 144 105 83 63 84 59 103 47 70 85 
97 57 83 69 96 68 77 95 89 83 84 86 57 63 99 48 54 103 87 86 65 66 100 55 91 61 80 55 100 76 70 33 76 92 94 86 0 58 142 37 47 76 66 78 55 83 89 66 77 109 76 62 66 91 57 98 75 53 86 87 137 93 61 43 44 88 125 72 97 63 
83 49 33 61 115 87 71 89 106 75 53 100 81 82 91 57 46 45 79 28 57 82 86 47 33 53 22 47 69 70 89 25 73 46 89 78 58 0 154 29 56 68 58 25 27 69 83 58 72 101 60 54 85 85 76 84 67 72 105 64 156 85 80 15 63 90 71 64 82 82 
144 124 150 155 116 108 137 152 129 157 151 109 123 83 141 153 134 143 144 126 116 106 148 126 143 163 132 135 143 138 110 143 125 108 134 168 142 154 0 139 154 110 130 135 134 130 125 110 143 166 132 119 76 153 97 145 132 93 96 134 169 83 101 146 98 131 165 129 155 103 
63 28 54 40 102 73 56 71 86 54 55 84 71 69 70 44 25 74 58 57 36 61 71 26 62 32 51 26 71 57 68 4 44 75 77 57 37 29 139 0 45 47 37 54 26 49 68 29 51 80 47 33 84 72 55 64 46 59 83 58 144 56 66 14 62 84 100 43 74 69 
55 65 89 38 105 97 30 48 86 52 65 59 81 72 68 1 62 57 52 40 73 80 58 63 45 46 34 63 75 29 94 41 29 58 75 55 47 56 154 45 0 84 74 31 63 64 42 44 88 74 84 70 88 44 86 56 64 82 68 75 119 71 90 51 91 41 83 67 50 92 
78 19 45 61 93 65 71 78 86 72 46 75 77 60 56 83 39 78 49 61 27 63 62 21 55 53 66 40 62 72 59 43 91 79 49 78 76 68 110 47 84 0 51 69 58 84 83 76 65 71 25 24 80 87 46 77 37 50 78 24 135 103 58 53 59 79 76 34 75 60 
71 32 58 69 80 52 74 79 73 81 59 70 41 47 77 73 12 73 52 56 30 24 65 34 73 61 62 13 65 75 54 33 81 74 70 84 66 58 130 37 74 51 0 65 55 57 86 66 38 74 34 27 68 82 41 72 40 37 81 45 130 93 45 43 46 81 109 37 81 47 
74 51 58 69 109 81 61 77 102 83 34 90 62 76 77 32 53 26 69 9 43 79 67 53 14 74 3 52 50 60 75 50 60 27 70 75 78 25 135 54 31 69 65 0 52 88 73 75 77 91 60 46 97 75 62 75 57 66 98 45 150 102 74 40 75 71 52 54 63 76 
80 46 60 58 88 60 68 86 81 72 73 78 75 55 88 62 43 72 76 55 54 58 89 44 60 50 49 44 89 67 62 22 70 73 86 75 55 27 134 26 63 58 55 52 0 66 80 55 69 98 33 51 58 82 49 81 64 45 78 76 129 82 53 12 36 102 98 61 91 55 
14 65 91 80 90 62 41 22 37 66 54 70 44 57 50 63 45 104 63 87 62 60 87 67 96 73 85 44 70 40 30 53 35 79 43 95 83 69 130 49 64 84 57 88 66 0 53 20 64 85 67 60 78 25 43 15 71 47 74 68 130 47 55 54 56 84 119 69 25 57 
39 64 90 80 100 55 12 32 70 91 75 41 79 67 75 41 74 99 34 82 62 62 44 66 87 88 76 75 61 13 83 64 69 92 68 86 89 83 125 68 42 83 86 73 80 53 0 73 99 56 86 59 49 28 70 40 46 70 69 93 101 83 62 68 71 61 112 49 50 67 
34 57 83 61 83 82 61 42 57 75 74 90 64 77 70 43 54 101 83 84 65 80 100 55 89 53 78 55 90 60 50 33 15 99 63 78 66 58 110 29 44 76 66 75 55 20 73 0 80 105 76 62 74 45 63 35 75 67 54 82 150 27 75 43 76 83 127 72 45 77 
78 46 72 57 93 65 87 86 86 43 73 83 20 60 59 87 26 85 66 68 44 37 77 48 85 49 74 25 78 88 67 47 76 55 66 57 77 72 143 51 88 65 38 77 69 64 99 80 0 88 48 41 81 89 54 79 54 50 95 59 143 107 58 57 59 60 115 51 89 60 
71 52 78 95 65 88 44 64 102 109 79 73 103 83 107 73 62 101 22 84 50 86 85 54 99 103 88 63 82 45 82 76 101 80 100 78 109 101 166 80 74 71 74 91 98 85 56 105 88 0 74 47 101 60 69 72 34 73 81 95 133 115 81 86 82 98 137 37 81 83 
81 32 58 79 82 54 74 89 75 82 59 64 68 49 81 83 22 75 52 58 24 52 59 34 68 71 57 23 75 75 48 43 91 76 74 84 76 60 132 47 84 25 34 60 33 67 86 76 48 74 0 27 70 90 35 82 40 39 81 49 124 103 47 45 48 76 101 37 81 49 
65 5 31 65 69 41 47 64 62 79 32 51 56 36 74 69 15 54 25 37 3 39 38 7 54 57 43 16 48 48 35 29 77 55 67 57 62 54 119 33 70 24 27 46 51 60 59 62 41 47 27 0 56 63 22 66 13 26 54 48 111 89 34 39 35 55 92 10 54 36 
88 61 87 105 74 46 61 81 67 95 88 64 61 41 79 87 71 95 79 88 54 44 89 63 105 97 94 72 81 62 48 80 59 96 72 106 66 85 76 84 88 80 68 97 58 78 49 74 81 101 70 56 0 77 35 89 67 31 20 97 104 101 39 70 22 89 103 64 99 41 
11 68 94 77 104 77 16 34 42 63 51 45 69 71 47 43 70 101 38 84 66 66 72 70 89 85 78 69 67 15 55 68 60 96 40 92 91 85 153 72 44 87 82 75 82 25 28 45 89 60 90 63 77 0 68 12 50 72 97 65 105 72 70 70 81 70 127 53 22 75 
57 27 53 82 47 19 58 65 40 68 54 29 34 14 52 85 37 68 47 53 19 17 54 29 70 79 59 38 54 59 13 51 78 69 45 79 57 76 97 55 86 46 41 62 49 43 70 63 54 69 35 22 35 68 0 58 35 4 55 70 89 88 12 61 13 54 76 32 68 14 
1 68 94 65 105 70 28 37 52 51 41 57 59 72 35 55 60 95 50 78 69 75 74 70 83 73 72 59 57 27 45 68 50 94 28 82 98 84 145 64 56 77 72 75 81 15 40 35 79 72 82 66 89 12 58 0 56 62 89 53 117 62 63 69 71 82 121 56 12 68 
57 18 44 61 82 54 34 54 75 75 45 63 69 49 87 63 28 67 12 50 16 52 51 20 65 69 54 29 61 35 48 42 86 46 80 44 75 67 132 46 64 37 40 57 64 71 46 75 54 34 40 13 67 50 35 56 0 39 47 61 123 102 47 52 48 68 103 3 47 49 
61 31 57 78 43 15 62 65 36 64 58 33 30 10 48 81 41 64 51 57 23 13 58 33 74 83 63 42 50 63 17 55 82 65 41 75 53 72 93 59 82 50 37 66 45 47 70 67 50 73 39 26 31 72 4 62 39 0 51 66 93 92 8 57 9 58 72 36 72 10 
88 59 85 85 94 66 81 96 87 99 86 84 81 61 99 67 69 97 59 91 57 64 92 61 106 77 95 70 101 82 68 83 39 93 92 91 86 105 96 83 68 78 81 98 78 74 69 54 95 81 81 54 20 97 55 89 47 51 0 102 124 81 59 90 42 107 123 44 88 61 
54 43 69 37 109 81 81 90 100 48 70 93 53 76 32 76 33 65 73 48 51 69 73 45 31 29 42 34 56 80 83 54 67 66 25 54 87 64 134 58 75 24 45 45 76 68 93 82 59 95 49 48 97 65 70 53 61 66 102 0 153 104 74 64 75 88 69 58 65 76 
116 116 142 134 119 108 89 109 129 148 135 60 123 86 141 118 120 157 111 142 108 106 102 118 142 142 148 119 119 90 102 140 146 158 134 144 137 156 169 144 119 135 130 150 129 130 101 150 143 133 124 111 104 105 89 117 123 93 124 153 0 160 101 141 93 85 165 121 127 103 
61 84 110 88 110 107 71 69 84 102 101 100 91 102 86 70 81 128 93 111 92 105 127 82 116 80 105 82 110 72 75 60 42 126 79 105 93 85 83 56 71 103 93 102 82 47 83 27 107 115 103 89 101 72 88 62 102 92 81 104 160 0 100 70 101 110 154 99 72 102 
64 39 65 86 51 7 70 57 28 72 66 41 38 18 56 89 41 72 59 65 31 21 66 41 82 90 71 40 58 71 25 62 81 73 49 83 61 80 101 66 90 58 45 74 53 55 62 75 58 81 47 34 39 70 12 63 47 8 59 74 101 100 0 65 17 66 64 44 75 5 
68 34 48 46 100 72 56 74 91 60 61 85 77 67 76 50 31 60 64 43 42 67 77 32 48 38 37 32 77 55 74 10 58 61 83 63 43 15 146 14 51 53 43 40 12 54 68 43 57 86 45 39 70 70 61 69 52 57 90 64 141 70 65 0 48 90 86 49 79 67 
70 40 66 87 52 24 71 74 45 73 67 42 39 19 57 90 50 73 60 66 32 22 67 42 83 86 72 51 59 72 26 58 81 74 50 84 44 63 98 62 91 59 46 75 36 56 71 76 59 82 48 35 22 81 13 71 48 9 42 75 93 101 17 48 0 67 81 45 81 19 
81 60 86 76 84 73 54 74 94 88 50 25 40 51 72 40 70 91 76 74 52 57 17 62 57 84 68 71 34 55 67 80 68 75 65 59 88 90 131 84 41 79 81 71 102 84 61 83 60 98 76 55 89 70 54 82 68 58 107 88 85 110 66 90 67 0 95 65 79 68 
120 95 104 86 90 57 113 107 92 72 80 105 102 82 88 84 99 72 115 55 89 85 112 97 38 94 49 98 96 112 89 96 112 73 94 103 125 71 165 100 83 76 109 52 98 119 112 127 115 137 101 92 103 127 76 121 103 72 123 69 165 154 64 86 81 95 0 100 109 69 
55 15 41 64 79 51 37 57 72 78 42 61 66 46 84 66 25 64 15 47 13 49 48 17 62 67 51 26 58 38 45 39 83 49 77 47 72 64 129 43 67 34 37 54 61 69 49 72 51 37 37 10 64 53 32 56 3 36 44 58 121 99 44 49 45 65 100 0 44 46 
11 56 82 77 115 82 38 47 62 63 29 67 69 82 47 51 69 83 59 66 57 85 62 58 71 85 60 69 45 37 55 78 60 84 40 70 97 82 155 74 50 75 81 63 91 25 50 45 89 81 81 54 99 22 68 12 47 72 88 65 127 72 75 79 81 79 109 44 0 80 
69 41 67 88 53 12 72 62 33 74 68 43 40 20 58 91 46 74 61 67 33 23 68 43 84 93 73 45 60 73 27 65 76 75 51 85 63 82 103 69 92 60 47 76 55 57 67 77 60 83 49 36 41 75 14 68 49 10 61 76 103 102 5 67 19 68 69 46 80 0 
18
14
9
24
39
22
16
80
38
22
68
37
8
49
12
64
53
94
98
67
15
99
45
76
73
29
5
36
63
87
64
44
3
87
98
54
96
65
23
95
38
11
2
74
60
61
83
98
62
43
48
47
77
89
26
77
71
60
16
2
68
17
26
4
14
77
64
95
33
