50
0 29 68 127 76 78 83 80 73 107 66 41 99 85 44 123 52 80 91 84 84 110 115 5 51 83 81 100 74 119 71 71 90 82 91 96 108 80 75 117 43 91 103 14 81 88 99 74 68 109 
29 0 69 113 68 95 69 51 102 108 67 42 85 77 45 97 81 54 77 55 65 84 107 24 52 109 55 74 60 102 63 100 66 56 65 104 104 51 76 90 72 120 84 15 82 89 103 45 39 80 
68 69 0 75 12 57 31 43 72 72 2 73 47 21 84 61 62 16 55 41 27 46 51 63 63 82 17 36 38 67 7 83 45 18 27 66 82 19 60 54 55 157 46 54 13 53 65 31 31 64 
127 113 75 0 73 100 44 86 103 127 73 125 60 82 142 107 75 59 98 85 70 89 112 132 115 113 60 79 84 110 68 142 96 61 70 109 128 62 111 100 125 215 89 125 88 128 108 75 74 90 
76 68 12 73 0 55 29 41 70 82 10 81 45 9 79 69 60 14 53 31 25 44 39 71 71 80 15 34 39 65 5 78 33 16 25 64 83 17 48 62 67 167 44 62 25 65 63 29 29 64 
78 95 57 100 55 0 56 68 97 109 55 109 72 64 112 114 87 41 80 84 52 71 94 73 116 107 42 61 66 92 50 124 88 43 52 91 110 44 103 107 107 169 71 82 70 110 90 74 56 102 
83 69 31 44 29 56 0 42 71 83 29 81 16 38 105 63 31 15 54 58 26 45 68 88 71 81 16 35 40 66 24 98 62 17 26 65 84 18 77 56 81 171 45 81 44 84 64 48 30 46 
80 51 43 86 41 68 42 0 68 95 41 93 58 50 63 100 73 27 66 70 38 57 80 75 102 58 28 47 52 78 36 110 74 29 38 77 83 24 89 93 93 171 57 66 56 96 76 60 12 88 
73 102 72 103 70 97 71 68 0 117 70 114 87 79 81 91 102 56 94 76 67 82 109 78 124 10 57 76 79 101 65 67 65 58 64 56 35 53 50 98 95 164 86 87 85 98 26 86 65 108 
107 108 72 127 82 109 83 95 117 0 74 120 99 86 108 92 114 68 96 73 57 78 120 102 130 117 67 68 84 26 77 74 62 70 66 118 128 71 77 99 79 198 76 93 59 19 104 83 83 108 
66 67 2 73 10 55 29 41 70 74 0 71 45 19 82 59 60 14 53 39 25 44 49 61 61 80 15 34 39 65 5 82 43 16 25 64 83 17 58 52 57 157 44 52 15 55 63 29 29 62 
41 42 73 125 81 109 81 93 114 120 71 0 97 90 57 130 50 85 119 97 96 115 120 36 10 124 86 105 102 136 76 112 103 87 96 135 146 88 88 123 84 132 115 27 86 101 124 87 81 122 
99 85 47 60 45 72 16 58 87 99 45 97 0 54 121 47 47 31 70 74 42 61 84 104 87 92 32 51 56 82 40 99 78 33 42 81 100 34 93 40 97 187 61 97 60 100 80 64 46 30 
85 77 21 82 9 64 38 50 79 86 19 90 54 0 70 78 69 23 48 35 34 53 48 80 80 79 24 43 48 60 14 69 24 25 34 73 92 26 39 71 76 176 53 71 34 74 72 38 38 73 
44 45 84 142 79 112 105 63 81 108 82 57 121 70 0 119 96 90 99 57 100 120 118 39 67 71 91 110 82 82 84 115 46 92 101 137 96 87 31 112 87 135 93 30 97 104 107 67 75 102 
123 97 61 107 69 114 63 100 91 92 59 130 47 78 119 0 94 73 67 62 65 103 108 119 120 81 74 93 50 99 64 52 73 73 84 123 56 76 88 7 80 214 84 111 71 111 117 52 88 17 
52 81 62 75 60 87 31 73 102 114 60 50 47 69 96 94 0 46 85 86 57 76 99 57 40 112 47 66 71 97 55 123 93 48 57 96 115 49 108 87 95 143 76 66 75 115 95 79 61 77 
80 54 16 59 14 41 15 27 56 68 14 85 31 23 90 73 46 0 39 43 11 30 53 75 75 66 1 20 25 51 9 83 47 2 11 50 69 3 62 66 66 156 30 66 29 69 49 33 15 61 
91 77 55 98 53 80 54 66 94 96 53 119 70 48 99 67 85 39 0 42 48 69 92 86 114 86 38 59 17 70 48 103 53 40 30 89 61 42 68 60 84 182 67 92 42 82 68 32 54 67 
84 55 41 85 31 84 58 70 76 73 39 97 74 35 57 62 86 43 42 0 54 73 70 79 100 66 44 63 25 47 34 61 11 45 54 93 69 46 26 55 89 175 36 70 50 90 89 10 58 45 
84 65 27 70 25 52 26 38 67 57 25 96 42 34 100 65 57 11 48 54 0 41 63 79 86 77 10 31 36 62 20 94 58 13 22 61 80 14 73 72 75 167 19 70 40 76 60 44 26 71 
110 84 46 89 44 71 45 57 82 78 44 115 61 53 120 103 76 30 69 73 41 0 83 105 105 92 31 10 55 52 39 100 77 32 41 80 99 33 92 96 96 179 60 96 59 97 56 63 45 91 
115 107 51 112 39 94 68 80 109 120 49 120 84 48 118 108 99 53 92 70 63 83 0 110 110 119 54 73 78 104 44 117 72 55 64 103 122 56 87 101 106 206 82 101 64 104 102 68 68 103 
5 24 63 132 71 73 88 75 78 102 61 36 104 80 39 119 57 75 86 79 79 105 110 0 46 88 76 95 69 121 66 76 85 77 86 101 113 75 70 112 48 96 98 9 76 83 104 69 63 104 
51 52 63 115 71 116 71 102 124 130 61 10 87 80 67 120 40 75 114 100 86 105 110 46 0 134 76 95 100 126 66 122 104 77 86 125 144 78 98 113 94 142 105 37 76 111 124 90 90 117 
83 109 82 113 80 107 81 58 10 117 80 124 92 79 71 81 112 66 86 66 77 92 119 88 134 0 67 86 69 91 75 57 55 68 74 66 25 63 40 88 85 174 96 97 94 108 36 76 70 98 
81 55 17 60 15 42 16 28 57 67 15 86 32 24 91 74 47 1 38 44 10 31 54 76 76 67 0 21 26 52 10 84 48 3 12 51 70 4 63 67 65 157 29 67 30 70 50 34 16 61 
100 74 36 79 34 61 35 47 76 68 34 105 51 43 110 93 66 20 59 63 31 10 73 95 95 86 21 0 45 42 29 90 67 22 31 70 89 23 82 86 86 176 50 86 49 87 66 53 35 81 
74 60 38 84 39 66 40 52 79 84 39 102 56 48 82 50 71 25 17 25 36 55 78 69 100 69 26 45 0 72 34 86 36 23 36 75 44 28 51 43 67 165 55 75 25 65 74 15 40 50 
119 102 67 110 65 92 66 78 101 26 65 136 82 60 82 99 97 51 70 47 62 52 104 121 126 91 52 42 72 0 60 48 36 53 40 101 116 54 51 92 76 207 81 112 80 45 78 57 66 82 
71 63 7 68 5 50 24 36 65 77 5 76 40 14 84 64 55 9 48 34 20 39 44 66 66 75 10 29 34 60 0 77 38 11 20 59 78 12 53 57 62 162 39 57 20 60 58 24 24 59 
71 100 83 142 78 124 98 110 67 74 82 112 99 69 115 52 123 83 103 61 94 100 117 76 122 57 84 90 86 48 77 0 72 81 88 81 82 86 87 59 28 162 97 85 70 88 93 71 98 69 
90 66 45 96 33 88 62 74 65 62 43 103 78 24 46 73 93 47 53 11 58 77 72 85 104 55 48 67 36 36 38 72 0 49 58 97 80 50 15 66 100 181 47 76 58 81 91 21 62 56 
82 56 18 61 16 43 17 29 58 70 16 87 33 25 92 73 48 2 40 45 13 32 55 77 77 68 3 22 23 53 11 81 49 0 13 52 67 5 64 66 68 154 32 68 31 71 51 35 17 63 
91 65 27 70 25 52 26 38 64 66 25 96 42 34 101 84 57 11 30 54 22 41 64 86 86 74 12 31 36 40 20 88 58 13 0 61 80 14 73 77 77 167 41 77 40 80 38 44 26 72 
96 104 66 109 64 91 65 77 56 118 64 135 81 73 137 123 96 50 89 93 61 80 103 101 125 66 51 70 75 101 59 81 97 52 61 0 91 53 106 116 53 167 80 110 79 113 30 83 65 111 
108 104 82 128 83 110 84 83 35 128 83 146 100 92 96 56 115 69 61 69 80 99 122 113 144 25 70 89 44 116 78 82 80 67 80 91 0 72 65 63 110 199 99 119 69 109 61 59 84 73 
80 51 19 62 17 44 18 24 53 71 17 88 34 26 87 76 49 3 42 46 14 33 56 75 78 63 4 23 28 54 12 86 50 5 14 53 72 0 65 69 69 159 33 66 32 72 52 36 12 64 
75 76 60 111 48 103 77 89 50 77 58 88 93 39 31 88 108 62 68 26 73 92 87 70 98 40 63 82 51 51 53 87 15 64 73 106 65 65 0 81 115 166 62 61 73 96 76 36 77 71 
117 90 54 100 62 107 56 93 98 99 52 123 40 71 112 7 87 66 60 55 72 96 101 112 113 88 67 86 43 92 57 59 66 66 77 116 63 69 81 0 87 208 91 104 67 107 115 45 81 10 
43 72 55 125 67 107 81 93 95 79 57 84 97 76 87 80 95 66 84 89 75 96 106 48 94 85 65 86 67 76 62 28 100 68 77 53 110 69 115 87 0 134 94 57 42 60 83 82 81 97 
91 120 157 215 167 169 171 171 164 198 157 132 187 176 135 214 143 156 182 175 167 179 206 96 142 174 157 176 165 207 162 162 181 154 167 167 199 159 166 208 134 0 186 105 170 179 190 165 159 200 
103 84 46 89 44 71 45 57 86 76 44 115 61 53 93 84 76 30 67 36 19 60 82 98 105 96 29 50 55 81 39 97 47 32 41 80 99 33 62 91 94 186 0 89 59 95 79 46 45 81 
14 15 54 125 62 82 81 66 87 93 52 27 97 71 30 111 66 66 92 70 70 96 101 9 37 97 67 86 75 112 57 85 76 68 77 110 119 66 61 104 57 105 89 0 67 74 113 60 54 95 
81 82 13 88 25 70 44 56 85 59 15 86 60 34 97 71 75 29 42 50 40 59 64 76 76 94 30 49 25 80 20 70 58 31 40 79 69 32 73 67 42 170 59 67 0 40 78 40 44 75 
88 89 53 128 65 110 84 96 98 19 55 101 100 74 104 111 115 69 82 90 76 97 104 83 111 108 70 87 65 45 60 88 81 71 80 113 109 72 96 107 60 179 95 74 40 0 118 80 84 115 
99 103 65 108 63 90 64 76 26 104 63 124 80 72 107 117 95 49 68 89 60 56 102 104 124 36 50 66 74 78 58 93 91 51 38 30 61 52 76 115 83 190 79 113 78 118 0 82 64 110 
74 45 31 75 29 74 48 60 86 83 29 87 64 38 67 52 79 33 32 10 44 63 68 69 90 76 34 53 15 57 24 71 21 35 44 83 59 36 36 45 82 165 46 60 40 80 82 0 48 35 
68 39 31 74 29 56 30 12 65 83 29 81 46 38 75 88 61 15 54 58 26 45 68 63 90 70 16 35 40 66 24 98 62 17 26 65 84 12 77 81 81 159 45 54 44 84 64 48 0 76 
109 80 64 90 64 102 46 88 108 108 62 122 30 73 102 17 77 61 67 45 71 91 103 104 117 98 61 81 50 82 59 69 56 63 72 111 73 64 71 10 97 200 81 95 75 115 110 35 76 0 
44
16
31
4
12
83
51
35
3
4
10
46
62
44
75
59
81
22
76
1
51
72
19
88
7
70
24
93
77
65
49
14
86
16
49
39
95
78
6
31
33
13
77
77
68
14
78
11
21
