45
0 130 38 75 103 29 53 30 73 61 45 24 73 62 59 78 52 71 87 108 36 56 70 5 53 35 73 89 125 100 71 102 63 94 56 81 37 16 80 80 43 85 69 38 47 
130 0 92 147 100 102 77 131 158 114 116 107 126 160 132 131 170 131 116 160 94 103 117 125 100 130 120 136 178 154 124 173 110 109 154 137 95 114 138 131 90 168 61 96 105 
38 92 0 68 70 44 15 52 79 78 37 39 73 81 74 69 90 47 75 81 2 24 38 33 21 41 41 57 125 62 68 94 31 68 62 75 3 22 46 77 11 100 31 4 13 
75 147 68 0 120 104 83 98 76 70 83 99 58 13 134 53 23 78 121 83 66 44 64 80 47 105 67 83 110 108 80 136 57 114 65 40 67 86 77 89 57 138 86 68 77 
103 100 70 120 0 80 55 81 134 50 92 85 62 107 94 67 117 107 16 97 72 79 70 98 76 68 96 112 104 132 40 149 86 9 120 95 73 87 87 31 66 91 39 74 83 
29 102 44 104 80 0 57 49 102 80 64 5 92 91 30 97 81 90 96 125 46 68 82 24 65 54 85 101 144 106 90 121 75 89 75 100 47 35 90 99 55 66 41 48 57 
53 77 15 83 55 57 0 67 94 69 52 54 81 87 87 84 97 62 71 96 17 39 53 48 36 56 56 72 133 77 79 109 46 64 77 60 18 37 61 86 26 115 16 19 28 
30 131 52 98 81 49 67 0 103 31 15 44 43 88 79 48 82 41 97 78 50 54 68 25 51 55 71 87 95 71 41 72 61 90 76 101 51 36 72 50 41 105 70 52 61 
73 158 79 76 134 102 94 103 0 115 94 97 108 63 132 103 73 83 132 118 77 61 75 78 58 108 78 94 160 113 105 147 68 125 115 90 78 89 99 114 68 153 97 79 88 
61 114 78 70 50 80 69 31 115 0 46 75 12 57 110 17 67 72 66 47 76 60 40 56 57 86 77 93 64 102 10 103 67 59 107 84 77 67 41 19 67 102 53 78 87 
45 116 37 83 92 64 52 15 94 46 0 59 58 96 94 63 97 26 90 89 35 39 53 40 36 70 56 72 110 56 56 57 46 83 91 112 36 51 79 65 26 120 55 37 46 
24 107 39 99 85 5 54 44 97 75 59 0 87 86 35 92 76 85 101 120 41 63 77 19 60 49 80 96 139 101 85 116 70 94 70 95 42 30 85 94 50 61 46 43 52 
73 126 73 58 62 92 81 43 108 12 58 87 0 45 122 5 55 83 78 35 71 55 52 68 52 93 72 88 52 98 22 115 62 71 97 72 72 74 29 31 62 90 65 71 82 
62 160 81 13 107 91 87 88 63 57 96 86 45 0 121 40 10 91 120 70 79 57 77 67 60 97 80 96 97 121 67 128 70 113 52 27 80 78 64 76 70 125 99 81 90 
59 132 74 134 94 30 87 79 132 110 94 35 122 121 0 127 111 120 92 152 76 95 109 54 92 50 112 128 174 136 120 151 102 85 105 130 77 65 120 125 85 96 71 78 87 
78 131 69 53 67 97 84 48 103 17 63 92 5 40 127 0 50 79 83 30 67 51 57 73 48 88 68 84 57 93 27 120 58 76 92 67 68 69 24 36 58 85 70 66 78 
52 170 90 23 117 81 97 82 73 67 97 76 55 10 111 50 0 101 130 80 88 67 87 57 70 87 90 106 107 131 77 138 80 123 62 37 89 68 74 86 80 135 109 90 99 
71 131 47 78 107 90 62 41 83 72 26 85 83 91 120 79 101 0 105 91 49 34 48 66 31 88 51 67 135 30 78 83 41 98 109 118 50 69 93 87 41 108 70 51 60 
87 116 75 121 16 96 71 97 132 66 90 101 78 120 92 83 130 105 0 113 73 77 86 82 74 52 94 110 102 135 56 147 84 7 111 93 74 71 71 47 64 107 55 75 84 
108 160 81 83 97 125 96 78 118 47 89 120 35 70 152 30 80 91 113 0 79 63 77 103 60 118 40 96 87 121 57 146 50 106 122 97 80 99 54 66 70 115 99 81 90 
36 94 2 66 72 46 17 50 77 76 35 41 71 79 76 67 88 49 73 79 0 22 36 31 19 39 39 55 123 64 66 92 29 66 60 77 1 20 44 75 9 102 33 2 11 
56 103 24 44 79 68 39 54 61 60 39 63 55 57 95 51 67 34 77 63 22 0 20 53 3 61 23 39 107 64 50 92 13 70 82 84 23 42 66 59 13 98 42 24 33 
70 117 38 64 70 82 53 68 75 40 53 77 52 77 109 57 87 48 86 77 36 20 0 67 17 75 37 53 104 78 30 106 27 79 96 104 37 56 80 39 27 111 56 38 47 
5 125 33 80 98 24 48 25 78 56 40 19 68 67 54 73 57 66 82 103 31 53 67 0 50 30 70 86 120 95 66 97 60 89 51 76 32 11 75 75 40 80 64 33 42 
53 100 21 47 76 65 36 51 58 57 36 60 52 60 92 48 70 31 74 60 19 3 17 50 0 58 20 36 104 61 47 89 10 67 79 87 20 39 63 56 10 95 39 21 30 
35 130 41 105 68 54 56 55 108 86 70 49 93 97 50 88 87 88 52 118 39 61 75 30 58 0 78 94 145 103 96 127 68 59 59 84 40 19 70 99 48 110 69 41 50 
73 120 41 67 96 85 56 71 78 77 56 80 72 80 112 68 90 51 94 40 39 23 37 70 20 78 0 56 124 81 67 109 10 87 99 107 40 59 83 76 30 115 59 41 50 
89 136 57 83 112 101 72 87 94 93 72 96 88 96 128 84 106 67 110 96 55 39 53 86 36 94 56 0 140 97 83 125 46 103 56 81 56 75 99 92 46 59 75 57 66 
125 178 125 110 104 144 133 95 160 64 110 139 52 97 174 57 107 135 102 87 123 107 104 120 104 145 124 140 0 150 74 167 114 95 149 124 124 126 81 83 114 142 117 123 134 
100 154 62 108 132 106 77 71 113 102 56 101 98 121 136 93 131 30 135 121 64 64 78 95 61 103 81 97 150 0 108 113 71 128 124 137 65 84 69 117 71 78 93 66 75 
71 124 68 80 40 90 79 41 105 10 56 85 22 67 120 27 77 78 56 57 66 50 30 66 47 96 67 83 74 108 0 113 57 49 117 94 67 77 51 9 57 112 63 68 77 
102 173 94 136 149 121 109 72 147 103 57 116 115 128 151 120 138 83 147 146 92 92 106 97 89 127 109 125 167 113 113 0 99 140 126 101 93 108 136 122 83 177 112 94 103 
63 110 31 57 86 75 46 61 68 67 46 70 62 70 102 58 80 41 84 50 29 13 27 60 10 68 10 46 114 71 57 99 0 77 89 97 30 49 73 66 20 105 49 31 40 
94 109 68 114 9 89 64 90 125 59 83 94 71 113 85 76 123 98 7 106 66 70 79 89 67 59 87 103 95 128 49 140 77 0 111 86 67 78 78 40 57 100 48 68 77 
56 154 62 65 120 75 77 76 115 107 91 70 97 52 105 92 62 109 111 122 60 82 96 51 79 59 99 56 149 124 117 126 89 111 0 25 61 40 104 126 69 115 93 62 71 
81 137 75 40 95 100 60 101 90 84 112 95 72 27 130 67 37 118 93 97 77 84 104 76 87 84 107 81 124 137 94 101 97 86 25 0 78 65 91 103 86 140 76 79 88 
37 95 3 67 73 47 18 51 78 77 36 42 72 80 77 68 89 50 74 80 1 23 37 32 20 40 40 56 124 65 67 93 30 67 61 78 0 21 45 76 10 103 34 3 12 
16 114 22 86 87 35 37 36 89 67 51 30 74 78 65 69 68 69 71 99 20 42 56 11 39 19 59 75 126 84 77 108 49 78 40 65 21 0 64 86 29 91 53 22 31 
80 138 46 77 87 90 61 72 99 41 79 85 29 64 120 24 74 93 71 54 44 66 80 75 63 70 83 99 81 69 51 136 73 78 104 91 45 64 0 60 53 61 77 42 55 
80 131 77 89 31 99 86 50 114 19 65 94 31 76 125 36 86 87 47 66 75 59 39 75 56 99 76 92 83 117 9 122 66 40 126 103 76 86 60 0 66 121 70 77 86 
43 90 11 57 66 55 26 41 68 67 26 50 62 70 85 58 80 41 64 70 9 13 27 40 10 48 30 46 114 71 57 83 20 57 69 86 10 29 53 66 0 105 29 11 20 
85 168 100 138 91 66 115 105 153 102 120 61 90 125 96 85 135 108 107 115 102 98 111 80 95 110 115 59 142 78 112 177 105 100 115 140 103 91 61 121 105 0 107 103 113 
69 61 31 86 39 41 16 70 97 53 55 46 65 99 71 70 109 70 55 99 33 42 56 64 39 69 59 75 117 93 63 112 49 48 93 76 34 53 77 70 29 107 0 35 44 
38 96 4 68 74 48 19 52 79 78 37 43 71 81 78 66 90 51 75 81 2 24 38 33 21 41 41 57 123 66 68 94 31 68 62 79 3 22 42 77 11 103 35 0 13 
47 105 13 77 83 57 28 61 88 87 46 52 82 90 87 78 99 60 84 90 11 33 47 42 30 50 50 66 134 75 77 103 40 77 71 88 12 31 55 86 20 113 44 13 0 
9
64
61
71
18
75
4
24
65
93
58
36
62
42
96
71
11
1
30
72
67
21
88
97
25
80
13
77
18
46
64
17
100
74
34
67
50
80
49
85
84
1
35
90
