90
0 18 32 106 58 36 103 69 20 81 69 82 55 55 43 63 54 74 79 78 72 60 23 25 78 57 6 72 24 54 84 52 36 94 103 98 58 25 82 76 66 13 78 56 50 35 45 90 48 14 97 47 43 76 41 50 50 64 62 51 63 14 42 91 59 86 27 68 91 68 67 16 70 80 78 56 55 89 89 78 84 28 79 33 49 55 100 30 62 41 
18 0 14 94 45 22 89 61 6 77 69 72 46 41 26 45 53 69 79 60 63 42 8 30 67 52 14 58 10 40 69 35 18 80 91 88 58 11 64 75 52 7 60 45 37 18 36 78 34 5 83 36 25 61 41 34 34 64 48 34 49 19 31 79 59 68 29 52 79 50 53 8 70 75 66 47 50 74 71 64 81 10 61 30 35 41 88 12 48 36 
32 14 0 85 37 13 79 60 13 77 75 66 44 28 13 31 55 69 83 46 60 28 12 40 60 52 28 47 11 29 56 22 5 69 83 80 63 11 50 75 39 19 46 39 31 6 35 70 24 18 72 33 11 48 48 21 21 68 37 21 39 30 28 69 61 54 39 39 71 37 40 19 76 75 58 46 50 61 57 51 81 4 47 34 24 31 79 2 38 37 
106 94 85 0 50 73 10 42 88 52 80 28 52 59 74 76 66 51 78 75 38 77 97 91 29 56 100 40 84 57 47 66 81 25 6 16 74 83 81 61 50 93 71 50 57 79 62 16 61 94 23 60 84 51 78 66 67 72 50 67 46 95 64 16 67 64 88 57 16 64 49 90 80 47 28 52 57 46 80 40 53 88 74 76 62 54 6 87 47 67 
58 45 37 50 0 24 46 26 39 45 55 30 14 17 27 38 35 38 61 46 25 37 49 47 23 26 52 18 35 12 37 23 33 39 47 44 45 34 53 48 18 45 44 6 8 31 17 34 13 45 42 13 39 30 41 22 23 46 11 23 9 47 16 34 39 45 44 26 35 32 19 42 56 41 22 16 24 42 57 27 49 39 46 32 16 7 44 39 8 25 
36 22 13 73 24 0 67 47 16 64 65 53 31 19 8 29 44 56 72 44 47 27 25 37 47 39 32 36 12 18 48 16 10 58 71 68 53 11 48 62 30 23 43 26 18 7 22 58 12 22 61 20 18 40 41 14 14 57 26 15 27 32 15 57 50 50 35 32 59 32 31 22 66 62 46 33 37 53 55 42 68 15 44 27 13 19 67 15 26 26 
103 89 79 10 46 67 0 45 83 56 83 31 51 52 67 67 68 54 81 65 40 68 91 90 28 57 98 33 79 51 37 59 75 15 14 22 77 78 71 64 42 90 61 48 54 73 60 16 55 89 13 57 77 41 78 59 60 75 43 60 40 92 62 13 70 54 87 48 17 55 41 88 83 51 26 51 57 36 70 31 58 82 64 75 56 48 11 81 41 66 
69 61 60 42 26 47 45 0 55 19 39 14 16 43 52 64 24 12 40 70 5 63 68 50 17 14 63 36 52 38 56 49 57 46 38 30 32 51 77 23 42 59 68 21 29 54 25 29 38 60 49 27 64 53 36 47 48 30 35 48 31 56 32 32 25 69 47 50 28 56 42 56 39 15 21 14 15 60 81 44 23 60 70 37 41 33 36 61 31 28 
20 6 13 88 39 16 83 55 0 71 65 66 40 35 23 43 47 63 74 58 57 40 14 27 61 46 16 52 4 34 64 32 16 74 85 82 53 5 62 69 46 7 58 39 31 15 30 72 28 6 77 30 24 56 37 30 30 58 42 31 43 17 25 73 53 66 27 48 73 48 47 6 66 69 60 41 44 69 69 58 75 10 59 24 29 35 82 12 42 30 
81 77 77 52 45 64 56 19 71 0 28 26 33 62 69 83 27 8 26 89 22 81 85 58 33 25 75 54 69 57 74 67 74 61 46 36 29 68 96 9 61 73 87 40 46 71 42 41 55 74 63 44 81 71 42 65 66 23 54 66 50 67 49 44 23 87 55 69 39 75 61 70 28 5 38 31 27 77 100 62 4 77 89 48 60 52 46 78 50 41 
69 69 75 80 55 65 83 39 65 28 0 52 41 72 73 90 21 29 10 101 43 88 77 44 55 30 64 71 64 67 91 74 74 85 74 64 12 64 108 19 73 64 99 49 54 71 44 67 62 66 87 48 83 85 28 72 73 9 66 73 63 55 51 70 16 100 42 81 66 87 74 61 1 33 60 39 31 96 112 80 29 72 101 41 67 62 74 74 63 39 
82 72 66 28 30 53 31 14 66 26 52 0 27 46 57 66 38 23 51 69 10 66 77 64 8 28 76 31 62 42 49 53 63 35 24 16 46 61 76 34 40 70 66 27 35 60 37 15 43 71 37 36 69 47 50 52 53 44 36 53 31 69 41 18 39 63 61 48 14 56 39 67 52 21 13 26 29 52 78 37 29 68 69 50 46 37 22 68 32 41 
55 46 44 52 14 31 51 16 40 33 41 27 0 31 36 50 21 25 47 60 17 48 53 39 23 12 49 31 37 26 50 34 41 49 48 43 31 36 67 34 32 44 58 8 13 38 10 36 22 45 52 11 48 44 29 32 33 32 25 33 22 43 16 38 25 59 36 40 36 46 33 41 42 31 26 2 10 55 71 40 37 44 60 24 27 21 46 45 22 15 
55 41 28 59 17 19 52 43 35 62 72 46 31 0 15 21 51 55 78 29 42 20 40 55 38 43 51 19 31 5 29 7 23 41 58 57 61 30 36 65 11 42 27 23 18 23 28 45 11 41 44 24 25 21 52 7 8 63 10 8 15 51 24 44 56 32 52 13 47 15 12 41 73 58 35 33 41 34 40 23 66 31 29 41 7 10 54 30 14 36 
43 26 13 74 27 8 67 52 23 69 73 57 36 15 0 21 52 61 80 36 52 19 25 45 49 46 39 34 19 17 43 9 8 56 72 69 61 18 40 69 26 30 35 31 23 8 29 59 14 29 59 26 12 35 49 8 8 65 25 8 28 39 22 58 58 43 43 26 60 25 27 29 74 67 47 38 44 48 47 38 73 16 36 35 12 20 68 15 27 34 
63 45 31 76 38 29 67 64 43 83 90 66 50 21 21 0 69 75 97 15 63 3 41 66 58 62 59 37 39 26 35 17 27 53 76 77 79 38 19 84 27 50 15 44 37 28 46 64 28 49 56 42 20 27 69 18 18 82 30 17 35 59 41 62 75 25 64 19 66 12 28 49 91 79 55 52 60 38 26 36 87 35 16 56 24 31 72 33 34 53 
54 53 55 66 35 44 68 24 47 27 21 38 21 51 52 69 0 21 28 80 28 67 61 31 40 11 49 51 45 46 71 53 53 69 62 54 10 45 87 22 53 48 78 29 33 50 23 52 41 50 72 27 62 65 15 51 52 13 46 52 43 40 30 55 6 80 28 61 51 66 54 45 22 28 44 19 11 76 91 60 30 53 80 23 46 42 60 55 43 18 
74 69 69 51 38 56 54 12 63 8 29 23 25 55 61 75 21 0 28 82 16 73 77 52 28 17 68 48 61 50 68 59 66 58 45 35 25 60 89 11 54 65 80 32 38 63 34 38 47 66 60 36 73 65 36 57 58 21 47 58 43 60 41 41 18 81 49 62 37 68 54 62 29 7 33 23 19 72 93 56 12 69 82 41 52 45 45 70 43 33 
79 79 83 78 61 72 81 40 74 26 10 51 47 78 80 97 28 28 0 107 44 95 87 54 56 36 74 76 73 73 96 81 81 86 72 62 21 73 114 17 79 74 105 55 60 78 51 66 69 76 88 55 90 91 38 79 80 16 72 80 69 65 58 69 22 106 52 87 65 93 80 71 9 31 61 45 37 100 118 84 25 81 107 50 74 68 72 83 69 46 
78 60 46 75 46 44 65 70 58 89 101 69 60 29 36 15 80 82 107 0 68 18 56 81 61 72 74 39 54 34 28 29 42 50 76 77 90 53 7 93 29 65 4 52 47 43 57 64 40 64 52 53 35 24 81 30 30 92 35 29 40 74 53 62 85 13 79 21 66 14 30 64 102 85 57 62 70 30 12 35 93 50 1 68 35 39 72 48 39 65 
72 63 60 38 25 47 40 5 57 22 43 10 17 42 52 63 28 16 44 68 0 62 70 54 12 18 66 32 54 37 52 48 57 42 34 26 37 53 75 27 39 61 65 21 29 54 27 24 38 62 44 28 64 49 40 47 48 35 33 48 29 59 33 27 30 65 51 47 23 54 39 58 44 18 17 16 19 56 78 40 26 61 68 40 41 32 32 62 29 31 
60 42 28 77 37 27 68 63 40 81 88 66 48 20 19 3 67 73 95 18 62 0 38 64 58 60 56 37 36 25 36 15 24 54 76 77 77 35 22 82 27 47 18 42 35 25 44 64 26 46 57 40 17 28 67 16 16 80 30 15 35 56 39 62 73 28 62 20 66 13 28 46 89 78 55 50 58 40 29 37 85 32 19 54 22 30 72 30 34 51 
23 8 12 97 49 25 91 68 14 85 77 77 53 40 25 41 61 77 87 56 70 38 0 38 72 60 22 59 16 41 68 34 17 81 95 92 66 17 60 83 51 15 56 50 42 18 43 82 36 13 84 42 21 60 49 33 33 72 49 33 51 27 37 81 67 66 37 51 83 49 52 16 78 83 70 54 58 73 67 63 89 10 57 38 36 43 91 10 50 44 
25 30 40 91 47 37 90 50 27 58 44 64 39 55 45 66 31 52 54 81 54 64 38 0 62 36 20 65 29 51 84 53 41 85 87 80 33 29 85 53 64 23 80 42 40 39 30 75 44 25 88 34 50 76 17 51 51 39 57 52 56 11 32 77 36 87 3 68 75 69 65 22 45 59 64 39 35 89 92 74 61 37 81 15 48 49 85 39 55 24 
78 67 60 29 23 47 28 17 61 33 55 8 23 38 49 58 40 28 56 61 12 58 72 62 0 29 72 23 57 34 41 45 56 30 25 21 49 56 68 39 32 65 58 22 30 54 33 13 36 66 32 31 61 39 50 44 45 47 28 45 23 66 36 15 42 55 59 40 13 48 31 62 56 28 5 23 29 44 70 29 36 62 61 47 38 29 23 62 24 38 
57 52 52 56 26 39 57 14 46 25 30 28 12 43 46 62 11 17 36 72 18 60 60 36 29 0 51 42 44 38 62 46 49 58 52 44 20 43 79 24 44 48 70 20 25 46 17 42 34 49 61 20 57 56 22 44 45 21 37 45 34 43 24 44 14 71 33 52 41 58 45 45 31 24 33 10 2 67 83 51 29 52 72 24 39 33 50 53 34 16 
6 14 28 100 52 32 98 63 16 75 64 76 49 51 39 59 49 68 74 74 66 56 22 20 72 51 0 67 20 49 80 48 32 89 97 92 53 21 78 71 62 9 74 50 44 31 39 84 43 10 92 41 39 72 36 46 46 59 57 47 58 9 36 85 54 82 22 64 85 64 63 10 65 74 72 50 49 85 85 74 79 24 75 27 45 50 94 26 57 35 
72 58 47 40 18 36 33 36 52 54 71 31 31 19 34 37 51 48 76 39 32 37 59 65 23 42 67 0 48 18 21 26 42 23 39 40 61 47 45 59 10 59 35 23 25 41 35 27 24 58 26 31 44 17 59 26 27 62 10 27 9 64 33 25 55 33 62 18 29 26 9 57 72 50 18 32 40 25 48 9 58 50 38 50 23 17 35 49 10 43 
24 10 11 84 35 12 79 52 4 69 64 62 37 31 19 39 45 61 73 54 54 36 16 29 57 44 20 48 0 30 60 28 13 70 81 78 52 1 58 67 42 11 54 35 27 11 27 68 24 10 73 26 22 52 37 26 26 57 38 27 39 20 21 69 51 62 28 44 69 44 43 10 65 67 56 38 42 65 65 54 73 8 55 23 25 31 78 10 38 28 
54 40 29 57 12 18 51 38 34 57 67 42 26 5 17 26 46 50 73 34 37 25 41 51 34 38 49 18 30 0 33 11 25 41 55 53 56 29 41 60 13 41 32 18 13 23 23 42 7 40 44 19 28 25 47 10 11 58 8 11 11 47 19 41 51 36 48 17 43 20 14 39 68 53 31 28 36 38 45 25 61 32 34 36 5 5 51 31 10 31 
84 69 56 47 37 48 37 56 64 74 91 49 50 29 43 35 71 68 96 28 52 36 68 84 41 62 80 21 60 33 0 34 51 22 49 52 81 59 34 79 20 71 24 42 44 51 54 39 40 70 24 50 50 8 78 35 35 82 27 35 28 80 52 36 75 17 81 17 41 23 19 70 92 69 36 52 60 5 33 12 77 59 27 69 36 35 45 58 29 62 
52 35 22 66 23 16 59 49 32 67 74 53 34 7 9 17 53 59 81 29 48 15 34 53 45 46 48 26 28 11 34 0 17 48 65 64 63 27 35 68 18 39 27 28 21 17 30 52 12 38 51 26 18 26 53 2 2 66 17 1 22 48 25 51 59 34 51 17 54 16 19 38 75 64 42 36 44 39 40 30 71 25 29 40 8 16 61 24 21 37 
36 18 5 81 33 10 75 57 16 74 74 63 41 23 8 27 53 66 81 42 57 24 17 41 56 49 32 42 13 25 51 17 0 64 79 76 62 12 46 72 34 23 42 36 28 3 32 66 20 22 67 30 9 43 48 16 16 66 33 16 35 33 25 65 59 50 40 34 67 32 35 22 75 72 54 43 47 56 53 46 78 8 43 34 20 27 75 7 34 35 
94 80 69 25 39 58 15 46 74 61 85 35 49 41 56 53 69 58 86 50 42 54 81 85 30 58 89 23 70 41 22 48 64 0 27 33 78 69 56 69 30 81 46 43 47 64 55 21 46 80 3 52 66 27 78 48 49 76 33 49 31 86 55 18 71 39 82 34 23 42 29 79 85 56 25 50 58 21 55 18 64 72 49 70 46 39 24 71 32 63 
103 91 83 6 47 71 14 38 85 46 74 24 48 58 72 76 62 45 72 76 34 76 95 87 25 52 97 39 81 55 49 65 79 27 0 10 70 80 82 55 49 90 72 47 54 77 58 13 59 91 27 56 83 52 74 65 66 66 48 66 44 91 61 14 63 66 84 57 12 65 48 87 74 41 25 48 53 48 82 41 47 86 75 72 60 52 4 85 45 63 
98 88 80 16 44 68 22 30 82 36 64 16 43 57 69 77 54 35 62 77 26 77 92 80 21 44 92 40 78 53 52 64 76 33 10 0 60 77 83 45 50 86 73 43 51 74 53 13 56 87 33 52 81 53 66 63 64 56 47 64 42 85 57 16 53 68 77 58 11 66 49 83 64 31 22 42 45 54 84 42 37 83 76 66 58 49 11 82 43 57 
58 58 63 74 45 53 77 32 53 29 12 46 31 61 61 79 10 25 21 90 37 77 66 33 49 20 53 61 52 56 81 63 62 78 70 60 0 52 97 21 63 53 88 39 43 59 33 61 51 55 81 37 71 75 17 61 62 6 56 62 53 44 39 64 7 90 31 71 60 76 64 50 13 31 53 29 21 86 101 70 31 60 90 29 56 52 68 62 53 27 
25 11 11 83 34 11 78 51 5 68 64 61 36 30 18 38 45 60 73 53 53 35 17 29 56 43 21 47 1 29 59 27 12 69 80 77 52 0 57 66 41 12 53 34 26 10 26 67 23 11 72 25 21 51 37 25 25 57 37 26 38 21 20 68 51 61 28 43 68 43 42 11 65 66 55 37 41 64 64 53 72 9 54 23 24 30 77 11 37 27 
82 64 50 81 53 48 71 77 62 96 108 76 67 36 40 19 87 89 114 7 75 22 60 85 68 79 78 45 58 41 34 35 46 56 82 83 97 57 0 100 36 69 10 59 54 47 64 70 47 68 58 60 39 30 88 37 37 99 42 36 47 78 60 68 92 17 83 28 72 21 37 68 109 92 63 69 77 35 7 41 100 54 7 75 42 46 78 52 46 72 
76 75 75 61 48 62 64 23 69 9 19 34 34 65 69 84 22 11 17 93 27 82 83 53 39 24 71 59 67 60 79 68 72 69 55 45 21 66 100 0 65 70 91 42 47 69 40 49 56 72 71 43 80 76 36 66 67 15 58 67 54 62 47 52 17 92 50 73 48 79 65 67 19 14 44 32 25 83 104 67 10 75 93 45 61 55 55 76 54 39 
66 52 39 50 18 30 42 42 46 61 73 40 32 11 26 27 53 54 79 29 39 27 51 64 32 44 62 10 42 13 20 18 34 30 49 50 63 41 36 65 0 53 26 24 24 34 34 37 20 52 33 30 36 12 58 18 19 64 7 19 11 60 32 35 57 27 61 8 39 16 1 52 74 57 28 34 42 25 39 12 65 42 29 49 17 15 45 41 11 42 
13 7 19 93 45 23 90 59 7 73 64 70 44 42 30 50 48 65 74 65 61 47 15 23 65 48 9 59 11 41 71 39 23 81 90 86 53 12 69 70 53 0 65 43 37 22 34 77 35 2 84 34 30 63 36 37 37 59 49 38 50 12 29 78 54 73 24 55 78 55 54 3 65 71 65 45 46 76 76 65 77 15 66 25 36 42 87 17 49 32 
78 60 46 71 44 43 61 68 58 87 99 66 58 27 35 15 78 80 105 4 65 18 56 80 58 70 74 35 54 32 24 27 42 46 72 73 88 53 10 91 26 65 0 50 45 43 55 60 38 64 48 51 35 20 79 29 29 90 33 28 37 74 51 58 83 10 78 18 62 12 27 64 100 83 53 60 68 27 14 31 91 50 3 67 33 37 68 48 37 63 
56 45 39 50 6 26 48 21 39 40 49 27 8 23 31 44 29 32 55 52 21 42 50 42 22 20 50 23 35 18 42 28 36 43 47 43 39 34 59 42 24 43 50 0 8 33 12 34 17 44 46 10 43 36 36 26 27 40 17 27 14 45 14 35 33 51 39 32 35 38 25 40 50 36 22 10 18 47 63 32 44 41 52 27 20 13 44 41 14 20 
50 37 31 57 8 18 54 29 31 46 54 35 13 18 23 37 33 38 60 47 29 35 42 40 30 25 44 25 27 13 44 21 28 47 54 51 43 26 54 47 24 37 45 8 0 25 10 41 9 37 50 6 35 36 34 19 20 45 17 20 16 39 8 42 38 49 37 30 42 33 25 34 55 44 29 15 23 49 58 34 50 33 47 25 14 9 51 33 15 18 
35 18 6 79 31 7 73 54 15 71 71 60 38 23 8 28 50 63 78 43 54 25 18 39 54 46 31 41 11 23 51 17 3 64 77 74 59 10 47 69 34 22 43 33 25 0 29 64 18 21 67 27 12 43 45 16 16 63 31 16 33 31 22 63 56 51 38 34 65 33 35 21 72 69 52 40 44 56 54 46 75 9 44 31 18 25 73 8 32 32 
45 36 35 62 17 22 60 25 30 42 44 37 10 28 29 46 23 34 51 57 27 44 43 30 33 17 39 35 27 23 54 30 32 55 58 53 33 26 64 40 34 34 55 12 10 29 0 46 18 35 58 4 40 46 24 28 29 36 27 29 26 33 7 47 29 59 27 40 46 43 35 31 45 40 34 11 15 59 68 44 46 35 57 15 23 19 56 36 25 8 
90 78 70 16 34 58 16 29 72 41 67 15 36 45 59 64 52 38 66 64 24 64 82 75 13 42 84 27 68 42 39 52 66 21 13 13 61 67 70 49 37 77 60 34 41 64 46 0 46 78 22 44 70 40 63 52 53 59 35 53 31 79 48 3 54 55 72 45 2 53 36 74 67 36 12 36 42 41 71 29 43 73 63 60 47 39 10 72 32 51 
48 34 24 61 13 12 55 38 28 55 62 43 22 11 14 28 41 47 69 40 38 26 36 44 36 34 43 24 24 7 40 12 20 46 59 56 51 23 47 56 20 35 38 17 9 18 18 46 0 34 49 14 26 32 41 10 11 54 14 11 15 40 13 45 47 43 41 24 47 26 21 33 63 53 34 24 32 45 51 31 59 27 40 30 5 7 55 26 14 25 
14 5 18 94 45 22 89 60 6 74 66 71 45 41 29 49 50 66 76 64 62 46 13 25 66 49 10 58 10 40 70 38 22 80 91 87 55 11 68 72 52 2 64 44 37 21 35 78 34 0 83 35 29 62 38 36 36 61 48 37 49 14 30 79 56 72 26 54 79 54 53 5 67 72 66 46 47 75 75 64 78 14 65 27 35 41 88 16 48 33 
97 83 72 23 42 61 13 49 77 63 87 37 52 44 59 56 72 60 88 52 44 57 84 88 32 61 92 26 73 44 24 51 67 3 27 33 81 72 58 71 33 84 48 46 50 67 58 22 49 83 0 55 69 30 81 51 52 79 36 52 34 89 58 19 74 41 85 37 24 45 32 82 88 58 28 53 61 23 57 21 65 75 51 73 49 42 23 74 35 66 
47 36 33 60 13 20 57 27 30 44 48 36 11 24 26 42 27 36 55 53 28 40 42 34 31 20 41 31 26 19 50 26 30 52 56 52 37 25 60 43 30 34 51 10 6 27 4 44 14 35 55 0 38 42 28 24 25 40 23 25 22 35 5 45 33 55 31 36 44 39 31 31 49 42 32 13 18 55 64 40 48 33 53 19 19 15 54 34 21 12 
43 25 11 84 39 18 77 64 24 81 83 69 48 25 12 20 62 73 90 35 64 17 21 50 61 57 39 44 22 28 50 18 9 66 83 81 71 21 39 80 36 30 35 43 35 12 40 70 26 29 69 38 0 42 57 18 17 75 35 17 39 41 33 69 68 45 49 33 71 28 37 30 84 79 59 50 55 55 46 48 85 15 36 43 23 32 79 13 38 44 
76 61 48 51 30 40 41 53 56 71 85 47 44 21 35 27 65 65 91 24 49 28 60 76 39 56 72 17 52 25 8 26 43 27 52 53 75 51 30 76 12 63 20 36 36 43 46 40 32 62 30 42 42 0 70 27 27 76 19 27 22 72 44 38 69 16 73 9 42 15 11 62 86 67 35 46 54 13 31 11 75 51 23 61 28 27 48 50 22 54 
41 41 48 78 41 41 78 36 37 42 28 50 29 52 49 69 15 36 38 81 40 67 49 17 50 22 36 59 37 47 78 53 48 78 74 66 17 37 88 36 58 36 79 36 34 45 24 63 41 38 81 28 57 70 0 51 52 23 51 52 50 27 28 65 19 83 14 64 63 67 59 33 29 43 54 28 21 83 92 68 45 45 81 14 46 43 72 47 49 16 
50 34 21 66 22 14 59 47 30 65 72 52 32 7 8 18 51 57 79 30 47 16 33 51 44 44 46 26 26 10 35 2 16 48 65 63 61 25 37 66 18 37 29 26 19 16 28 52 10 36 51 24 18 27 51 0 1 64 17 1 21 46 23 51 57 36 49 18 53 18 19 36 73 62 41 34 42 40 42 30 69 24 31 38 6 15 61 23 20 35 
50 34 21 67 23 14 60 48 30 66 73 53 33 8 8 18 52 58 80 30 48 16 33 51 45 45 46 27 26 11 35 2 16 49 66 64 62 25 37 67 19 37 29 27 20 16 29 53 11 36 52 25 17 27 52 1 0 65 18 1 22 46 24 52 58 36 49 18 54 18 20 36 74 63 42 35 43 40 42 31 70 24 31 39 7 16 62 23 21 36 
64 64 68 72 46 57 75 30 58 23 9 44 32 63 65 82 13 21 16 92 35 80 72 39 47 21 59 62 57 58 82 66 66 76 66 56 6 57 99 15 64 59 90 40 45 63 36 59 54 61 79 40 75 76 23 64 65 0 57 65 54 50 43 62 7 91 37 72 58 78 65 56 10 27 51 30 22 87 103 71 25 65 92 34 59 53 66 67 54 31 
62 48 37 50 11 26 43 35 42 54 66 36 25 10 25 30 46 47 72 35 33 30 49 57 28 37 57 10 38 8 27 17 33 33 48 47 56 37 42 58 7 49 33 17 17 31 27 35 14 48 36 23 35 19 51 17 18 57 0 18 5 54 25 34 50 34 54 15 37 21 8 47 67 50 25 27 35 32 46 17 58 40 35 42 13 8 44 39 4 35 
51 34 21 67 23 15 60 48 31 66 73 53 33 8 8 17 52 58 80 29 48 15 33 52 45 45 47 27 27 11 35 1 16 49 66 64 62 26 36 67 19 38 28 27 20 16 29 53 11 37 52 25 17 27 52 1 1 65 18 0 22 47 24 52 58 35 50 18 54 17 20 37 74 63 42 35 43 40 41 31 70 24 30 39 7 16 62 23 21 36 
63 49 39 46 9 27 40 31 43 50 63 31 22 15 28 35 43 43 69 40 29 35 51 56 23 34 58 9 39 11 28 22 35 31 44 42 53 38 47 54 11 50 37 14 16 33 26 31 15 49 34 22 39 22 50 21 22 54 5 22 0 55 24 30 47 38 53 19 32 26 11 48 64 46 20 24 32 33 50 18 54 42 40 41 16 8 40 41 1 34 
14 19 30 95 47 32 92 56 17 67 55 69 43 51 39 59 40 60 65 74 59 56 27 11 66 43 9 64 20 47 80 48 33 86 91 85 44 21 78 62 60 12 74 45 39 31 33 79 40 14 89 35 41 72 27 46 46 50 54 47 55 0 31 80 45 82 13 64 79 64 61 11 56 66 67 43 41 85 85 71 70 27 75 19 44 47 89 29 54 28 
42 31 28 64 16 15 62 32 25 49 51 41 16 24 22 41 30 41 58 53 33 39 37 32 36 24 36 33 21 19 52 25 25 55 61 57 39 20 60 47 32 29 51 14 8 22 7 48 13 30 58 5 33 44 28 23 24 43 25 24 24 31 0 49 36 55 29 36 49 39 33 26 52 47 36 18 22 57 64 42 53 28 53 17 18 17 58 29 23 12 
91 79 69 16 34 57 13 32 73 44 70 18 38 44 58 62 55 41 69 62 27 62 81 77 15 44 85 25 69 41 36 51 65 18 14 16 64 68 68 52 35 78 58 35 42 63 47 3 45 79 19 45 69 38 65 51 52 62 34 52 30 80 49 0 57 53 74 43 5 51 34 75 70 39 13 38 44 38 69 27 46 72 61 62 46 38 10 71 31 53 
59 59 61 67 39 50 70 25 53 23 16 39 25 56 58 75 6 18 22 85 30 73 67 36 42 14 54 55 51 51 75 59 59 71 63 53 7 51 92 17 57 54 83 33 38 56 29 54 47 56 74 33 68 69 19 57 58 7 50 58 47 45 36 57 0 84 33 65 53 71 58 51 17 25 46 23 15 80 96 64 26 59 85 29 52 46 61 61 47 24 
86 68 54 64 45 50 54 69 66 87 100 63 59 32 43 25 80 81 106 13 65 28 66 87 55 71 82 33 62 36 17 34 50 39 66 68 90 61 17 92 27 73 10 51 49 51 59 55 43 72 41 55 45 16 83 36 36 91 34 35 38 82 55 53 84 0 84 19 57 18 27 72 101 83 51 61 69 18 16 26 91 58 12 72 39 40 62 56 38 67 
27 29 39 88 44 35 87 47 27 55 42 61 36 52 43 64 28 49 52 79 51 62 37 3 59 33 22 62 28 48 81 51 40 82 84 77 31 28 83 50 61 24 78 39 37 38 27 72 41 26 85 31 49 73 14 49 49 37 54 50 53 13 29 74 33 84 0 65 72 66 62 21 43 56 61 36 32 86 90 71 58 36 79 12 45 46 82 38 52 21 
68 52 39 57 26 32 48 50 48 69 81 48 40 13 26 19 61 62 87 21 47 20 51 68 40 52 64 18 44 17 17 17 34 34 57 58 71 43 28 73 8 55 18 32 30 34 40 45 24 54 37 36 33 9 64 18 18 72 15 18 19 64 36 43 65 19 65 0 47 8 9 54 82 65 36 42 50 22 31 17 73 42 21 53 20 21 53 41 19 48 
91 79 71 16 35 59 17 28 73 39 66 14 36 47 60 66 51 37 65 66 23 66 83 75 13 41 85 29 69 43 41 54 67 23 12 11 60 68 72 48 39 78 62 35 42 65 46 2 47 79 24 44 71 42 63 53 54 58 37 54 32 79 49 5 53 57 72 47 0 55 38 75 66 34 13 36 42 43 73 31 42 74 65 60 48 40 10 73 33 51 
68 50 37 64 32 32 55 56 48 75 87 56 46 15 25 12 66 68 93 14 54 13 49 69 48 58 64 26 44 20 23 16 32 42 65 66 76 43 21 79 16 55 12 38 33 33 43 53 26 54 45 39 28 15 67 18 18 78 21 17 26 64 39 51 71 18 66 8 55 0 17 54 88 71 44 48 56 27 25 24 79 40 14 55 21 25 61 39 25 51 
67 53 40 49 19 31 41 42 47 61 74 39 33 12 27 28 54 54 80 30 39 28 52 65 31 45 63 9 43 14 19 19 35 29 48 49 64 42 37 65 1 54 27 25 25 35 35 36 21 53 32 31 37 11 59 19 20 65 8 20 11 61 33 34 58 27 62 9 38 17 0 53 75 57 27 35 43 24 40 11 65 43 30 50 18 16 44 42 11 43 
16 8 19 90 42 22 88 56 6 70 61 67 41 41 29 49 45 62 71 64 58 46 16 22 62 45 10 57 10 39 70 38 22 79 87 83 50 11 68 67 52 3 64 40 34 21 31 74 33 5 82 31 30 62 33 36 36 56 47 37 48 11 26 75 51 72 21 54 75 54 53 0 62 68 62 42 43 75 75 64 74 16 65 22 35 40 84 18 47 29 
70 70 76 80 56 66 83 39 66 28 1 52 42 73 74 91 22 29 9 102 44 89 78 45 56 31 65 72 65 68 92 75 75 85 74 64 13 65 109 19 74 65 100 50 55 72 45 67 63 67 88 49 84 86 29 73 74 10 67 74 64 56 52 70 17 101 43 82 66 88 75 62 0 33 60 40 32 97 113 81 29 73 102 42 68 63 74 75 64 40 
80 75 75 47 41 62 51 15 69 5 33 21 31 58 67 79 28 7 31 85 18 78 83 59 28 24 74 50 67 53 69 64 72 56 41 31 31 66 92 14 57 71 83 36 44 69 40 36 53 72 58 42 79 67 43 62 63 27 50 63 46 66 47 39 25 83 56 65 34 71 57 68 33 0 33 29 25 72 96 57 8 75 85 47 56 48 41 76 46 39 
78 66 58 28 22 46 26 21 60 38 60 13 26 35 47 55 44 33 61 57 17 55 70 64 5 33 72 18 56 31 36 42 54 25 25 22 53 55 63 44 28 65 53 22 29 52 34 12 34 66 28 32 59 35 54 41 42 51 25 42 20 67 36 13 46 51 61 36 13 44 27 62 60 33 0 26 33 39 66 25 41 61 56 49 36 27 22 60 21 41 
56 47 46 52 16 33 51 14 41 31 39 26 2 33 38 52 19 23 45 62 16 50 54 39 23 10 50 32 38 28 52 36 43 50 48 42 29 37 69 32 34 45 60 10 15 40 11 36 24 46 53 13 50 46 28 34 35 30 27 35 24 43 18 38 23 61 36 42 36 48 35 42 40 29 26 0 8 57 73 41 35 46 62 24 29 23 46 47 24 15 
55 50 50 57 24 37 57 15 44 27 31 29 10 41 44 60 11 19 37 70 19 58 58 35 29 2 49 40 42 36 60 44 47 58 53 45 21 41 77 25 42 46 68 18 23 44 15 42 32 47 61 18 55 54 21 42 43 22 35 43 32 41 22 44 15 69 32 50 42 56 43 43 32 25 33 8 0 65 81 49 31 50 70 22 37 31 51 51 32 14 
89 74 61 46 42 53 36 60 69 77 96 52 55 34 48 38 76 72 100 30 56 40 73 89 44 67 85 25 65 38 5 39 56 21 48 54 86 64 35 83 25 76 27 47 49 56 59 41 45 75 23 55 55 13 83 40 40 87 32 40 33 85 57 38 80 18 86 22 43 27 24 75 97 72 39 57 65 0 34 16 80 64 29 74 41 40 45 63 34 67 
89 71 57 80 57 55 70 81 69 100 112 78 71 40 47 26 91 93 118 12 78 29 67 92 70 83 85 48 65 45 33 40 53 55 82 84 101 64 7 104 39 76 14 63 58 54 68 71 51 75 57 64 46 31 92 42 42 103 46 41 50 85 64 69 96 16 90 31 73 25 40 75 113 96 66 73 81 34 0 42 104 61 11 80 46 50 78 59 50 76 
78 64 51 40 27 42 31 44 58 62 80 37 40 23 38 36 60 56 84 35 40 37 63 74 29 51 74 9 54 25 12 30 46 18 41 42 70 53 41 67 12 65 31 32 34 46 44 29 31 64 21 40 48 11 68 30 31 71 17 31 18 71 42 27 64 26 71 17 31 24 11 64 81 57 25 41 49 16 42 0 65 54 34 59 29 25 37 53 19 52 
84 81 81 53 49 68 58 23 75 4 29 29 37 66 73 87 30 12 25 93 26 85 89 61 36 29 79 58 73 61 77 71 78 64 47 37 31 72 100 10 65 77 91 44 50 75 46 43 59 78 65 48 85 75 45 69 70 25 58 70 54 70 53 46 26 91 58 73 42 79 65 74 29 8 41 35 31 80 104 65 0 81 93 52 64 56 48 82 54 45 
28 10 4 88 39 15 82 60 10 77 72 68 44 31 16 35 53 69 81 50 61 32 10 37 62 52 24 50 8 32 59 25 8 72 86 83 60 9 54 75 42 15 50 41 33 9 35 73 27 14 75 33 15 51 45 24 24 65 40 24 42 27 28 72 59 58 36 42 74 40 43 16 73 75 61 46 50 64 61 54 81 0 51 31 27 34 82 2 41 36 
79 61 47 74 46 44 64 70 59 89 101 69 60 29 36 16 80 82 107 1 68 19 57 81 61 72 75 38 55 34 27 29 43 49 75 76 90 54 7 93 29 66 3 52 47 44 57 63 40 65 51 53 36 23 81 31 31 92 35 30 40 75 53 61 85 12 79 21 65 14 30 65 102 85 56 62 70 29 11 34 93 51 0 69 35 39 71 49 39 65 
33 30 34 76 32 27 75 37 24 48 41 50 24 41 35 56 23 41 50 68 40 54 38 15 47 24 27 50 23 36 69 40 34 70 72 66 29 23 75 45 49 25 67 27 25 31 15 60 30 27 73 19 43 61 14 38 39 34 42 39 41 19 17 62 29 72 12 53 60 55 50 22 42 47 49 24 22 74 80 59 52 31 69 0 34 34 70 33 40 9 
49 35 24 62 16 13 56 41 29 60 67 46 27 7 12 24 46 52 74 35 41 22 36 48 38 39 45 23 25 5 36 8 20 46 60 58 56 24 42 61 17 36 33 20 14 18 23 47 5 35 49 19 23 28 46 6 7 59 13 7 16 44 18 46 52 39 45 20 48 21 18 35 68 56 36 29 37 41 46 29 64 27 35 34 0 9 56 26 15 30 
55 41 31 54 7 19 48 33 35 52 62 37 21 10 20 31 42 45 68 39 32 30 43 49 29 33 50 17 31 5 35 16 27 39 52 49 52 30 46 55 15 42 37 13 9 25 19 39 7 41 42 15 32 27 43 15 16 53 8 16 8 47 17 38 46 40 46 21 40 25 16 40 63 48 27 23 31 40 50 25 56 34 39 34 9 0 48 33 7 27 
100 88 79 6 44 67 11 36 82 46 74 22 46 54 68 72 60 45 72 72 32 72 91 85 23 50 94 35 78 51 45 61 75 24 4 11 68 77 78 55 45 87 68 44 51 73 56 10 55 88 23 54 79 48 72 61 62 66 44 62 40 89 58 10 61 62 82 53 10 61 44 84 74 41 22 46 51 45 78 37 48 82 71 70 56 48 0 81 41 61 
30 12 2 87 39 15 81 61 12 78 74 68 45 30 15 33 55 70 83 48 62 30 10 39 62 53 26 49 10 31 58 24 7 71 85 82 62 11 52 76 41 17 48 41 33 8 36 72 26 16 74 34 13 50 47 23 23 67 39 23 41 29 29 71 61 56 38 41 73 39 42 18 75 76 60 47 51 63 59 53 82 2 49 33 26 33 81 0 40 37 
62 48 38 47 8 26 41 31 42 50 63 32 22 14 27 34 43 43 69 39 29 34 50 55 24 34 57 10 38 10 29 21 34 32 45 43 53 37 46 54 11 49 37 14 15 32 25 32 14 48 35 21 38 22 49 20 21 54 4 21 1 54 23 31 47 38 52 19 33 25 11 47 64 46 21 24 32 34 50 19 54 41 39 40 15 7 41 40 0 33 
41 36 37 67 25 26 66 28 30 41 39 41 15 36 34 53 18 33 46 65 31 51 44 24 38 16 35 43 28 31 62 37 35 63 63 57 27 27 72 39 42 32 63 20 18 32 8 51 25 33 66 12 44 54 16 35 36 31 35 36 34 28 12 53 24 67 21 48 51 51 43 29 40 39 41 15 14 67 76 52 45 36 65 9 30 27 61 37 33 0 
66
93
61
5
39
81
11
3
87
3
67
22
96
73
40
91
27
12
49
80
79
65
48
47
83
58
5
24
61
38
69
15
39
22
46
95
97
40
6
90
59
43
16
77
85
22
36
63
88
37
85
56
42
51
22
31
71
35
82
1
19
72
84
94
99
84
32
8
92
34
63
14
49
8
51
23
56
52
6
22
26
15
82
91
51
19
16
40
1
