25
0 110 106 113 188 113 103 51 205 118 214 316 102 128 124 162 52 173 35 119 67 64 204 238 35 
110 0 88 95 164 118 143 115 236 100 196 365 78 133 106 144 92 155 75 101 43 46 186 220 131 
106 88 0 7 166 32 109 81 150 14 108 361 80 47 20 56 88 113 71 13 45 42 98 132 97 
113 95 7 0 173 39 102 88 157 21 115 368 87 54 27 63 95 120 78 20 52 49 91 139 104 
188 164 166 173 0 196 128 190 130 178 274 443 86 211 184 222 170 233 153 179 121 124 264 298 174 
113 118 32 39 196 0 141 68 118 18 140 364 110 15 12 88 118 105 101 45 75 72 130 163 84 
103 143 109 102 128 141 0 108 258 123 217 358 135 156 129 165 85 135 68 122 100 97 193 202 124 
51 115 81 88 190 68 108 0 154 86 189 297 107 83 80 137 57 173 40 94 72 69 179 213 16 
205 236 150 157 130 118 258 154 0 136 254 451 216 103 130 116 211 223 194 159 193 190 248 251 170 
118 100 14 21 178 18 123 86 136 0 122 358 92 33 6 70 100 99 83 27 57 54 112 146 102 
214 196 108 115 274 140 217 189 254 122 0 469 188 151 128 138 196 221 179 95 153 150 206 214 205 
316 365 361 368 443 364 358 297 451 358 469 0 357 379 352 389 273 428 290 374 322 319 424 493 281 
102 78 80 87 86 110 135 107 216 92 188 357 0 125 98 136 84 147 67 93 35 38 178 212 123 
128 133 47 54 211 15 156 83 103 33 151 379 125 0 27 103 133 120 116 60 90 87 145 148 99 
124 106 20 27 184 12 129 80 130 6 128 352 98 27 0 76 106 93 89 33 63 60 118 152 96 
162 144 56 63 222 88 165 137 116 70 138 389 136 103 76 0 116 169 127 43 101 98 154 162 153 
52 92 88 95 170 118 85 57 211 100 196 273 84 133 106 116 0 155 17 101 49 46 186 220 73 
173 155 113 120 233 105 135 173 223 99 221 428 147 120 93 169 155 0 138 126 112 109 211 124 189 
35 75 71 78 153 101 68 40 194 83 179 290 67 116 89 127 17 138 0 84 32 29 169 203 56 
119 101 13 20 179 45 122 94 159 27 95 374 93 60 33 43 101 126 84 0 58 55 111 119 110 
67 43 45 52 121 75 100 72 193 57 153 322 35 90 63 101 49 112 32 58 0 3 143 177 88 
64 46 42 49 124 72 97 69 190 54 150 319 38 87 60 98 46 109 29 55 3 0 140 174 85 
204 186 98 91 264 130 193 179 248 112 206 424 178 145 118 154 186 211 169 111 143 140 0 230 195 
238 220 132 139 298 163 202 213 251 146 214 493 212 148 152 162 220 124 203 119 177 174 230 0 229 
35 131 97 104 174 84 124 16 170 102 205 281 123 99 96 153 73 189 56 110 88 85 195 229 0 
54
81
82
71
67
72
67
38
59
61
89
34
83
25
50
51
20
84
6
21
23
79
24
85
