20
0 133 172 384 146 219 111 195 155 195 177 153 73 152 87 114 178 231 227 360 
133 0 131 251 13 86 63 79 22 141 44 20 148 19 46 60 45 98 173 227 
172 131 0 382 144 217 194 210 153 272 175 151 189 150 85 191 176 229 187 358 
384 251 382 0 238 299 276 292 247 289 269 233 361 232 297 273 231 178 386 452 
146 13 144 238 0 73 50 66 9 128 31 7 135 6 59 47 32 85 160 214 
219 86 217 299 73 0 111 84 82 162 104 66 196 67 132 108 91 144 182 287 
111 63 194 276 50 111 0 104 59 84 81 45 91 44 109 3 70 123 116 264 
195 79 210 292 66 84 104 0 75 78 97 59 189 60 125 101 84 137 98 211 
155 22 153 247 9 82 59 75 0 137 22 16 144 15 68 56 41 94 169 205 
195 141 272 289 128 162 84 78 137 0 159 123 169 122 187 81 148 201 176 289 
177 44 175 269 31 104 81 97 22 159 0 38 166 37 90 78 63 116 191 183 
153 20 151 233 7 66 45 59 16 123 38 0 130 1 66 42 25 78 155 221 
73 148 189 361 135 196 91 189 144 169 166 130 0 129 160 88 155 208 201 349 
152 19 150 232 6 67 44 60 15 122 37 1 129 0 65 41 26 79 154 220 
87 46 85 297 59 132 109 125 68 187 90 66 160 65 0 106 91 144 219 273 
114 60 191 273 47 108 3 101 56 81 78 42 88 41 106 0 67 120 113 261 
178 45 176 231 32 91 70 84 41 148 63 25 155 26 91 67 0 53 180 246 
231 98 229 178 85 144 123 137 94 201 116 78 208 79 144 120 53 0 233 279 
227 173 187 386 160 182 116 98 169 176 191 155 201 154 219 113 180 233 0 309 
360 227 358 452 214 287 264 211 205 289 183 221 349 220 273 261 246 279 309 0 
47
59
50
72
70
44
90
76
87
70
50
24
15
74
72
2
53
31
24
