60
0 52 68 111 78 109 100 60 53 70 75 14 109 40 44 28 74 78 64 90 75 94 66 94 94 92 133 46 72 66 61 84 145 70 31 41 111 56 27 5 83 105 95 141 99 44 115 79 82 149 106 78 36 36 92 75 84 47 67 76 
52 0 70 106 79 114 95 56 53 80 78 38 57 36 62 24 80 52 116 90 81 42 64 92 90 94 136 42 80 62 79 55 141 60 27 93 110 70 37 57 103 101 101 97 75 54 122 83 77 126 158 84 28 32 68 71 84 43 71 62 
68 70 0 75 78 98 64 62 37 74 70 60 100 52 46 46 30 62 101 74 31 85 58 71 112 69 118 58 65 84 43 72 104 54 43 81 79 53 85 63 78 85 48 129 92 72 108 61 94 130 143 31 94 38 85 70 68 27 55 132 
111 106 75 0 52 54 11 122 77 67 85 105 49 89 68 91 45 56 123 101 46 64 52 21 127 19 133 95 59 103 58 77 114 48 94 70 26 71 104 106 28 145 66 119 86 93 102 71 143 148 165 49 113 98 90 44 84 87 94 70 
78 79 78 52 0 68 41 86 61 97 109 69 79 67 70 55 72 86 125 75 73 94 82 35 121 33 160 73 73 93 85 96 78 78 58 84 56 101 105 83 42 109 96 149 100 96 116 101 109 154 167 79 107 62 107 8 92 51 79 75 
109 114 98 54 68 0 43 106 61 99 113 104 81 96 70 90 74 87 125 47 75 96 83 37 91 35 162 95 57 119 86 96 130 79 87 68 58 103 103 104 26 129 86 151 102 96 100 102 138 174 144 81 112 82 109 60 30 71 79 104 
100 95 64 11 41 43 0 111 66 56 74 94 38 78 57 80 34 45 112 90 35 53 41 10 116 8 122 84 48 92 47 66 103 37 83 59 15 60 93 95 17 134 55 108 75 82 91 60 132 137 154 38 102 87 79 33 73 76 83 81 
60 56 62 122 86 106 111 0 45 102 80 46 108 38 54 32 82 88 109 82 83 93 76 105 75 103 133 44 82 70 71 80 148 80 29 89 126 98 87 65 108 93 93 137 90 80 124 89 80 138 151 76 84 24 93 78 76 35 63 118 
53 53 37 77 61 61 66 45 0 57 53 43 63 35 9 29 39 43 64 37 40 48 31 74 95 72 111 41 75 67 26 35 115 35 26 44 81 53 52 48 63 68 48 92 55 35 97 44 77 113 106 31 61 21 48 53 31 10 18 101 
70 80 74 67 97 99 56 102 57 0 58 84 94 88 48 83 44 44 103 94 45 102 40 66 145 64 116 94 72 121 31 92 120 36 83 101 41 76 43 65 73 125 101 149 98 26 102 13 134 165 144 88 52 78 91 89 85 67 75 92 
75 78 70 85 109 113 74 80 53 58 0 68 75 60 44 54 40 76 86 90 41 60 66 81 120 79 58 66 87 92 27 47 116 68 51 90 89 106 87 80 88 121 101 115 67 70 44 45 102 144 128 84 96 56 60 101 84 63 64 134 
14 38 60 105 69 104 94 46 43 84 68 0 95 26 52 14 70 83 78 80 71 80 74 88 80 86 126 32 70 52 69 70 131 75 17 55 109 70 41 19 95 91 91 135 85 58 112 80 68 136 120 74 41 22 78 61 74 33 61 90 
109 57 100 49 79 81 38 108 63 94 75 95 0 72 72 81 72 83 127 100 73 15 77 48 89 46 133 66 86 110 85 28 141 75 81 71 53 87 94 107 55 112 93 70 48 98 119 98 94 99 158 76 85 84 41 71 94 73 45 89 
40 36 52 89 67 96 78 38 35 88 60 26 72 0 44 12 44 75 99 72 45 57 66 85 78 83 118 6 44 50 57 44 120 67 9 75 93 80 67 45 75 83 73 112 64 70 87 75 60 128 141 66 64 14 57 59 66 25 53 98 
44 62 46 68 70 70 57 54 9 48 44 52 72 44 0 38 30 34 55 46 31 57 22 65 104 63 102 50 72 76 17 44 106 26 35 53 72 62 43 39 54 77 57 101 64 26 88 35 86 122 97 40 52 30 57 62 40 19 27 92 
28 24 46 91 55 90 80 32 29 83 54 14 81 12 38 0 56 69 92 66 57 66 60 74 66 72 112 18 56 38 55 56 117 61 3 69 95 79 55 33 81 77 77 121 71 64 98 70 54 122 134 60 52 8 64 47 60 19 47 86 
74 80 30 45 72 74 34 82 39 44 40 70 72 44 30 56 0 47 85 76 1 87 35 41 122 39 88 50 79 94 13 74 76 39 53 83 49 73 73 69 48 107 68 131 80 56 84 31 104 152 127 51 82 58 73 64 70 49 57 115 
78 52 62 56 86 87 45 88 43 44 76 83 83 75 34 69 47 0 89 74 46 74 12 55 115 53 123 81 93 107 49 78 121 8 66 87 60 46 77 73 62 111 85 129 93 60 120 31 117 156 131 68 80 64 91 78 57 53 61 106 
64 116 101 123 125 125 112 109 64 103 86 78 127 99 55 92 85 89 0 101 86 112 77 120 158 118 144 105 109 130 72 99 161 81 90 103 127 117 89 67 109 132 80 156 119 81 130 90 141 177 42 95 98 85 112 117 95 74 82 138 
90 90 74 101 75 47 90 82 37 94 90 80 100 72 46 66 76 74 101 0 77 85 68 84 132 82 117 78 104 104 63 72 152 66 63 81 105 90 89 85 73 105 85 129 92 72 134 81 114 150 131 68 98 58 85 83 17 47 55 91 
75 81 31 46 73 75 35 83 40 45 41 71 73 45 31 57 1 46 86 77 0 88 34 42 123 40 89 51 80 95 14 75 75 38 54 84 50 74 74 70 49 108 69 132 81 57 85 32 105 153 128 52 83 59 74 65 71 50 58 116 
94 42 85 64 94 96 53 93 48 102 60 80 15 57 57 66 87 74 112 85 88 0 62 63 104 61 118 51 71 95 74 13 156 66 66 56 68 72 79 92 70 97 93 55 33 83 104 89 79 84 154 79 70 69 26 86 79 58 30 74 
66 64 58 52 82 83 41 76 31 40 66 74 77 66 22 60 35 12 77 68 34 62 0 51 126 49 123 72 89 98 39 66 109 4 57 75 56 58 65 61 58 99 79 117 86 48 110 27 108 144 119 62 74 52 79 74 53 41 49 94 
94 92 71 21 35 37 10 105 74 66 81 88 48 85 65 74 41 55 120 84 42 63 51 0 110 2 129 80 42 86 54 76 97 47 77 53 25 70 103 89 11 128 65 118 65 88 85 70 128 147 162 48 112 81 72 27 67 70 79 91 
94 90 112 127 121 91 116 75 95 145 120 80 89 78 104 66 122 115 158 132 123 104 126 110 0 108 146 84 122 28 121 110 183 123 69 135 131 69 102 99 99 143 108 159 130 119 164 136 120 188 200 91 111 74 123 113 121 85 113 151 
92 94 69 19 33 35 8 103 72 64 79 86 46 83 63 72 39 53 118 82 40 61 49 2 108 0 127 78 40 84 52 74 95 45 75 51 23 68 101 87 9 126 63 116 67 86 83 68 126 145 160 46 110 79 74 25 65 68 77 89 
133 136 118 133 160 162 122 133 111 116 58 126 133 118 102 112 88 123 144 117 89 118 123 129 146 127 0 124 145 150 85 105 164 126 109 148 120 77 110 132 136 178 116 173 125 127 102 103 160 202 186 99 119 109 118 152 134 120 122 159 
46 42 58 95 73 95 84 44 41 94 66 32 66 6 50 18 50 81 105 78 51 51 72 80 84 78 124 0 38 56 63 38 126 73 15 69 99 86 73 51 69 89 67 106 58 76 81 81 66 126 147 72 70 20 51 65 69 31 55 104 
72 80 65 59 73 57 48 82 75 72 87 70 86 44 72 56 79 93 109 104 80 71 89 42 122 40 145 38 0 94 89 58 135 85 53 31 63 68 63 67 31 127 29 126 78 46 43 85 104 155 151 46 72 58 71 65 87 69 57 112 
66 62 84 103 93 119 92 70 67 121 92 52 110 50 76 38 94 107 130 104 95 95 98 86 28 84 150 56 94 0 93 82 155 99 41 107 107 97 93 71 93 115 115 150 102 102 136 108 92 160 172 98 90 46 95 85 98 57 85 124 
61 79 43 58 85 86 47 71 26 31 27 69 85 57 17 55 13 49 72 63 14 74 39 54 121 52 85 63 89 93 0 61 89 41 52 70 62 79 60 56 61 94 74 118 67 43 71 18 103 139 114 57 69 47 60 77 57 36 44 109 
84 55 72 77 96 96 66 80 35 92 47 70 28 44 44 56 74 78 99 72 75 13 66 76 110 74 105 38 58 82 61 0 150 70 53 43 81 59 87 79 83 84 80 68 20 70 91 79 92 97 141 66 83 56 13 88 66 45 17 87 
145 141 104 114 78 130 103 148 115 120 116 131 141 120 106 117 76 121 161 152 75 156 109 97 183 95 164 126 135 155 89 150 0 113 120 146 118 149 149 145 104 171 144 175 156 132 160 107 171 216 203 127 158 124 149 70 146 113 133 153 
70 60 54 48 78 79 37 80 35 36 68 75 75 67 26 61 39 8 81 66 38 66 4 47 123 45 126 73 85 99 41 70 113 0 58 79 52 54 69 65 54 103 83 121 85 52 112 23 109 148 123 66 78 56 83 70 49 45 53 98 
31 27 43 94 58 87 83 29 26 83 51 17 81 9 35 3 53 66 90 63 54 66 57 77 69 75 109 15 53 41 52 53 120 58 0 70 98 79 58 36 84 74 74 118 71 61 95 70 51 119 132 57 55 5 66 50 57 16 44 89 
41 93 81 70 84 68 59 89 44 101 90 55 71 75 53 69 83 87 103 81 84 56 75 53 135 51 148 69 31 107 70 43 146 79 70 0 74 91 58 36 42 112 60 100 63 75 74 88 121 140 145 75 67 65 56 76 75 54 26 107 
111 110 79 26 56 58 15 126 81 41 89 109 53 93 72 95 49 60 127 105 50 68 56 25 131 23 120 99 63 107 62 81 118 52 98 74 0 75 84 106 32 149 70 123 90 67 106 54 147 152 169 53 93 102 94 48 88 91 98 96 
56 70 53 71 101 103 60 98 53 76 106 70 87 80 62 79 73 46 117 90 74 72 58 70 69 68 77 86 68 97 79 59 149 54 79 91 75 0 33 55 77 121 39 127 79 50 111 77 130 155 159 22 42 74 72 93 84 63 71 82 
27 37 85 104 105 103 93 87 52 43 87 41 94 67 43 55 73 77 89 89 74 79 65 103 102 101 110 73 63 93 60 87 149 69 58 58 84 33 0 22 94 120 72 134 89 17 106 56 109 122 131 55 9 63 82 102 83 62 70 49 
5 57 63 106 83 104 95 65 48 65 80 19 107 45 39 33 69 73 67 85 70 92 61 89 99 87 132 51 67 71 56 79 145 65 36 36 106 55 22 0 78 110 94 136 99 39 110 74 87 144 109 77 31 41 92 80 79 52 62 71 
83 103 78 28 42 26 17 108 63 73 88 95 55 75 54 81 48 62 109 73 49 70 58 11 99 9 136 69 31 93 61 83 104 54 84 42 32 77 94 78 0 131 60 125 76 77 74 77 135 154 151 55 103 84 83 34 56 73 68 85 
105 101 85 145 109 129 134 93 68 125 121 91 112 83 77 77 107 111 132 105 108 97 99 128 143 126 178 89 127 115 94 84 171 103 74 112 149 121 120 110 131 0 116 152 64 103 165 112 125 45 174 99 129 69 71 101 99 58 86 159 
95 101 48 66 96 86 55 93 48 101 101 91 93 73 57 77 68 85 80 85 69 93 79 65 108 63 116 67 29 115 74 80 144 83 74 60 70 39 72 94 60 116 0 140 74 75 72 92 125 151 122 17 81 69 67 88 79 58 66 121 
141 97 129 119 149 151 108 137 92 149 115 135 70 112 101 121 131 129 156 129 132 55 117 118 159 116 173 106 126 150 118 68 175 121 118 100 123 127 134 136 125 152 140 0 88 127 159 136 134 139 198 123 125 113 81 141 123 102 74 129 
99 75 92 86 100 102 75 90 55 98 67 85 48 64 64 71 80 93 119 92 81 33 86 65 130 67 125 58 78 102 67 20 156 85 71 63 90 79 89 99 76 64 74 88 0 90 111 85 112 109 161 86 98 66 7 92 86 65 37 107 
44 54 72 93 96 96 82 80 35 26 70 58 98 70 26 64 56 60 81 72 57 83 48 88 119 86 127 76 46 102 43 70 132 52 61 75 67 50 17 39 77 103 75 127 90 0 89 39 112 139 118 66 26 56 83 88 66 45 53 66 
115 122 108 102 116 100 91 124 97 102 44 112 119 87 88 98 84 120 130 134 85 104 110 85 164 83 102 81 43 136 71 91 160 112 95 74 106 111 106 110 74 165 72 159 111 89 0 89 146 188 172 89 115 100 104 108 128 107 100 155 
79 83 61 71 101 102 60 89 44 13 45 80 98 75 35 70 31 31 90 81 32 89 27 70 136 68 103 81 85 108 18 79 107 23 70 88 54 77 56 74 77 112 92 136 85 39 89 0 121 157 132 75 65 65 78 93 72 54 62 105 
82 77 94 143 109 138 132 80 77 134 102 68 94 60 86 54 104 117 141 114 105 79 108 128 120 126 160 66 104 92 103 92 171 109 51 121 147 130 109 87 135 125 125 134 112 112 146 121 0 154 183 108 105 56 105 101 108 67 95 139 
149 126 130 148 154 174 137 138 113 165 144 136 99 128 122 122 152 156 177 150 153 84 144 147 188 145 202 126 155 160 139 97 216 148 119 140 152 155 122 144 154 45 151 139 109 139 188 157 154 0 219 144 131 114 110 146 144 103 114 114 
106 158 143 165 167 144 154 151 106 144 128 120 158 141 97 134 127 131 42 131 128 154 119 162 200 160 186 147 151 172 114 141 203 123 132 145 169 159 131 109 151 174 122 198 161 118 172 132 183 219 0 137 140 127 154 159 114 116 124 180 
78 84 31 49 79 81 38 76 31 88 84 74 76 66 40 60 51 68 95 68 52 79 62 48 91 46 99 72 46 98 57 66 127 66 57 75 53 22 55 77 55 99 17 123 86 66 89 75 108 144 137 0 64 52 79 71 62 41 49 104 
36 28 94 113 107 112 102 84 61 52 96 41 85 64 52 52 82 80 98 98 83 70 74 112 111 110 119 70 72 90 69 83 158 78 55 67 93 42 9 31 103 129 81 125 98 26 115 65 105 131 140 64 0 60 91 99 92 71 79 58 
36 32 38 98 62 82 87 24 21 78 56 22 84 14 30 8 58 64 85 58 59 69 52 81 74 79 109 20 58 46 47 56 124 56 5 65 102 74 63 41 84 69 69 113 66 56 100 65 56 114 127 52 60 0 69 54 52 11 39 94 
92 68 85 90 107 109 79 93 48 91 60 78 41 57 57 64 73 91 112 85 74 26 79 72 123 74 118 51 71 95 60 13 149 83 66 56 94 72 82 92 83 71 67 81 7 83 104 78 105 110 154 79 91 69 0 99 79 58 30 100 
75 71 70 44 8 60 33 78 53 89 101 61 71 59 62 47 64 78 117 83 65 86 74 27 113 25 152 65 65 85 77 88 70 70 50 76 48 93 102 80 34 101 88 141 92 88 108 93 101 146 159 71 99 54 99 0 84 43 71 83 
84 84 68 84 92 30 73 76 31 85 84 74 94 66 40 60 70 57 95 17 71 79 53 67 121 65 134 69 87 98 57 66 146 49 57 75 88 84 83 79 56 99 79 123 86 66 128 72 108 144 114 62 92 52 79 84 0 41 49 74 
47 43 27 87 51 71 76 35 10 67 63 33 73 25 19 19 49 53 74 47 50 58 41 70 85 68 120 31 69 57 36 45 113 45 16 54 91 63 62 52 73 58 58 102 65 45 107 54 67 103 116 41 71 11 58 43 41 0 28 105 
67 71 55 94 79 79 83 63 18 75 64 61 45 53 27 47 57 61 82 55 58 30 49 79 113 77 122 55 57 85 44 17 133 53 44 26 98 71 70 62 68 86 66 74 37 53 100 62 95 114 124 49 79 39 30 71 49 28 0 104 
76 62 132 70 75 104 81 118 101 92 134 90 89 98 92 86 115 106 138 91 116 74 94 91 151 89 159 104 112 124 109 87 153 98 89 107 96 82 49 71 85 159 121 129 107 66 155 105 139 114 180 104 58 94 100 83 74 105 104 0 
37
52
70
38
68
69
3
58
13
86
62
21
94
98
35
29
73
82
34
80
27
24
95
22
42
86
73
38
43
70
30
19
58
93
54
91
49
15
97
82
52
20
30
40
12
55
22
55
93
17
60
89
50
89
16
89
1
53
20
