45
0 132 102 21 65 64 126 51 67 101 84 120 88 120 52 39 52 81 74 24 23 32 29 56 18 94 71 40 85 42 93 38 83 60 59 15 20 24 19 73 86 49 62 36 94 
132 0 159 133 129 78 190 115 124 158 196 144 102 182 132 151 102 138 136 139 138 144 113 128 150 144 168 102 157 114 214 118 140 172 100 127 122 136 142 181 72 83 174 106 80 
102 159 0 87 107 127 171 93 35 69 118 88 111 174 94 117 96 49 98 78 79 110 100 98 120 126 37 103 127 84 190 80 19 138 59 93 95 102 83 157 146 115 140 99 154 
21 133 87 0 56 55 117 42 71 97 75 111 79 124 43 30 43 85 65 28 27 23 20 47 39 85 50 31 76 33 114 29 87 51 50 6 11 15 31 94 77 62 53 27 85 
65 129 107 56 0 82 161 14 72 106 98 110 94 158 41 74 43 86 92 62 61 67 47 45 83 85 106 58 74 31 158 27 88 95 48 50 45 59 65 104 67 62 76 54 75 
64 78 127 55 82 0 112 68 100 90 118 126 24 157 69 73 63 94 58 61 60 66 35 65 82 105 90 24 94 51 136 55 116 94 76 49 44 58 64 103 92 82 96 28 100 
126 190 171 117 161 112 0 147 136 170 180 83 136 229 148 135 148 122 170 133 132 128 125 148 144 151 167 136 181 138 219 134 152 156 155 111 116 120 136 199 146 167 158 132 153 
51 115 93 42 14 68 147 0 58 92 84 96 80 144 27 60 29 72 78 48 47 53 33 31 69 71 92 44 60 17 144 13 74 81 34 36 31 45 51 90 53 48 62 40 61 
67 124 35 71 72 100 136 58 0 34 134 53 112 139 59 89 61 14 63 43 44 82 65 63 85 91 72 76 92 49 155 45 16 110 24 65 60 74 48 122 111 80 112 72 119 
101 158 69 97 106 90 170 92 34 0 160 87 114 173 93 115 95 48 97 77 78 108 77 97 119 57 106 66 126 83 174 79 50 136 58 91 86 100 82 145 134 114 138 70 142 
84 196 118 75 98 118 180 84 134 160 0 174 142 187 106 75 106 148 128 91 90 86 83 110 102 148 81 94 139 96 105 92 119 96 113 69 74 60 94 157 137 125 22 90 145 
120 144 88 111 110 126 83 96 53 87 174 0 114 192 97 109 91 39 116 96 97 122 91 65 138 133 125 102 122 79 208 83 69 150 77 105 100 114 101 160 78 110 152 98 70 
88 102 111 79 94 24 136 80 112 114 142 114 0 181 72 97 75 118 82 85 84 90 59 49 106 117 74 48 106 63 112 67 128 118 88 73 68 82 88 127 116 94 120 52 124 
120 182 174 124 158 157 229 144 139 173 187 192 181 0 145 142 147 153 153 96 97 135 122 149 138 189 174 133 178 135 208 131 155 163 152 118 113 127 101 110 172 166 165 129 179 
52 132 94 43 41 69 148 27 59 93 106 97 72 145 0 61 30 73 79 49 48 54 34 32 70 72 93 45 61 18 145 14 75 82 35 37 32 46 52 63 80 49 84 41 88 
39 151 117 30 74 73 135 60 89 115 75 109 97 142 61 0 61 103 83 46 45 41 38 65 57 103 80 49 94 51 132 47 105 51 68 24 29 15 49 112 95 80 53 45 103 
52 102 96 43 43 63 148 29 61 95 106 91 75 147 30 61 0 75 73 51 50 54 28 26 70 42 93 39 55 12 145 16 77 82 37 37 34 46 54 93 82 19 84 35 90 
81 138 49 85 86 94 122 72 14 48 148 39 118 153 73 103 75 0 77 57 58 96 79 77 99 105 86 70 106 63 169 59 30 124 38 79 74 88 62 136 117 94 126 74 109 
74 136 98 65 92 58 170 78 63 97 128 116 82 153 79 83 73 77 0 71 70 76 45 75 92 115 100 34 104 61 158 65 79 104 86 59 54 68 74 113 92 92 106 38 84 
24 139 78 28 62 61 133 48 43 77 91 96 85 96 49 46 51 57 71 0 1 39 26 53 42 93 78 37 82 39 112 35 59 67 56 22 17 31 5 92 76 70 69 33 83 
23 138 79 27 61 60 132 47 44 78 90 97 84 97 48 45 50 58 70 1 0 38 25 52 41 92 77 36 81 38 111 34 60 66 55 21 16 30 4 91 75 69 68 32 83 
32 144 110 23 67 66 128 53 82 108 86 122 90 135 54 41 54 96 76 39 38 0 31 58 50 96 73 42 87 44 125 40 98 62 61 17 22 26 42 105 85 73 64 38 93 
29 113 100 20 47 35 125 33 65 77 83 91 59 122 34 38 28 79 45 26 25 31 0 30 47 70 69 11 59 16 122 20 81 59 41 14 9 23 29 82 57 47 61 7 65 
56 128 98 47 45 65 148 31 63 97 110 65 49 149 32 65 26 77 75 53 52 58 30 0 74 68 97 41 57 14 149 18 79 86 39 41 36 50 56 95 84 45 88 37 92 
18 150 120 39 83 82 144 69 85 119 102 138 106 138 70 57 70 99 92 42 41 50 47 74 0 112 89 58 103 60 75 56 101 78 77 33 38 42 37 55 104 67 80 54 112 
94 144 126 85 85 105 151 71 91 57 148 133 117 189 72 103 42 105 115 93 92 96 70 68 112 0 135 81 97 54 117 58 107 121 79 79 76 88 96 135 124 61 126 77 132 
71 168 37 50 106 90 167 92 72 106 81 125 74 174 93 80 93 86 100 78 77 73 69 97 89 135 0 66 126 83 164 79 56 101 96 56 61 65 81 137 126 101 103 62 134 
40 102 103 31 58 24 136 44 76 66 94 102 48 133 45 49 39 70 34 37 36 42 11 41 58 81 66 0 70 27 124 31 92 70 52 25 20 34 40 79 68 58 72 4 76 
85 157 127 76 74 94 181 60 92 126 139 122 106 178 61 94 55 106 104 82 81 87 59 57 103 97 126 70 0 43 178 47 108 115 68 70 65 79 85 124 113 74 117 66 121 
42 114 84 33 31 51 138 17 49 83 96 79 63 135 18 51 12 63 61 39 38 44 16 14 60 54 83 27 43 0 135 4 65 72 25 27 22 36 42 81 70 31 74 23 78 
93 214 190 114 158 136 219 144 155 174 105 208 112 208 145 132 145 169 158 112 111 125 122 149 75 117 164 124 178 135 0 131 171 153 152 108 113 117 112 130 179 142 83 120 187 
38 118 80 29 27 55 134 13 45 79 92 83 67 131 14 47 16 59 65 35 34 40 20 18 56 58 79 31 47 4 131 0 61 68 21 23 18 32 38 77 66 35 70 27 74 
83 140 19 87 88 116 152 74 16 50 119 69 128 155 75 105 77 30 79 59 60 98 81 79 101 107 56 92 108 65 171 61 0 126 40 81 76 90 64 138 127 96 128 88 135 
60 172 138 51 95 94 156 81 110 136 96 150 118 163 82 51 82 124 104 67 66 62 59 86 78 121 101 70 115 72 153 68 126 0 89 45 50 36 70 133 116 101 74 66 124 
59 100 59 50 48 76 155 34 24 58 113 77 88 152 35 68 37 38 86 56 55 61 41 39 77 79 96 52 68 25 152 21 40 89 0 44 39 53 59 98 87 56 91 48 95 
15 127 93 6 50 49 111 36 65 91 69 105 73 118 37 24 37 79 59 22 21 17 14 41 33 79 56 25 70 27 108 23 81 45 44 0 5 9 25 88 71 56 47 21 79 
20 122 95 11 45 44 116 31 60 86 74 100 68 113 32 29 34 74 54 17 16 22 9 36 38 76 61 20 65 22 113 18 76 50 39 5 0 14 20 91 66 53 52 16 74 
24 136 102 15 59 58 120 45 74 100 60 114 82 127 46 15 46 88 68 31 30 26 23 50 42 88 65 34 79 36 117 32 90 36 53 9 14 0 34 97 80 65 38 30 88 
19 142 83 31 65 64 136 51 48 82 94 101 88 101 52 49 54 62 74 5 4 42 29 56 37 96 81 40 85 42 112 38 64 70 59 25 20 34 0 92 71 68 72 36 79 
73 181 157 94 104 103 199 90 122 145 157 160 127 110 63 112 93 136 113 92 91 105 82 95 55 135 137 79 124 81 130 77 138 133 98 88 91 97 92 0 139 112 135 75 147 
86 72 146 77 67 92 146 53 111 134 137 78 116 172 80 95 82 117 92 76 75 85 57 84 104 124 126 68 113 70 179 66 127 116 87 71 66 80 71 139 0 101 115 64 8 
49 83 115 62 62 82 167 48 80 114 125 110 94 166 49 80 19 94 92 70 69 73 47 45 67 61 101 58 74 31 142 35 96 101 56 56 53 65 68 112 101 0 103 54 109 
62 174 140 53 76 96 158 62 112 138 22 152 120 165 84 53 84 126 106 69 68 64 61 88 80 126 103 72 117 74 83 70 128 74 91 47 52 38 72 135 115 103 0 68 123 
36 106 99 27 54 28 132 40 72 70 90 98 52 129 41 45 35 74 38 33 32 38 7 37 54 77 62 4 66 23 120 27 88 66 48 21 16 30 36 75 64 54 68 0 72 
94 80 154 85 75 100 153 61 119 142 145 70 124 179 88 103 90 109 84 83 83 93 65 92 112 132 134 76 121 78 187 74 135 124 95 79 74 88 79 147 8 109 123 72 0 
100
2
79
88
75
4
22
53
92
79
5
69
24
64
56
90
54
2
78
97
33
37
88
49
10
39
67
45
68
97
66
97
6
27
28
49
26
33
44
65
98
31
72
78
