17
0 171 333 97 421 205 307 281 316 438 337 276 353 335 261 335 336 
171 0 212 192 308 84 186 110 238 321 166 163 240 164 148 164 215 
333 212 0 236 294 128 83 240 26 155 148 155 101 150 170 250 112 
97 192 236 0 332 108 210 242 219 349 317 187 264 315 172 296 239 
421 308 294 332 0 224 326 230 320 139 275 145 252 273 160 284 355 
205 84 128 108 224 0 102 134 154 241 209 79 156 207 64 188 131 
307 186 83 210 326 102 0 236 109 238 231 181 184 233 166 290 29 
281 110 240 242 230 134 236 0 237 247 156 85 162 154 70 54 265 
316 238 26 219 320 154 109 237 0 181 122 181 75 124 167 224 138 
438 321 155 349 139 241 238 247 181 0 155 162 256 157 177 257 267 
337 166 148 317 275 209 231 156 122 155 0 130 197 2 145 102 260 
276 163 155 187 145 79 181 85 181 162 130 0 107 128 15 139 210 
353 240 101 264 252 156 184 162 75 256 197 107 0 199 92 216 213 
335 164 150 315 273 207 233 154 124 157 2 128 199 0 143 100 262 
261 148 170 172 160 64 166 70 167 177 145 15 92 143 0 124 195 
335 164 250 296 284 188 290 54 224 257 102 139 216 100 124 0 319 
336 215 112 239 355 131 29 265 138 267 260 210 213 262 195 319 0 
75
46
80
10
53
99
27
74
97
7
41
28
14
62
93
57
