60
0 171 99 97 133 139 91 107 141 114 149 167 168 142 175 126 127 113 99 133 84 119 110 124 167 144 151 176 126 109 123 112 147 142 128 83 104 26 141 115 121 151 95 143 156 102 144 108 118 123 146 136 146 145 175 160 177 175 176 155 
171 0 88 86 122 102 143 127 125 103 129 70 191 79 78 119 79 97 88 112 107 64 61 110 98 122 81 107 85 102 82 117 92 29 103 163 109 180 164 115 70 54 146 127 117 125 75 122 137 137 77 35 64 111 159 183 105 188 148 76 
99 88 0 2 38 76 86 71 76 15 98 123 140 92 121 41 99 18 4 86 56 24 106 88 72 79 56 81 86 58 89 88 52 86 88 123 80 125 113 89 93 107 90 78 106 74 49 96 81 111 51 80 51 133 110 132 90 142 135 61 
97 86 2 0 36 74 84 69 74 17 96 121 138 94 119 39 97 16 2 84 54 22 104 86 70 77 54 79 84 56 87 86 50 84 86 121 78 123 111 87 91 105 88 76 104 72 47 94 79 109 49 78 49 131 108 130 88 140 133 59 
133 122 38 36 0 110 120 84 110 53 92 142 174 130 150 75 133 52 38 120 90 58 140 67 106 113 75 115 120 92 123 122 86 120 107 157 114 159 147 123 127 126 124 112 113 108 83 130 115 145 85 114 85 167 144 166 109 176 169 80 
139 102 76 74 110 0 48 136 107 91 96 110 138 85 99 111 69 90 76 10 112 52 129 121 50 110 90 59 125 110 122 31 71 126 88 91 39 113 160 67 90 94 44 105 75 130 27 74 75 89 29 120 91 111 137 188 69 131 125 95 
91 143 86 84 120 48 0 104 116 101 138 135 161 119 126 79 101 96 82 42 77 100 99 121 98 119 72 107 94 62 91 63 119 114 40 43 71 65 112 103 98 119 4 118 107 95 75 96 27 111 77 108 100 133 104 153 96 168 85 67 
107 127 71 69 84 136 104 0 64 86 42 101 132 116 109 104 110 81 67 138 119 84 112 17 88 67 119 79 77 121 80 144 112 98 131 147 140 81 142 104 125 85 100 62 108 103 109 97 131 112 109 104 114 134 94 146 98 126 181 124 
141 125 76 74 110 107 116 64 0 91 22 87 73 86 95 109 86 58 72 117 82 64 75 47 68 3 72 59 46 107 43 103 92 107 94 155 111 145 110 40 65 71 120 2 59 71 80 33 132 48 82 101 73 70 34 82 38 66 122 67 
114 103 15 17 53 91 101 86 91 0 113 138 155 107 136 56 114 33 19 101 71 39 121 102 87 94 71 96 101 73 104 103 67 101 103 138 95 140 128 104 108 122 105 93 121 89 64 111 96 126 66 95 66 148 125 147 105 157 150 76 
149 129 98 96 92 96 138 42 22 113 0 109 90 81 77 107 104 80 94 106 104 86 97 25 46 25 90 37 68 124 65 121 114 100 112 177 129 123 128 62 83 93 140 20 77 89 69 55 131 70 67 106 91 92 52 104 56 84 144 85 
167 70 123 121 142 110 135 101 87 138 109 0 160 83 40 125 41 105 119 100 83 105 86 118 89 84 67 80 47 108 44 79 133 99 95 147 71 142 140 127 62 16 138 89 122 101 92 120 133 135 90 105 102 136 121 133 101 153 180 72 
168 191 140 138 174 138 161 132 73 155 90 160 0 142 167 126 127 131 140 148 84 137 148 115 136 76 114 127 119 109 116 165 164 166 146 148 157 194 141 102 121 144 162 71 128 102 142 95 134 80 144 160 142 132 103 155 107 7 81 119 
142 79 92 94 130 85 119 116 86 107 81 83 142 0 84 96 42 106 96 95 58 76 70 106 35 89 90 44 51 83 54 80 104 50 79 162 72 150 115 98 21 67 123 84 105 76 58 105 108 120 56 44 73 120 116 134 114 148 157 85 
175 78 121 119 150 99 126 109 95 136 77 40 167 84 0 110 49 113 121 108 91 97 94 102 49 92 75 40 55 95 52 87 125 68 103 107 79 150 148 112 70 24 130 97 119 109 72 119 99 126 70 74 103 144 129 167 109 161 187 80 
126 119 41 39 75 111 79 104 109 56 107 125 126 96 110 0 85 51 37 121 42 61 110 121 61 112 89 70 84 17 81 115 63 90 119 122 107 144 99 124 79 109 83 111 131 60 84 131 52 146 82 84 55 160 143 118 123 133 139 94 
127 79 99 97 133 69 101 110 86 114 104 41 127 42 49 85 0 92 99 59 43 76 95 127 70 89 76 79 56 68 53 38 104 92 79 144 30 108 100 91 21 25 97 84 82 61 51 98 93 113 49 86 82 135 116 119 103 134 139 81 
113 97 18 16 52 90 96 81 58 33 80 105 131 106 113 51 92 0 14 91 70 38 88 98 86 61 38 95 68 68 71 70 66 68 70 137 62 139 127 98 107 89 100 60 93 88 63 91 95 106 65 62 33 128 92 140 72 124 117 43 
99 88 4 2 38 76 82 67 72 19 94 119 140 96 121 37 99 14 0 86 56 24 102 84 72 75 52 81 82 54 85 84 52 82 84 123 76 125 113 89 93 103 86 74 106 74 49 96 81 111 51 76 47 133 106 132 86 138 131 57 
133 112 86 84 120 10 42 138 117 101 106 100 148 95 108 121 59 91 86 0 102 62 119 131 60 120 100 69 115 104 112 21 81 116 82 85 29 107 154 77 80 84 38 115 65 120 37 84 69 99 39 110 81 121 146 178 79 141 119 105 
84 107 56 54 90 112 77 119 82 71 104 83 84 58 91 42 43 70 56 102 0 76 118 104 93 79 108 102 42 25 39 81 104 98 90 120 73 110 57 122 37 67 81 84 125 18 94 115 50 130 92 92 63 152 116 76 120 91 113 113 
119 64 24 22 58 52 100 84 64 39 86 105 137 76 97 61 76 38 24 62 76 0 110 101 48 67 38 57 106 78 107 83 28 90 70 99 91 145 133 65 97 89 96 66 93 94 25 72 101 87 27 84 71 109 98 146 72 130 111 43 
110 61 106 104 140 129 99 112 75 121 97 86 148 70 94 110 95 88 102 119 118 110 0 95 105 72 72 114 101 93 98 100 138 32 59 142 107 136 175 94 91 70 103 77 56 136 104 87 126 102 106 26 55 50 109 157 77 141 139 67 
124 110 88 86 67 121 121 17 47 102 25 118 115 106 102 121 127 98 84 131 104 101 95 0 71 50 115 62 80 129 83 146 129 81 134 164 154 98 125 87 108 102 117 45 102 86 94 80 148 95 92 87 116 117 77 129 81 109 169 110 
167 98 72 70 106 50 98 88 68 87 46 89 136 35 49 61 70 86 72 60 93 48 105 71 0 69 86 9 86 78 89 81 76 85 114 141 89 163 150 63 56 73 94 66 70 111 23 70 113 85 21 79 75 107 98 150 91 130 145 91 
144 122 79 77 113 110 119 67 3 94 25 84 76 89 92 112 89 61 75 120 79 67 72 50 69 0 75 60 43 104 40 106 95 104 91 158 114 148 113 43 68 68 123 5 62 74 83 36 129 51 85 98 76 73 37 85 41 69 125 70 
151 81 56 54 75 90 72 119 72 71 90 67 114 90 75 89 76 38 52 100 108 38 72 115 86 75 0 95 82 106 79 99 66 52 32 115 100 137 165 65 90 51 76 70 55 126 63 58 99 73 65 46 71 95 102 154 34 107 147 5 
176 107 81 79 115 59 107 79 59 96 37 80 127 44 40 70 79 95 81 69 102 57 114 62 9 60 95 0 95 87 92 90 85 94 123 147 98 160 159 72 65 64 103 57 79 120 32 79 122 94 30 88 84 116 89 141 93 121 154 100 
126 85 86 84 120 125 94 77 46 101 68 47 119 51 55 84 56 68 82 115 42 106 101 80 86 43 82 95 0 67 3 94 134 101 54 137 86 152 99 82 72 31 98 48 105 60 107 79 92 94 105 95 101 116 80 118 84 112 155 81 
109 102 58 56 92 110 62 121 107 73 124 108 109 83 95 17 68 68 54 104 25 78 93 129 78 104 106 87 67 0 64 98 80 73 102 105 90 127 82 141 62 92 66 109 142 43 101 140 35 155 99 67 38 143 141 101 137 116 122 108 
123 82 89 87 123 122 91 80 43 104 65 44 116 54 52 81 53 71 85 112 39 107 98 83 89 40 79 92 3 64 0 91 135 104 51 134 83 149 96 83 74 28 95 45 102 57 104 76 89 91 102 98 102 113 77 115 81 109 152 78 
112 117 88 86 122 31 63 144 103 103 121 79 165 80 87 115 38 70 84 21 81 83 100 146 81 106 99 90 94 98 91 0 102 95 103 106 8 86 138 98 59 63 59 101 44 99 58 105 90 120 60 89 60 142 133 157 65 162 101 94 
147 92 52 50 86 71 119 112 92 67 114 133 164 104 125 63 104 66 52 81 104 28 138 129 76 95 66 85 134 80 135 102 0 118 98 127 110 173 161 79 125 117 115 94 121 122 53 86 115 101 55 112 99 123 126 174 100 158 83 71 
142 29 86 84 120 126 114 98 107 101 100 99 166 50 68 90 92 68 82 116 98 90 32 81 85 104 52 94 101 73 104 95 118 0 74 157 87 165 155 107 71 83 118 106 88 116 104 100 108 115 106 6 35 82 138 174 76 159 119 47 
128 103 88 86 107 88 40 131 94 103 112 95 146 79 103 119 79 70 84 82 90 70 59 134 114 91 32 123 54 102 51 103 98 74 0 83 109 105 147 87 58 79 44 92 77 108 95 80 67 95 97 68 97 109 124 166 56 139 125 27 
83 163 123 121 157 91 43 147 155 138 177 147 148 162 107 122 144 137 123 85 120 99 142 164 141 158 115 147 137 105 134 106 127 157 83 0 114 105 155 129 141 131 47 157 150 138 118 122 70 137 120 151 143 159 147 196 139 141 128 110 
104 109 80 78 114 39 71 140 111 95 129 71 157 72 79 107 30 62 76 29 73 91 107 154 89 114 100 98 86 90 83 8 110 87 109 114 0 78 130 106 51 55 67 109 52 91 66 113 98 128 68 81 52 150 141 149 73 164 109 102 
26 180 125 123 159 113 65 81 145 140 123 142 194 150 150 144 108 139 125 107 110 145 136 98 163 148 137 160 152 127 149 86 173 165 105 105 78 0 167 141 129 126 69 143 130 128 140 134 92 149 142 159 130 171 169 186 151 201 150 132 
141 164 113 111 147 160 112 142 110 128 128 140 141 115 148 99 100 127 113 154 57 133 175 125 150 113 165 159 99 82 96 138 161 155 147 155 130 167 0 150 94 124 116 108 165 39 151 143 85 158 149 149 120 180 140 133 144 143 153 170 
115 115 89 87 123 67 103 104 40 104 62 127 102 98 112 124 91 98 89 77 122 65 94 87 63 43 65 72 82 141 83 98 79 107 87 129 106 141 150 0 105 111 99 42 99 111 40 7 130 22 42 101 113 44 74 122 78 95 82 60 
121 70 93 91 127 90 98 125 65 108 83 62 121 21 70 79 21 107 93 80 37 97 91 108 56 68 90 65 72 62 74 59 125 71 58 141 51 129 94 105 0 46 102 63 103 55 72 98 87 113 70 65 87 135 95 113 99 127 150 85 
151 54 107 105 126 94 119 85 71 122 93 16 144 67 24 109 25 89 103 84 67 89 70 102 73 68 51 64 31 92 28 63 117 83 79 131 55 126 124 111 46 0 122 73 106 85 76 104 117 119 74 89 86 120 105 143 85 137 164 56 
95 146 90 88 124 44 4 100 120 105 140 138 162 123 130 83 97 100 86 38 81 96 103 117 94 123 76 103 98 66 95 59 115 118 44 47 67 69 116 99 102 122 0 122 103 99 71 92 31 107 73 112 104 129 108 157 100 169 81 71 
143 127 78 76 112 105 118 62 2 93 20 89 71 84 97 111 84 60 74 115 84 66 77 45 66 5 70 57 48 109 45 101 94 106 92 157 109 143 108 42 63 73 122 0 57 69 82 35 134 50 84 100 71 72 32 84 36 64 124 65 
156 117 106 104 113 75 107 108 59 121 77 122 128 105 119 131 82 93 106 65 125 93 56 102 70 62 55 79 105 142 102 44 121 88 77 150 52 130 165 99 103 106 103 57 0 126 93 92 134 107 91 82 104 106 89 141 21 121 145 50 
102 125 74 72 108 130 95 103 71 89 89 101 102 76 109 60 61 88 74 120 18 94 136 86 111 74 126 120 60 43 57 99 122 116 108 138 91 128 39 111 55 85 99 69 126 0 112 104 68 119 110 110 81 141 101 94 105 104 131 131 
144 75 49 47 83 27 75 109 80 64 69 92 142 58 72 84 51 63 49 37 94 25 104 94 23 83 63 32 107 101 104 58 53 104 95 118 66 140 151 40 72 76 71 82 93 112 0 47 102 62 2 102 96 84 114 162 96 135 122 68 
108 122 96 94 130 74 96 97 33 111 55 120 95 105 119 131 98 91 96 84 115 72 87 80 70 36 58 79 79 140 76 105 86 100 80 122 113 134 143 7 98 104 92 35 92 104 47 0 123 15 49 94 106 37 67 115 71 88 89 53 
118 137 81 79 115 75 27 131 132 96 131 133 134 108 99 52 93 95 81 69 50 101 126 148 113 129 99 122 92 35 89 90 115 108 67 70 98 92 85 130 87 117 31 134 134 68 102 123 0 138 104 102 73 160 131 126 123 141 112 94 
123 137 111 109 145 89 111 112 48 126 70 135 80 120 126 146 113 106 111 99 130 87 102 95 85 51 73 94 94 155 91 120 101 115 95 137 128 149 158 22 113 119 107 50 107 119 62 15 138 0 64 109 121 52 82 130 86 73 104 68 
146 77 51 49 85 29 77 109 82 66 67 90 144 56 70 82 49 65 51 39 92 27 106 92 21 85 65 30 105 99 102 60 55 106 97 120 68 142 149 42 70 74 73 84 91 110 2 49 104 64 0 100 96 86 116 164 98 137 124 70 
136 35 80 78 114 120 108 104 101 95 106 105 160 44 74 84 86 62 76 110 92 84 26 87 79 98 46 88 95 67 98 89 112 6 68 151 81 159 149 101 65 89 112 100 82 110 102 94 102 109 100 0 29 76 132 168 70 153 113 41 
146 64 51 49 85 91 100 114 73 66 91 102 142 73 103 55 82 33 47 81 63 71 55 116 75 76 71 84 101 38 102 60 99 35 97 143 52 130 120 113 87 86 104 71 104 81 96 106 73 121 96 29 0 105 103 139 99 135 84 70 
145 111 133 131 167 111 133 134 70 148 92 136 132 120 144 160 135 128 133 121 152 109 50 117 107 73 95 116 116 143 113 142 123 82 109 159 150 171 180 44 135 120 129 72 106 141 84 37 160 52 86 76 105 0 69 152 108 125 126 90 
175 159 110 108 144 137 104 94 34 125 52 121 103 116 129 143 116 92 106 146 116 98 109 77 98 37 102 89 80 141 77 133 126 138 124 147 141 169 140 74 95 105 108 32 89 101 114 67 131 82 116 132 103 69 0 116 68 96 156 97 
160 183 132 130 166 188 153 146 82 147 104 133 155 134 167 118 119 140 132 178 76 146 157 129 150 85 154 141 118 101 115 157 174 174 166 196 149 186 133 122 113 143 157 84 141 94 162 115 126 130 164 168 139 152 116 0 120 148 189 149 
177 105 90 88 109 69 96 98 38 105 56 101 107 114 109 123 103 72 86 79 120 72 77 81 91 41 34 93 84 137 81 65 100 76 56 139 73 151 144 78 99 85 100 36 21 105 96 71 123 86 98 70 99 108 68 120 0 100 160 29 
175 188 142 140 176 131 168 126 66 157 84 153 7 148 161 133 134 124 138 141 91 130 141 109 130 69 107 121 112 116 109 162 158 159 139 141 164 201 143 95 127 137 169 64 121 104 135 88 141 73 137 153 135 125 96 148 100 0 88 112 
176 148 135 133 169 125 85 181 122 150 144 180 81 157 187 139 139 117 131 119 113 111 139 169 145 125 147 154 155 122 152 101 83 119 125 128 109 150 153 82 150 164 81 124 145 131 122 89 112 104 124 113 84 126 156 189 160 88 0 142 
155 76 61 59 80 95 67 124 67 76 85 72 119 85 80 94 81 43 57 105 113 43 67 110 91 70 5 100 81 108 78 94 71 47 27 110 102 132 170 60 85 56 71 65 50 131 68 53 94 68 70 41 70 90 97 149 29 112 142 0 
20
76
55
12
2
28
57
47
66
78
33
73
34
19
86
78
31
29
10
26
63
8
54
17
38
60
40
52
4
34
90
43
80
10
91
10
97
68
39
19
47
99
62
51
29
31
83
35
17
60
26
7
29
37
38
68
14
27
71
