65
0 66 86 139 101 77 111 77 102 58 66 75 73 82 87 119 60 102 112 94 168 104 13 67 74 60 81 138 72 165 148 85 46 173 66 75 124 109 56 83 118 81 71 77 123 69 48 79 89 63 119 105 47 124 109 93 97 86 57 85 88 47 66 64 134 
66 0 71 73 86 81 84 46 64 50 72 9 123 69 57 99 6 46 104 54 174 38 53 38 8 45 66 73 66 112 133 70 98 125 86 21 89 53 89 69 62 70 37 92 118 3 40 25 81 48 134 78 98 59 95 85 117 127 93 65 73 39 58 22 96 
86 71 0 63 15 44 106 33 69 50 33 80 101 65 57 35 65 68 96 60 135 75 73 33 74 26 5 61 27 81 72 1 80 87 25 50 40 73 70 42 84 64 63 86 69 69 40 54 80 29 123 64 79 70 68 85 90 118 34 71 4 39 58 56 90 
139 73 63 0 78 88 126 94 113 109 77 82 162 102 101 96 79 103 114 111 179 35 126 92 65 85 66 122 83 142 133 62 102 150 77 94 101 110 110 60 91 101 94 113 130 70 99 98 140 82 126 109 101 131 86 133 85 137 86 122 65 98 116 95 151 
101 86 15 78 0 59 121 48 84 65 48 95 116 80 72 50 80 83 111 75 150 90 88 48 89 41 20 76 42 96 87 16 95 72 40 65 55 80 85 57 99 79 78 101 84 84 55 69 95 44 138 79 94 85 83 100 105 133 49 86 19 54 63 71 105 
77 81 44 88 59 0 90 75 25 92 11 83 122 43 35 77 87 68 119 66 113 53 64 75 73 68 47 61 17 123 114 43 77 131 69 92 77 36 67 83 84 42 102 64 68 78 82 96 93 71 106 75 76 47 67 100 89 115 71 60 46 81 100 98 108 
111 84 106 126 121 90 0 91 80 104 101 93 118 93 82 83 90 38 116 46 203 106 124 87 76 80 101 57 107 104 168 105 101 142 83 104 73 69 91 66 54 92 105 70 102 81 94 108 82 77 103 71 100 43 40 97 62 91 92 57 108 93 112 106 88 
77 46 33 94 48 75 91 0 86 41 64 55 126 78 81 60 52 53 90 45 166 84 64 24 54 17 36 86 58 106 103 32 65 120 53 41 65 75 55 36 69 77 54 76 94 49 31 45 72 14 118 92 64 95 62 76 84 103 62 56 29 30 49 24 57 
102 64 69 113 84 25 80 86 0 99 36 73 112 39 60 77 70 43 96 41 138 78 89 82 56 75 72 51 42 109 139 68 74 136 94 67 67 11 64 81 59 40 85 62 93 61 89 71 77 72 104 65 73 37 92 92 73 105 96 52 71 88 107 86 83 
58 50 50 109 65 92 104 41 99 0 81 59 131 91 74 83 56 66 76 58 183 88 45 31 58 24 45 109 75 129 112 49 78 137 66 48 88 88 68 49 82 90 35 76 117 53 12 52 53 27 118 105 77 109 75 57 97 116 75 49 52 11 30 28 98 
66 72 33 77 48 11 101 64 36 81 0 72 132 32 24 66 78 68 108 60 102 42 53 64 72 57 36 72 6 112 103 32 66 120 58 81 71 47 56 72 84 31 94 53 57 75 71 85 82 60 95 86 65 58 78 89 100 104 60 49 35 70 89 87 102 
75 9 80 82 95 83 93 55 73 59 72 0 132 78 48 108 15 55 113 63 174 47 62 47 17 54 75 82 75 121 142 79 107 134 93 30 98 62 98 78 71 79 46 101 127 12 49 34 90 57 143 87 107 68 104 94 126 136 84 73 82 48 67 31 105 
73 123 101 162 116 122 118 126 112 131 132 132 0 122 156 66 117 134 176 131 234 153 86 119 123 125 104 89 126 112 171 100 86 174 122 102 105 101 96 128 118 121 144 117 134 126 121 98 157 128 159 103 87 75 154 157 170 126 130 142 97 120 139 137 173 
82 69 65 102 80 43 93 78 39 91 32 78 122 0 56 94 63 66 80 58 134 74 69 74 73 67 68 68 38 132 135 64 36 98 59 78 84 28 26 42 82 1 102 23 89 72 81 82 94 64 65 82 35 54 68 61 90 74 68 69 67 80 69 89 100 
87 57 57 101 72 35 82 81 60 74 24 48 156 56 0 90 63 44 84 36 126 66 77 77 65 70 60 96 30 110 127 56 90 144 45 78 95 66 80 62 60 55 87 77 81 60 62 82 58 67 119 84 89 82 88 65 110 128 36 25 59 63 80 79 78 
119 99 35 96 50 77 83 60 77 83 66 108 66 94 90 0 98 101 131 93 168 108 106 66 106 59 38 26 60 46 105 34 113 122 60 83 67 66 103 77 104 95 96 117 96 102 73 87 91 62 156 68 112 40 103 118 125 108 69 104 31 72 91 84 117 
60 6 65 79 80 87 90 52 70 56 78 15 117 63 63 98 0 52 110 60 180 44 47 32 14 39 60 79 72 118 127 64 92 131 81 15 95 59 83 64 68 64 43 86 124 9 46 19 87 42 128 84 92 65 90 91 112 131 90 71 67 45 64 28 102 
102 46 68 103 83 68 38 53 43 66 68 55 134 66 44 101 52 0 78 8 170 68 89 49 38 42 63 78 74 66 130 67 90 155 78 66 94 38 80 61 16 67 67 89 123 43 56 70 44 39 131 92 89 64 78 59 100 128 80 19 70 55 74 68 50 
112 104 96 114 111 119 116 90 96 76 108 113 176 80 84 131 110 78 0 70 210 142 99 85 112 78 99 125 114 144 166 97 90 176 71 102 136 85 80 54 94 79 89 101 165 107 66 106 92 76 143 110 89 111 80 19 102 128 80 59 100 65 84 82 112 
94 54 60 111 75 66 46 45 41 58 60 63 131 58 36 93 60 8 70 0 162 76 81 41 46 34 55 70 66 74 122 59 82 147 70 58 86 30 72 53 24 59 71 81 115 51 48 62 36 31 123 84 81 56 79 51 101 120 72 11 62 47 66 64 42 
168 174 135 179 150 113 203 166 138 183 102 174 234 134 126 168 180 170 210 162 0 144 155 166 174 159 138 174 108 214 205 134 168 222 160 183 173 149 158 174 186 133 196 155 159 177 173 187 184 162 197 188 167 160 180 191 202 206 162 151 137 172 180 189 204 
104 38 75 35 90 53 106 84 78 88 42 47 153 74 66 108 44 68 142 76 144 0 91 76 30 83 78 110 48 134 145 74 108 147 100 59 108 75 98 95 84 73 59 95 99 35 78 63 112 86 137 74 107 97 120 123 120 146 102 87 77 77 96 60 118 
13 53 73 126 88 64 124 64 89 45 53 62 86 69 77 106 47 89 99 81 155 91 0 54 61 47 68 125 59 152 135 72 45 160 53 62 111 97 55 70 105 70 58 76 110 56 35 66 76 50 118 92 46 111 96 80 84 85 44 72 75 34 53 51 121 
67 38 33 92 48 75 87 24 82 31 64 47 119 74 77 66 32 49 85 41 166 76 54 0 46 7 28 92 58 112 95 32 61 120 49 17 71 71 51 32 65 73 44 72 100 41 21 21 62 10 114 88 60 97 58 66 80 99 58 52 35 20 39 37 81 
74 8 74 65 89 73 76 54 56 58 72 17 123 73 65 106 14 38 112 46 174 30 61 46 0 53 74 80 74 104 141 75 106 117 94 29 97 45 97 77 54 74 29 96 126 5 48 33 82 56 138 86 106 67 103 93 125 135 101 57 78 47 66 30 88 
60 45 26 85 41 68 80 17 75 24 57 54 125 67 70 59 39 42 78 34 159 83 47 7 53 0 21 85 51 105 88 25 54 113 42 24 64 64 44 25 58 66 37 65 93 48 14 28 55 3 107 81 53 90 51 59 73 92 51 45 28 13 32 30 74 
81 66 5 66 20 47 101 36 72 45 36 75 104 68 60 38 60 63 99 55 138 78 68 28 74 21 0 64 30 84 67 4 75 92 30 45 43 76 65 46 79 67 58 86 72 69 35 49 76 24 126 69 74 73 72 80 94 113 39 66 7 34 53 51 93 
138 73 61 122 76 61 57 86 51 109 72 82 89 68 96 26 79 78 125 70 174 110 125 92 80 85 64 0 78 72 131 60 103 113 81 94 44 40 93 98 94 69 109 91 73 76 99 98 106 88 133 42 102 14 97 121 119 82 90 81 57 98 117 95 112 
72 66 27 83 42 17 107 58 42 75 6 75 126 38 30 60 72 74 114 66 108 48 59 58 74 51 30 78 0 106 97 26 72 114 52 75 65 53 62 69 90 37 88 59 63 69 65 79 88 54 96 91 71 64 84 95 106 110 61 55 29 64 83 81 108 
165 112 81 142 96 123 104 106 109 129 112 121 112 132 110 46 118 66 144 74 214 134 152 112 104 105 84 72 106 0 151 80 156 168 106 129 113 104 146 123 82 133 133 155 142 109 119 133 110 105 197 114 155 86 144 125 166 154 115 85 77 118 137 130 116 
148 133 72 133 87 114 168 103 139 112 103 142 171 135 127 105 127 130 166 122 205 145 135 95 141 88 67 131 97 151 0 71 142 159 97 112 110 143 132 113 146 134 125 153 139 136 102 116 143 91 193 136 141 140 139 147 161 180 106 133 74 101 120 118 160 
85 70 1 62 16 43 105 32 68 49 32 79 100 64 56 34 64 67 97 59 134 74 72 32 75 25 4 60 26 80 71 0 79 88 26 49 39 72 69 43 83 63 62 85 68 70 39 53 79 28 122 65 78 69 69 84 91 117 35 70 3 38 57 55 89 
46 98 80 102 95 77 101 65 74 78 66 107 86 36 90 113 92 90 90 82 168 108 45 61 106 54 75 103 72 156 142 79 0 132 59 78 118 63 10 42 106 35 91 31 114 101 68 74 109 51 73 98 1 89 68 71 90 40 63 93 82 67 77 84 122 
173 125 87 150 72 131 142 120 136 137 120 134 174 98 144 122 131 155 176 147 222 147 160 120 117 113 92 113 114 168 159 88 132 0 112 133 69 125 122 129 171 97 146 119 98 122 127 129 167 116 96 103 131 99 155 157 137 167 121 158 91 126 135 139 177 
66 86 25 77 40 69 83 53 94 66 58 93 122 59 45 60 81 78 71 70 160 100 53 49 94 42 30 81 52 106 97 26 59 112 0 66 65 87 67 17 94 58 79 80 94 89 56 70 97 39 106 39 58 67 43 90 65 94 9 70 29 55 73 64 110 
75 21 50 94 65 92 104 41 67 48 81 30 102 78 78 83 15 66 102 58 183 59 62 17 29 24 45 94 75 129 112 49 78 133 66 0 88 56 68 49 82 79 58 89 117 24 38 4 79 27 131 99 77 80 75 83 97 116 75 69 52 37 56 43 98 
124 89 40 101 55 77 73 65 67 88 71 98 105 84 95 67 95 94 136 86 173 108 111 71 97 64 43 44 65 113 110 39 118 69 65 88 0 56 108 82 110 85 101 107 29 92 78 92 118 67 149 34 117 30 108 123 130 98 74 97 36 77 96 89 122 
109 53 73 110 80 36 69 75 11 88 47 62 101 28 66 66 59 38 85 30 149 75 97 71 45 64 76 40 53 104 143 72 63 125 87 56 56 0 53 70 54 29 74 51 85 50 78 60 66 61 93 54 62 26 96 81 84 94 96 41 69 77 96 75 72 
56 89 70 110 85 67 91 55 64 68 56 98 96 26 80 103 83 80 80 72 158 98 55 51 97 44 65 93 62 146 132 69 10 122 67 68 108 53 0 50 96 25 81 21 113 92 58 72 99 41 63 106 9 79 76 61 98 48 71 83 72 57 67 74 112 
83 69 42 60 57 83 66 36 81 49 72 78 128 42 62 77 64 61 54 53 174 95 70 32 77 25 46 98 69 123 113 43 42 129 17 49 82 70 50 0 77 41 62 63 111 72 39 53 80 22 89 56 41 84 26 73 48 77 26 64 46 38 56 47 93 
118 62 84 91 99 84 54 69 59 82 84 71 118 82 60 104 68 16 94 24 186 84 105 65 54 58 79 94 90 82 146 83 106 171 94 82 110 54 96 77 0 83 83 105 139 59 72 86 60 55 147 108 105 80 94 75 116 144 96 35 86 71 90 84 66 
81 70 64 101 79 42 92 77 40 90 31 79 121 1 55 95 64 67 79 59 133 73 70 73 74 66 67 69 37 133 134 63 35 97 58 79 85 29 25 41 83 0 103 22 88 73 80 83 95 63 64 83 34 55 67 60 89 73 67 70 66 79 68 88 101 
71 37 63 94 78 102 105 54 85 35 94 46 144 102 87 96 43 67 89 71 196 59 58 44 29 37 58 109 88 133 125 62 91 146 79 58 101 74 81 62 83 103 0 89 130 34 25 62 66 40 131 115 90 96 88 70 110 129 88 62 65 24 43 41 111 
77 92 86 113 101 64 70 76 62 76 53 101 117 23 77 117 86 89 101 81 155 95 76 72 96 65 86 91 59 155 153 85 31 119 80 89 107 51 21 63 105 22 89 0 110 95 64 93 81 62 42 105 30 77 57 82 79 69 89 92 88 65 46 82 123 
123 118 69 130 84 68 102 94 93 117 57 127 134 89 81 96 124 123 165 115 159 99 110 100 126 93 72 73 63 142 139 68 114 98 94 117 29 85 113 111 139 88 130 110 0 121 107 121 139 96 152 63 113 59 125 146 147 74 103 106 65 106 125 118 151 
69 3 69 70 84 78 81 49 61 53 75 12 126 72 60 102 9 43 107 51 177 35 56 41 5 48 69 76 69 109 136 70 101 122 89 24 92 50 92 72 59 73 34 95 121 0 43 28 84 51 137 81 101 62 98 88 120 130 96 62 73 42 61 25 93 
48 40 40 99 55 82 94 31 89 12 71 49 121 81 62 73 46 56 66 48 173 78 35 21 48 14 35 99 65 119 102 39 68 127 56 38 78 78 58 39 72 80 25 64 107 43 0 42 43 17 106 95 67 99 65 47 87 106 65 37 42 1 18 18 88 
79 25 54 98 69 96 108 45 71 52 85 34 98 82 82 87 19 70 106 62 187 63 66 21 33 28 49 98 79 133 116 53 74 129 70 4 92 60 72 53 86 83 62 93 121 28 42 0 83 31 135 103 73 84 79 87 101 112 79 73 56 41 60 47 102 
89 81 80 140 95 93 82 72 77 53 82 90 157 94 58 91 87 44 92 36 184 112 76 62 82 55 76 106 88 110 143 79 109 167 97 79 118 66 99 80 60 95 66 81 139 84 43 83 0 58 122 120 108 92 103 73 81 147 94 33 82 42 35 59 78 
63 48 29 82 44 71 77 14 72 27 60 57 128 64 67 62 42 39 76 31 162 86 50 10 56 3 24 88 54 105 91 28 51 116 39 27 67 61 41 22 55 63 40 62 96 51 17 31 58 0 104 78 50 87 48 62 70 89 48 42 31 16 35 33 71 
119 134 123 126 138 106 103 118 104 118 95 143 159 65 119 156 128 131 143 123 197 137 118 114 138 107 126 133 96 197 193 122 73 96 106 131 149 93 63 89 147 64 131 42 152 137 106 135 122 104 0 145 72 119 63 124 41 111 115 134 125 107 88 124 165 
105 78 64 109 79 75 71 92 65 105 86 87 103 82 84 68 84 92 110 84 188 74 92 88 86 81 69 42 91 114 136 65 98 103 39 99 34 54 106 56 108 83 115 105 63 81 95 103 120 78 145 0 97 28 82 129 104 96 48 95 68 94 112 100 126 
47 98 79 101 94 76 100 64 73 77 65 107 87 35 89 112 92 89 89 81 167 107 46 60 106 53 74 102 71 155 141 78 1 131 58 77 117 62 9 41 105 34 90 30 113 101 67 73 108 50 72 97 0 88 67 70 89 39 62 92 81 66 76 83 121 
124 59 70 131 85 47 43 95 37 109 58 68 75 54 82 40 65 64 111 56 160 97 111 97 67 90 73 14 64 86 140 69 89 99 67 80 30 26 79 84 80 55 96 77 59 62 99 84 92 87 119 28 88 0 83 107 105 68 76 67 66 98 117 81 98 
109 95 68 86 83 67 40 62 92 75 78 104 154 68 88 103 90 78 80 79 180 120 96 58 103 51 72 97 84 144 139 69 68 155 43 75 108 96 76 26 94 67 88 57 125 98 65 79 103 48 63 82 67 83 0 99 22 51 52 90 72 64 82 73 119 
93 85 85 133 100 100 97 76 92 57 89 94 157 61 65 118 91 59 19 51 191 123 80 66 93 59 80 121 95 125 147 84 71 157 90 83 123 81 61 73 75 60 70 82 146 88 47 87 73 62 124 129 70 107 99 0 121 109 99 40 87 46 65 63 93 
97 117 90 85 105 89 62 84 73 97 100 126 170 90 110 125 112 100 102 101 202 120 84 80 125 73 94 119 106 166 161 91 90 137 65 97 130 84 98 48 116 89 110 79 147 120 87 101 81 70 41 104 89 105 22 121 0 73 74 112 94 86 104 95 141 
86 127 118 137 133 115 91 103 105 116 104 136 126 74 128 108 131 128 128 120 206 146 85 99 135 92 113 82 110 154 180 117 40 167 94 116 98 94 48 77 144 73 129 69 74 130 106 112 147 89 111 96 39 68 51 109 73 0 101 131 120 105 115 122 160 
57 93 34 86 49 71 92 62 96 75 60 84 130 68 36 69 90 80 80 72 162 102 44 58 101 51 39 90 61 115 106 35 63 121 9 75 74 96 71 26 96 67 88 89 103 96 65 79 94 48 115 48 62 76 52 99 74 101 0 61 38 64 82 73 114 
85 65 71 122 86 60 57 56 52 49 49 73 142 69 25 104 71 19 59 11 151 87 72 52 57 45 66 81 55 85 133 70 93 158 70 69 97 41 83 64 35 70 62 92 106 62 37 73 33 42 134 95 92 67 90 40 112 131 61 0 73 38 55 55 53 
88 73 4 65 19 46 108 29 71 52 35 82 97 67 59 31 67 70 100 62 137 77 75 35 78 28 7 57 29 77 74 3 82 91 29 52 36 69 72 46 86 66 65 88 65 73 42 56 82 31 125 68 81 66 72 87 94 120 38 73 0 41 60 53 86 
47 39 39 98 54 81 93 30 88 11 70 48 120 80 63 72 45 55 65 47 172 77 34 20 47 13 34 98 64 118 101 38 67 126 55 37 77 77 57 38 71 79 24 65 106 42 1 41 42 16 107 94 66 98 64 46 86 105 64 38 41 0 19 17 87 
66 58 58 116 63 100 112 49 107 30 89 67 139 69 80 91 64 74 84 66 180 96 53 39 66 32 53 117 83 137 120 57 77 135 73 56 96 96 67 56 90 68 43 46 125 61 18 60 35 35 88 112 76 117 82 65 104 115 82 55 60 19 0 36 106 
64 22 56 95 71 98 106 24 86 28 87 31 137 89 79 84 28 68 82 64 189 60 51 37 30 30 51 95 81 130 118 55 84 139 64 43 89 75 74 47 84 88 41 82 118 25 18 47 59 33 124 100 83 81 73 63 95 122 73 55 53 17 36 0 77 
134 96 90 151 105 108 88 57 83 98 102 105 173 100 78 117 102 50 112 42 204 118 121 81 88 74 93 112 108 116 160 89 122 177 110 98 122 72 112 93 66 101 111 123 151 93 88 102 78 71 165 126 121 98 119 93 141 160 114 53 86 87 106 77 0 
66
29
73
67
17
16
20
73
31
65
24
12
15
92
77
97
82
14
34
65
66
44
1
2
50
33
39
42
95
19
34
24
2
56
23
24
28
60
25
54
15
62
35
94
22
25
27
18
40
27
68
73
92
72
76
96
58
52
50
42
55
59
7
100
