45
0 41 75 78 112 66 77 68 34 54 54 114 65 58 61 99 38 40 60 12 77 64 77 64 104 46 128 8 151 18 37 78 91 74 139 58 55 64 127 97 99 164 44 82 109 
41 0 100 103 112 25 102 93 59 79 13 139 90 83 86 124 79 65 85 37 102 89 102 89 63 71 87 33 137 43 62 103 116 99 118 83 80 89 152 122 71 189 69 88 134 
75 100 0 97 90 125 62 63 48 21 106 107 43 36 39 81 113 61 71 71 77 59 72 18 120 36 139 67 165 57 45 45 96 104 117 69 33 81 166 102 55 155 58 72 34 
78 103 97 0 137 128 51 42 66 96 116 100 70 83 74 141 116 82 91 74 104 38 25 92 166 74 159 70 147 60 65 120 133 116 164 89 80 79 169 139 129 133 56 113 131 
112 112 90 137 0 137 86 103 78 111 125 77 67 60 63 144 141 116 107 106 101 99 112 73 169 90 172 104 195 94 81 135 136 134 141 105 57 111 203 130 110 210 88 127 124 
66 25 125 128 137 0 127 118 84 104 38 164 115 108 111 149 104 90 110 62 127 114 127 114 88 96 62 58 162 68 87 128 141 124 93 108 105 114 177 147 96 214 94 113 159 
77 102 62 51 86 127 0 17 43 83 102 49 19 32 23 96 101 81 66 73 53 13 26 67 141 49 134 69 122 59 40 107 108 91 113 64 29 76 168 102 104 134 53 88 96 
68 93 63 42 103 118 17 0 34 84 106 66 36 49 40 99 106 72 57 64 70 4 17 58 156 40 125 60 105 50 31 108 114 74 130 55 46 67 159 119 95 125 44 79 97 
34 59 48 66 78 84 43 34 0 52 72 92 31 24 27 81 72 38 29 30 65 30 43 30 122 12 97 26 117 16 3 76 89 56 105 27 21 33 125 95 67 151 10 51 82 
54 79 21 96 111 104 83 84 52 0 92 86 64 57 60 60 92 40 60 50 98 80 93 39 141 57 149 46 169 36 55 24 75 85 135 58 54 64 145 81 76 165 62 82 55 
54 13 106 116 125 38 102 106 72 92 0 127 83 76 79 133 92 78 98 50 90 102 115 95 76 84 100 46 150 56 75 116 129 112 131 96 73 102 165 135 58 186 82 75 140 
114 139 107 100 77 164 49 66 92 86 127 0 68 81 72 74 150 126 115 110 37 62 75 106 173 98 138 106 171 108 89 110 59 99 107 113 78 125 217 53 108 137 102 125 141 
65 90 43 70 67 115 19 36 31 64 83 68 0 13 4 77 82 69 60 59 34 32 45 60 122 43 125 57 129 47 34 88 92 87 94 58 10 64 156 98 97 153 41 82 77 
58 83 36 83 60 108 32 49 24 57 76 81 13 0 9 90 87 62 53 52 47 45 58 54 115 36 112 50 141 40 27 81 105 80 81 51 3 57 149 111 91 166 34 75 70 
61 86 39 74 63 111 23 40 27 60 79 72 4 9 0 81 78 65 56 55 38 36 49 57 118 39 121 53 133 43 30 84 96 83 90 54 6 60 152 102 94 157 37 78 73 
99 124 81 141 144 149 96 99 81 60 133 74 77 90 81 0 137 97 81 95 43 103 116 99 185 93 106 91 198 88 84 84 15 25 75 79 87 114 197 21 120 105 91 103 115 
38 79 113 116 141 104 101 106 72 92 92 150 82 87 78 137 0 78 98 50 115 102 115 102 142 84 166 46 189 56 75 116 129 112 168 96 84 102 165 135 137 202 82 120 147 
40 65 61 82 116 90 81 72 38 40 78 126 69 62 65 97 78 0 20 36 101 68 81 68 124 50 134 32 154 22 41 64 82 94 142 18 59 24 131 88 59 172 47 42 95 
60 85 71 91 107 110 66 57 29 60 98 115 60 53 56 81 98 20 0 56 94 53 66 53 108 35 114 52 146 42 26 84 66 85 126 2 50 44 151 72 43 156 39 26 105 
12 37 71 74 106 62 73 64 30 50 50 110 59 52 55 95 50 36 56 0 73 60 73 60 100 42 124 4 147 14 33 74 87 70 133 54 49 60 123 93 95 152 40 78 105 
77 102 77 104 101 127 53 70 65 98 90 37 34 47 38 43 115 101 94 73 0 66 79 94 156 77 149 69 163 79 68 122 58 68 118 92 44 98 188 64 131 148 75 116 111 
64 89 59 38 99 114 13 4 30 80 102 62 32 45 36 103 102 68 53 60 66 0 13 54 152 36 121 56 109 46 27 104 115 78 126 51 42 63 155 115 91 121 40 75 93 
77 102 72 25 112 127 26 17 43 93 115 75 45 58 49 116 115 81 66 73 79 13 0 67 165 49 134 69 122 59 40 117 128 91 139 64 55 76 168 128 104 108 53 88 106 
64 89 18 92 73 114 67 58 30 39 95 106 60 54 57 99 102 68 53 60 94 54 67 0 102 18 121 56 147 46 27 63 114 86 135 51 51 63 155 120 37 137 40 54 52 
104 63 120 166 169 88 141 156 122 141 76 173 122 115 118 185 142 124 108 100 156 152 165 102 0 120 150 96 200 106 125 165 170 162 181 106 112 148 215 176 65 203 132 82 154 
46 71 36 74 90 96 49 40 12 57 84 98 43 36 39 93 84 50 35 42 77 36 49 18 120 0 103 38 129 28 9 81 97 68 117 33 33 45 137 103 55 155 22 57 70 
128 87 139 159 172 62 134 125 97 149 100 138 125 112 121 106 166 134 114 124 149 121 134 121 150 103 0 120 214 113 94 172 91 123 31 116 115 130 222 85 148 169 107 140 173 
8 33 67 70 104 58 69 60 26 46 46 106 57 50 53 91 46 32 52 4 69 56 69 56 96 38 120 0 143 10 29 70 83 66 131 50 47 56 119 89 91 156 36 74 101 
151 137 165 147 195 162 122 105 117 169 150 171 129 141 133 198 189 154 146 147 163 109 122 147 200 129 214 143 0 133 120 193 206 173 222 144 138 130 242 212 184 230 107 168 199 
18 43 57 60 94 68 59 50 16 36 56 108 47 40 43 88 56 22 42 14 79 46 59 46 106 28 113 10 133 0 19 60 73 72 121 40 37 46 109 79 81 163 26 64 91 
37 62 45 65 81 87 40 31 3 55 75 89 34 27 30 84 75 41 26 33 68 27 40 27 125 9 94 29 120 19 0 79 88 59 108 24 24 36 128 94 64 148 13 48 79 
78 103 45 120 135 128 107 108 76 24 116 110 88 81 84 84 116 64 84 74 122 104 117 63 165 81 172 70 193 60 79 0 81 109 141 82 78 88 169 87 100 171 86 106 79 
91 116 96 133 136 141 108 114 89 75 129 59 92 105 96 15 129 82 66 87 58 115 128 114 170 97 91 83 206 73 88 81 0 40 60 64 102 106 182 6 105 90 99 88 130 
74 99 104 116 134 124 91 74 56 85 112 99 87 80 83 25 112 94 85 70 68 78 91 86 162 68 123 66 173 72 59 109 40 0 92 83 77 89 181 46 123 130 66 107 138 
139 118 117 164 141 93 113 130 105 135 131 107 94 81 90 75 168 142 126 133 118 126 139 135 181 117 31 131 222 121 108 141 60 92 0 124 84 138 230 54 165 138 115 148 151 
58 83 69 89 105 108 64 55 27 58 96 113 58 51 54 79 96 18 2 54 92 51 64 51 106 33 116 50 144 40 24 82 64 83 124 0 48 42 149 70 41 154 37 24 103 
55 80 33 80 57 105 29 46 21 54 73 78 10 3 6 87 84 59 50 49 44 42 55 51 112 33 115 47 138 37 24 78 102 77 84 48 0 54 146 108 88 163 31 72 67 
64 89 81 79 111 114 76 67 33 64 102 125 64 57 60 114 102 24 44 60 98 63 76 63 148 45 130 56 130 46 36 88 106 89 138 42 54 0 155 112 83 184 23 66 115 
127 152 166 169 203 177 168 159 125 145 165 217 156 149 152 197 165 131 151 123 188 155 168 155 215 137 222 119 242 109 128 169 182 181 230 149 146 155 0 188 190 272 135 173 200 
97 122 102 139 130 147 102 119 95 81 135 53 98 111 102 21 135 88 72 93 64 115 128 120 176 103 85 89 212 79 94 87 6 46 54 70 108 112 188 0 111 84 105 94 136 
99 71 55 129 110 96 104 95 67 76 58 108 97 91 94 120 137 59 43 95 131 91 104 37 65 55 148 91 184 81 64 100 105 123 165 41 88 83 190 111 0 138 77 17 89 
164 189 155 133 210 214 134 125 151 165 186 137 153 166 157 105 202 172 156 152 148 121 108 137 203 155 169 156 230 163 148 171 90 130 138 154 163 184 272 84 138 0 161 155 189 
44 69 58 56 88 94 53 44 10 62 82 102 41 34 37 91 82 47 39 40 75 40 53 40 132 22 107 36 107 26 13 86 99 66 115 37 31 23 135 105 77 161 0 61 92 
82 88 72 113 127 113 88 79 51 82 75 125 82 75 78 103 120 42 26 78 116 75 88 54 82 57 140 74 168 64 48 106 88 107 148 24 72 66 173 94 17 155 61 0 106 
109 134 34 131 124 159 96 97 82 55 140 141 77 70 73 115 147 95 105 105 111 93 106 52 154 70 173 101 199 91 79 79 130 138 151 103 67 115 200 136 89 189 92 106 0 
31
96
62
39
86
46
60
25
98
54
5
91
94
92
100
64
64
21
97
94
78
73
3
48
96
14
38
92
67
12
73
30
98
67
11
76
12
20
25
44
6
84
4
81
