60
0 60 69 105 71 63 43 50 80 51 33 91 27 46 79 106 38 93 82 64 54 59 49 79 102 53 25 8 76 90 67 48 95 73 68 41 47 48 58 59 97 113 94 31 58 29 28 73 25 67 68 86 76 13 47 42 93 67 124 118 
60 0 82 95 77 37 49 84 86 41 39 47 33 52 89 82 48 49 96 44 28 33 37 89 112 59 35 68 90 78 73 38 97 107 93 75 21 35 64 65 73 69 121 37 64 63 62 29 59 71 18 60 61 47 57 52 81 19 118 128 
69 82 0 110 93 85 33 93 120 82 55 81 49 36 34 61 85 76 111 54 76 81 78 105 128 43 51 77 116 88 70 79 107 25 108 73 69 70 80 49 52 103 92 53 79 69 71 63 73 57 74 108 71 56 73 68 52 75 114 108 
105 95 110 0 128 121 77 130 83 60 99 106 93 80 144 122 67 108 73 82 112 117 58 121 137 87 95 113 79 116 114 57 98 129 117 117 105 114 124 93 131 128 142 97 123 126 108 88 130 101 77 144 99 93 117 112 102 76 158 160 
71 77 93 128 0 62 60 95 53 81 38 100 44 63 100 127 84 110 55 53 60 65 77 61 119 70 46 79 49 19 84 78 38 117 87 85 64 53 13 76 118 122 161 48 75 73 73 90 69 76 95 92 70 58 68 63 121 95 140 100 
63 37 85 121 62 0 52 87 57 67 31 84 36 55 92 108 70 86 67 39 9 4 63 92 115 62 38 71 61 73 68 64 80 74 91 87 16 16 56 68 99 106 141 32 59 75 65 66 71 76 55 31 56 50 40 55 101 56 133 128 
43 49 33 77 60 52 0 67 88 49 22 48 16 3 67 83 52 50 78 21 43 48 45 72 95 10 18 51 84 55 37 46 74 58 91 40 36 37 47 16 74 70 125 20 46 52 45 30 56 24 41 75 38 30 40 35 85 42 81 111 
50 84 93 130 95 87 67 0 127 76 57 115 51 70 76 67 83 82 129 88 78 83 74 103 126 77 49 58 123 114 91 73 126 108 118 91 71 72 82 83 58 137 119 55 82 79 52 97 75 91 93 110 100 37 71 66 106 92 148 142 
80 86 120 83 53 57 88 127 0 104 75 88 80 86 98 125 107 117 10 76 58 53 100 46 74 98 78 88 4 42 88 101 23 95 34 63 65 60 66 73 116 81 129 81 97 51 105 106 55 64 104 80 93 90 86 61 122 105 125 85 
51 41 82 60 81 67 49 76 104 0 59 52 53 52 95 68 13 54 106 28 58 63 4 104 128 59 51 59 100 62 76 3 81 75 119 79 51 65 84 65 77 74 88 57 84 80 54 34 76 73 23 90 45 39 73 68 48 22 123 110 
33 39 55 99 38 31 22 57 75 59 0 70 6 25 62 89 66 72 85 43 22 27 57 62 85 32 8 41 79 57 46 56 76 80 100 62 26 15 25 38 80 92 127 10 37 62 35 52 58 46 57 54 55 20 30 25 101 58 103 101 
91 47 81 106 100 84 48 115 88 52 70 0 64 45 80 71 59 38 78 67 75 80 48 111 142 58 66 99 84 81 81 49 100 106 122 88 68 82 95 58 62 22 123 68 90 100 93 18 104 24 29 107 50 78 88 83 92 30 107 83 
27 33 49 93 44 36 16 51 80 53 6 64 0 19 56 83 60 66 82 37 27 32 51 56 79 26 2 35 76 63 40 50 79 74 94 56 20 21 31 32 74 86 121 4 31 56 29 46 52 40 51 59 49 14 24 19 95 52 97 95 
46 52 36 80 63 55 3 70 86 52 25 45 19 0 70 80 55 47 76 24 46 51 48 75 98 13 21 54 82 58 40 49 77 61 94 43 39 40 50 13 71 67 128 23 49 55 48 27 59 27 38 78 41 33 43 38 88 39 84 114 
79 89 34 144 100 92 67 76 98 95 62 80 56 70 0 27 102 42 100 88 83 88 92 74 97 77 54 87 94 116 96 92 97 59 132 107 76 77 87 83 18 102 79 60 87 103 81 62 104 91 73 115 94 66 76 37 86 74 121 113 
106 82 61 122 127 108 83 67 125 68 89 71 83 80 27 0 75 33 127 90 109 104 66 101 124 93 81 112 121 124 116 65 124 86 159 123 103 104 114 93 9 93 70 87 114 130 90 53 131 95 64 131 85 93 103 64 110 65 94 140 
38 48 85 67 84 70 52 83 107 13 66 59 60 55 102 75 0 61 109 31 61 66 11 107 135 62 58 46 103 65 79 10 84 82 106 66 54 68 91 68 84 81 95 64 88 67 61 41 63 76 30 93 48 46 80 75 55 29 130 117 
93 49 76 108 110 86 50 82 117 54 72 38 66 47 42 33 61 0 107 69 77 82 50 73 139 60 68 101 113 103 83 51 96 101 137 90 70 84 97 60 24 60 85 70 92 102 95 20 106 62 31 109 52 80 90 79 94 32 109 112 
82 96 111 73 55 67 78 129 10 106 85 78 82 76 100 127 109 107 0 78 68 63 102 48 64 88 80 90 6 44 98 103 25 97 44 65 75 70 68 63 118 83 129 86 107 53 107 96 57 54 107 90 95 92 88 63 124 108 127 87 
64 44 54 82 53 39 21 88 76 28 43 67 37 24 88 90 31 69 78 0 30 35 24 76 116 31 39 72 72 34 48 25 53 79 102 61 23 37 66 37 93 89 108 39 57 73 66 49 77 45 43 62 17 51 61 56 68 42 102 115 
54 28 76 112 60 9 43 78 58 58 22 75 27 46 83 109 61 77 68 30 0 5 54 83 106 53 29 62 62 64 59 55 81 83 92 78 7 7 47 59 100 97 138 23 50 66 56 57 62 67 46 32 47 41 31 46 98 47 124 122 
59 33 81 117 65 4 48 83 53 63 27 80 32 51 88 104 66 82 63 35 5 0 59 88 111 58 34 67 57 69 64 60 76 78 87 83 12 12 52 64 95 102 143 28 55 71 61 62 67 72 51 27 52 46 36 51 103 52 129 124 
49 37 78 58 77 63 45 74 100 4 57 48 51 48 92 66 11 50 102 24 54 59 0 100 126 55 49 57 96 58 72 1 77 71 117 77 47 61 82 61 74 70 84 55 81 78 52 30 74 69 19 86 41 37 71 66 44 18 119 108 
79 89 105 121 61 92 72 103 46 104 62 111 56 75 74 101 107 73 48 76 83 88 100 0 97 82 54 87 42 42 96 101 23 127 80 101 76 77 74 88 92 100 153 60 87 89 81 93 93 96 104 115 93 66 76 37 144 105 79 39 
102 112 128 137 119 115 95 126 74 128 85 142 79 98 97 124 135 139 64 116 106 111 126 97 0 105 77 110 70 108 119 125 89 153 108 113 99 100 110 111 115 147 176 83 110 117 104 125 121 118 130 138 128 89 99 60 170 131 176 136 
53 59 43 87 70 62 10 77 98 59 32 58 26 13 77 93 62 60 88 31 53 58 55 82 105 0 28 52 94 65 27 56 84 68 81 50 46 47 57 26 84 80 135 30 36 62 55 40 66 34 51 85 48 40 50 45 95 52 71 121 
25 35 51 95 46 38 18 49 78 51 8 66 2 21 54 81 58 68 80 39 29 34 49 54 77 28 0 33 74 65 42 48 77 76 93 58 22 23 33 34 72 88 119 6 33 54 27 48 50 42 53 61 51 12 22 17 93 54 99 93 
8 68 77 113 79 71 51 58 88 59 41 99 35 54 87 112 46 101 90 72 62 67 57 87 110 52 33 0 84 98 75 56 103 81 76 49 55 56 66 67 105 121 86 39 66 37 36 81 33 75 76 94 84 21 55 50 101 75 123 126 
76 90 116 79 49 61 84 123 4 100 79 84 76 82 94 121 103 113 6 72 62 57 96 42 70 94 74 84 0 38 92 97 19 91 38 59 69 64 62 69 112 77 133 80 101 47 101 102 51 60 108 84 89 86 82 57 118 109 121 81 
90 78 88 116 19 73 55 114 42 62 57 81 63 58 116 124 65 103 44 34 64 69 58 42 108 65 65 98 38 0 82 59 19 113 76 95 57 71 32 71 127 103 142 67 91 85 92 83 88 57 77 96 51 77 87 79 102 76 121 81 
67 73 70 114 84 68 37 91 88 76 46 81 40 40 96 116 79 83 98 48 59 64 72 96 119 27 42 75 92 82 0 73 101 95 54 77 52 61 71 53 107 103 156 36 9 89 69 63 92 61 74 91 31 54 64 59 116 75 98 135 
48 38 79 57 78 64 46 73 101 3 56 49 50 49 92 65 10 51 103 25 55 60 1 101 125 56 48 56 97 59 73 0 78 72 116 76 48 62 81 62 74 71 85 54 81 77 51 31 73 70 20 87 42 36 70 65 45 19 120 107 
95 97 107 98 38 80 74 126 23 81 76 100 79 77 97 124 84 96 25 53 81 76 77 23 89 84 77 103 19 19 101 78 0 104 57 78 76 83 51 88 115 96 152 83 110 66 104 102 70 76 96 103 70 89 99 60 121 95 102 62 
73 107 25 129 117 74 58 108 95 75 80 106 74 61 59 86 82 101 97 79 83 78 71 127 153 68 76 81 91 113 95 72 104 0 83 56 90 90 104 74 77 128 67 78 104 44 56 88 48 82 90 105 96 71 79 93 27 89 139 133 
68 93 108 117 87 91 91 118 34 119 100 122 94 94 132 159 106 137 44 102 92 87 117 80 108 81 93 76 38 76 54 116 57 83 0 51 99 94 99 107 150 115 150 90 63 39 96 117 43 98 111 114 85 81 74 95 110 112 115 119 
41 75 73 117 85 87 40 91 63 79 62 88 56 43 107 123 66 90 65 61 78 83 77 101 113 50 58 49 59 95 77 76 78 56 51 0 76 77 72 56 114 110 123 60 86 12 69 70 16 64 81 110 78 54 47 75 83 82 121 140 
47 21 69 105 64 16 36 71 65 51 26 68 20 39 76 103 54 70 75 23 7 12 47 76 99 46 22 55 69 57 52 48 76 90 99 76 0 14 51 52 94 90 131 16 43 73 49 50 69 60 39 39 40 34 38 39 91 40 117 115 
48 35 70 114 53 16 37 72 60 65 15 82 21 40 77 104 68 84 70 37 7 12 61 77 100 47 23 56 64 71 61 62 83 90 94 77 14 0 40 53 95 104 142 25 52 73 50 64 69 61 53 39 54 35 38 40 105 54 118 116 
58 64 80 124 13 56 47 82 66 84 25 95 31 50 87 114 91 97 68 66 47 52 82 74 110 57 33 66 62 32 71 81 51 104 99 72 51 40 0 63 105 117 152 35 62 60 60 77 56 71 82 79 80 45 55 50 126 83 128 113 
59 65 49 93 76 68 16 83 73 65 38 58 32 13 83 93 68 60 63 37 59 64 61 88 111 26 34 67 69 71 53 62 88 74 107 56 52 53 63 0 84 80 141 36 62 68 61 40 72 40 49 91 54 46 56 51 101 50 97 127 
97 73 52 131 118 99 74 58 116 77 80 62 74 71 18 9 84 24 118 93 100 95 74 92 115 84 72 105 112 127 107 74 115 77 150 114 94 95 105 84 0 84 61 78 105 121 81 44 122 86 55 122 76 84 94 55 101 56 103 131 
113 69 103 128 122 106 70 137 81 74 92 22 86 67 102 93 81 60 83 89 97 102 70 100 147 80 88 121 77 103 103 71 96 128 115 110 90 104 117 80 84 0 145 90 112 122 115 40 126 46 51 129 72 100 110 105 114 52 129 61 
94 121 92 142 161 141 125 119 129 88 127 123 121 128 79 70 95 85 129 108 138 143 84 153 176 135 119 86 133 142 156 85 152 67 150 123 131 142 152 141 61 145 0 125 152 111 122 105 115 147 103 170 125 107 141 116 40 102 164 192 
31 37 53 97 48 32 20 55 81 57 10 68 4 23 60 87 64 70 86 39 23 28 55 60 83 30 6 39 80 67 36 54 83 78 90 60 16 25 35 36 78 90 125 0 27 60 33 50 56 44 55 55 53 18 28 23 99 56 101 99 
58 64 79 123 75 59 46 82 97 84 37 90 31 49 87 114 88 92 107 57 50 55 81 87 110 36 33 66 101 91 9 81 110 104 63 86 43 52 62 62 105 112 152 27 0 87 60 72 83 70 80 82 40 45 55 50 125 79 107 126 
29 63 69 126 73 75 52 79 51 80 62 100 56 55 103 130 67 102 53 73 66 71 78 89 117 62 54 37 47 85 89 77 66 44 39 12 73 73 60 68 121 122 111 60 87 0 57 82 4 76 81 98 90 42 35 71 71 82 133 128 
28 62 71 108 73 65 45 52 105 54 35 93 29 48 81 90 61 95 107 66 56 61 52 81 104 55 27 36 101 92 69 51 104 56 96 69 49 50 60 61 81 115 122 33 60 57 0 75 53 69 71 88 78 15 49 44 83 70 126 120 
73 29 63 88 90 66 30 97 106 34 52 18 46 27 62 53 41 20 96 49 57 62 30 93 125 40 48 81 102 83 63 31 102 88 117 70 50 64 77 40 44 40 105 50 72 82 75 0 86 42 11 89 32 60 70 65 74 12 89 101 
25 59 73 130 69 71 56 75 55 76 58 104 52 59 104 131 63 106 57 77 62 67 74 93 121 66 50 33 51 88 92 73 70 48 43 16 69 69 56 72 122 126 115 56 83 4 53 86 0 80 77 94 94 38 31 67 75 78 137 132 
67 71 57 101 76 76 24 91 64 73 46 24 40 27 91 95 76 62 54 45 67 72 69 96 118 34 42 75 60 57 61 70 76 82 98 64 60 61 71 40 86 46 147 44 70 76 69 42 80 0 53 99 62 54 64 59 109 54 105 107 
68 18 74 77 95 55 41 93 104 23 57 29 51 38 73 64 30 31 107 43 46 51 19 104 130 51 53 76 108 77 74 20 96 90 111 81 39 53 82 49 55 51 103 55 80 81 71 11 77 53 0 78 43 56 75 70 63 1 100 112 
86 60 108 144 92 31 75 110 80 90 54 107 59 78 115 131 93 109 90 62 32 27 86 115 138 85 61 94 84 96 91 87 103 105 114 110 39 39 79 91 122 129 170 55 82 98 88 89 94 99 78 0 79 73 63 78 130 79 156 151 
76 61 71 99 70 56 38 100 93 45 55 50 49 41 94 85 48 52 95 17 47 52 41 93 128 48 51 84 89 51 31 42 70 96 85 78 40 54 80 54 76 72 125 53 40 90 78 32 94 62 43 79 0 63 73 68 85 44 119 132 
13 47 56 93 58 50 30 37 90 39 20 78 14 33 66 93 46 80 92 51 41 46 37 66 89 40 12 21 86 77 54 36 89 71 81 54 34 35 45 46 84 100 107 18 45 42 15 60 38 54 56 73 63 0 34 29 81 55 111 105 
47 57 73 117 68 40 40 71 86 73 30 88 24 43 76 103 80 90 88 61 31 36 71 76 99 50 22 55 82 87 64 70 99 79 74 47 38 38 55 56 94 110 141 28 55 35 49 70 31 64 75 63 73 34 0 39 106 76 121 115 
42 52 68 112 63 55 35 66 61 68 25 83 19 38 37 64 75 79 63 56 46 51 66 37 60 45 17 50 57 79 59 65 60 93 95 75 39 40 50 51 55 105 116 23 50 71 44 65 67 59 70 78 68 29 39 0 110 71 116 76 
93 81 52 102 121 101 85 106 122 48 101 92 95 88 86 110 55 94 124 68 98 103 44 144 170 95 93 101 118 102 116 45 121 27 110 83 91 105 126 101 101 114 40 99 125 71 83 74 75 109 63 130 85 81 106 110 0 62 163 152 
67 19 75 76 95 56 42 92 105 22 58 30 52 39 74 65 29 32 108 42 47 52 18 105 131 52 54 75 109 76 75 19 95 89 112 82 40 54 83 50 56 52 102 56 79 82 70 12 78 54 1 79 44 55 76 71 62 0 101 113 
124 118 114 158 140 133 81 148 125 123 103 107 97 84 121 94 130 109 127 102 124 129 119 79 176 71 99 123 121 121 98 120 102 139 115 121 117 118 128 97 103 129 164 101 107 133 126 89 137 105 100 156 119 111 121 116 163 101 0 118 
118 128 108 160 100 128 111 142 85 110 101 83 95 114 113 140 117 112 87 115 122 124 108 39 136 121 93 126 81 81 135 107 62 133 119 140 115 116 113 127 131 61 192 99 126 128 120 101 132 107 112 151 132 105 115 76 152 113 118 0 
37
52
70
38
68
69
3
58
13
86
62
21
94
98
35
29
73
82
34
80
27
24
95
22
42
86
73
38
43
70
30
19
58
93
54
91
49
15
97
82
52
20
30
40
12
55
22
55
93
17
60
89
50
89
16
89
1
53
20
