70
0 82 61 123 65 118 91 99 177 96 112 88 47 72 87 85 104 64 135 140 91 60 13 80 86 93 136 58 75 75 54 109 46 76 63 121 34 102 65 80 79 38 87 66 47 85 76 82 129 54 80 84 50 120 67 83 118 115 104 16 87 97 83 55 151 53 105 118 123 171 
82 0 66 44 73 89 9 33 157 76 87 6 72 41 47 69 84 81 53 68 32 67 69 52 41 62 181 75 57 62 70 77 73 56 79 39 90 82 76 77 3 44 104 76 66 64 58 55 47 62 51 31 66 72 79 93 91 99 22 66 53 15 48 72 69 70 23 42 65 89 
61 66 0 85 55 91 65 68 146 81 120 72 16 52 71 46 92 72 92 107 68 1 62 57 25 70 193 9 44 44 44 79 15 53 53 69 41 87 41 54 69 78 91 42 59 81 45 33 86 44 53 75 40 110 36 46 69 77 61 65 30 51 56 6 98 65 62 108 111 155 
123 44 85 0 99 121 35 77 135 73 131 50 101 85 91 113 62 107 97 112 76 86 110 78 60 91 163 94 101 106 110 121 100 82 115 83 126 79 111 109 47 85 142 110 102 108 102 74 91 104 95 75 106 88 108 93 110 118 66 107 97 59 92 91 113 96 67 86 81 133 
65 73 55 99 0 114 79 72 142 61 128 79 41 72 58 68 69 80 114 129 75 54 52 37 39 50 170 49 69 69 19 86 40 33 28 82 73 67 66 60 76 74 63 67 84 109 70 25 108 11 76 82 15 77 59 50 61 69 83 55 58 58 73 49 103 90 84 88 84 154 
118 89 91 121 114 0 98 70 132 69 168 95 75 100 56 95 59 120 89 127 82 90 105 93 100 99 160 88 47 67 105 82 76 97 114 98 84 75 102 87 92 106 94 103 120 122 48 112 106 103 38 89 101 85 84 118 137 145 81 108 111 74 41 85 158 126 82 125 78 178 
91 9 65 35 79 98 0 42 151 67 96 15 81 50 56 78 78 72 62 77 41 66 78 43 40 56 179 74 66 71 77 86 80 47 86 48 99 73 85 86 12 53 107 85 67 73 67 54 56 69 60 40 73 81 73 102 90 98 31 75 62 24 57 71 78 61 32 51 74 98 
99 33 68 77 72 70 42 0 147 63 120 39 52 67 14 53 74 74 42 57 58 67 95 42 67 29 175 65 24 51 69 59 53 46 78 65 78 69 43 45 36 77 71 44 61 97 25 80 36 61 32 64 65 100 68 61 116 122 11 92 42 41 29 62 102 67 12 75 93 122 
177 157 146 135 142 132 151 147 0 84 196 163 132 177 133 172 73 170 189 204 168 145 164 108 166 121 174 143 160 151 126 137 131 112 135 175 161 90 157 164 154 153 182 158 175 200 161 167 167 131 115 171 127 99 134 157 151 170 158 167 170 151 118 140 141 171 159 120 92 215 
96 76 81 73 61 69 67 63 84 0 112 82 72 93 49 88 11 90 105 120 84 80 83 24 93 37 112 78 76 71 42 53 71 28 51 91 77 6 91 80 79 69 98 90 107 120 77 86 83 50 31 87 46 37 54 73 89 86 74 86 89 67 34 75 139 101 75 111 30 165 
112 87 120 131 128 168 96 120 196 112 0 81 106 90 129 103 123 48 140 152 109 119 99 114 128 127 224 117 134 101 110 115 105 110 101 126 120 106 79 98 90 116 105 78 65 103 135 133 134 118 138 102 114 145 84 79 154 174 109 96 119 102 135 114 144 59 110 129 138 164 
88 6 72 50 79 95 15 39 163 82 81 0 66 47 53 75 90 87 59 74 38 73 75 58 47 68 187 79 63 68 76 83 67 62 85 45 96 88 82 83 9 50 110 82 72 70 64 61 53 68 57 37 72 78 85 99 97 105 28 72 59 21 54 76 63 76 29 48 71 83 
47 72 16 101 41 75 81 52 132 72 106 66 0 56 66 58 80 58 92 102 63 15 60 48 41 61 181 13 28 28 30 63 1 48 39 85 57 78 27 66 75 64 75 28 45 70 29 37 86 30 69 70 26 96 22 45 73 70 63 63 42 67 72 10 114 51 62 99 99 149 
72 41 52 85 72 100 50 67 177 93 90 47 56 0 74 63 104 42 85 100 43 51 59 93 52 96 192 49 78 84 81 87 55 93 75 50 79 99 37 58 44 74 65 36 25 63 77 66 79 73 62 50 77 113 76 53 102 110 56 56 79 26 59 46 110 31 55 83 106 130 
87 47 71 91 58 56 56 14 133 49 129 53 66 74 0 39 60 81 56 71 65 72 85 56 74 43 161 79 38 65 55 60 67 60 64 72 64 55 57 31 50 86 85 58 64 101 39 66 50 47 18 68 51 86 82 75 102 110 25 88 55 48 15 76 116 70 26 89 79 136 
85 69 46 113 68 95 78 53 172 88 103 75 58 63 39 0 99 55 78 93 82 45 72 86 57 82 200 53 51 73 63 37 57 82 72 101 87 94 56 8 72 67 78 57 38 76 50 43 67 63 57 75 59 125 56 73 79 87 47 69 16 77 54 50 121 44 48 111 118 158 
104 84 92 62 69 59 78 74 73 11 123 90 80 104 60 99 0 101 116 131 95 91 91 35 104 48 101 88 87 82 53 64 79 39 62 102 88 17 102 91 81 80 109 101 104 131 88 94 94 58 42 98 54 26 65 84 78 97 85 94 97 78 45 86 128 98 86 102 19 173 
64 81 72 107 80 120 72 74 170 90 48 87 58 42 81 55 101 0 115 104 61 71 51 66 94 79 197 69 86 53 62 67 57 62 53 92 72 96 31 50 81 68 57 30 17 55 87 85 97 70 99 54 66 97 36 31 106 126 85 48 71 68 96 66 150 11 85 113 90 170 
135 53 92 97 114 89 62 42 189 105 140 59 92 85 56 78 116 115 0 42 76 91 122 84 85 71 217 99 66 69 109 84 91 88 118 83 120 111 85 86 56 97 113 86 103 116 67 99 54 103 74 83 105 125 86 103 135 143 31 119 62 59 71 96 122 104 30 95 118 142 
140 68 107 112 129 127 77 57 204 120 152 74 102 100 71 93 131 104 42 0 91 106 127 99 100 86 232 113 81 84 122 99 101 103 113 98 117 126 75 101 71 112 128 74 93 131 82 114 69 118 89 98 120 140 101 91 150 158 46 124 77 74 86 110 137 99 45 110 133 157 
91 32 68 76 75 82 41 58 168 84 109 38 63 43 65 82 95 61 76 91 0 69 78 84 43 87 183 76 35 85 72 68 64 86 81 41 87 90 45 76 35 76 80 44 44 40 34 57 70 64 53 7 68 104 71 61 93 101 47 75 78 17 50 73 101 50 46 74 97 121 
60 67 1 86 54 90 66 67 145 80 119 73 15 51 72 45 91 71 91 106 69 0 63 56 26 69 192 8 43 43 43 78 14 52 52 70 42 86 40 53 70 77 90 41 58 80 44 32 85 43 54 76 39 109 35 45 68 76 60 66 29 52 57 5 99 64 61 109 110 156 
13 69 62 110 52 105 78 95 164 83 99 75 60 59 85 72 91 51 122 127 78 63 0 67 87 80 149 71 88 88 41 96 59 63 50 108 21 89 52 67 66 25 74 53 34 72 89 77 116 41 67 71 37 107 80 70 113 121 91 3 76 84 70 68 138 40 92 105 110 158 
80 52 57 78 37 93 43 42 108 24 114 58 48 93 56 86 35 66 84 99 84 56 67 0 76 13 136 54 66 47 34 77 49 4 43 90 88 30 75 87 55 45 90 76 83 116 67 62 78 26 55 83 30 61 30 65 98 106 53 67 70 67 58 51 121 77 54 94 54 141 
86 41 25 60 39 100 40 67 166 93 128 47 41 52 74 57 104 94 85 100 43 26 87 76 0 89 192 34 69 69 58 78 40 72 67 50 66 99 66 49 44 85 102 67 77 83 70 14 79 50 62 50 54 113 61 71 50 58 56 90 55 26 59 31 73 83 55 83 106 130 
93 62 70 91 50 99 56 29 121 37 127 68 61 96 43 82 48 79 71 86 87 69 80 13 89 0 149 67 53 60 47 88 62 17 56 77 96 43 72 74 65 58 100 73 90 126 54 75 65 39 61 93 43 74 43 78 111 119 40 80 71 70 58 64 131 90 41 104 67 151 
136 181 193 163 170 160 179 175 174 112 224 187 181 192 161 200 101 197 217 232 183 192 149 136 192 149 0 189 187 183 154 165 180 140 163 190 170 118 198 192 182 174 140 199 180 218 186 195 195 159 143 190 155 127 166 185 179 198 186 152 198 166 146 187 158 186 187 203 120 232 
58 75 9 94 49 88 74 65 143 78 117 79 13 49 79 53 88 69 99 113 76 8 71 54 34 67 189 0 41 41 38 76 12 50 47 78 50 84 38 61 78 75 88 39 56 81 42 30 93 38 62 79 34 104 33 53 66 74 68 74 37 60 65 3 107 62 69 107 107 159 
75 57 44 101 69 47 66 24 160 76 134 63 28 78 38 51 87 86 66 81 35 43 88 66 69 53 187 41 0 56 58 35 29 70 67 76 85 70 55 43 60 92 47 56 73 75 1 65 60 58 56 42 54 113 50 71 101 98 35 91 66 52 53 38 126 79 36 78 106 146 
75 62 44 106 69 67 71 51 151 71 101 68 28 84 65 73 82 53 69 84 85 43 88 47 69 60 183 41 56 0 58 91 29 43 67 92 85 77 55 81 65 84 103 56 70 98 57 65 63 58 83 92 54 108 17 73 101 98 40 91 57 68 80 38 131 64 39 104 101 151 
54 70 44 110 19 105 77 69 126 42 110 76 30 81 55 63 53 62 109 122 72 43 41 34 58 47 154 38 58 58 0 67 29 30 9 79 62 48 49 71 73 66 56 48 67 98 59 44 97 8 73 79 4 74 50 31 80 84 78 44 47 55 70 38 122 73 79 69 72 148 
109 77 79 121 86 82 86 59 137 53 115 83 63 87 60 37 64 67 84 99 68 78 96 77 78 88 165 76 35 91 67 0 64 81 58 107 96 59 54 29 80 91 80 53 62 100 34 64 30 75 78 75 71 90 85 36 100 108 55 93 53 83 75 73 142 68 54 111 83 166 
46 73 15 100 40 76 80 53 131 71 105 67 1 55 67 57 79 57 91 101 64 14 59 49 40 62 180 12 29 29 29 64 0 47 38 84 56 77 26 65 76 63 76 27 44 69 30 36 85 29 68 71 25 95 21 44 72 69 62 62 41 66 71 9 113 50 61 98 98 150 
76 56 53 82 33 97 47 46 112 28 110 62 48 93 60 82 39 62 88 103 86 52 63 4 72 17 140 50 70 43 30 81 47 0 39 93 84 34 73 90 59 41 86 74 79 116 71 58 82 22 59 87 26 65 26 61 94 102 57 63 66 69 56 47 125 73 58 98 58 145 
63 79 53 115 28 114 86 78 135 51 101 85 39 75 64 72 62 53 118 113 81 52 50 43 67 56 163 47 67 67 9 58 38 39 0 88 71 57 40 80 82 75 65 39 58 96 68 53 88 17 82 88 13 83 59 22 89 93 87 53 56 64 79 47 131 64 88 60 81 139 
121 39 69 83 82 98 48 65 175 91 126 45 85 50 72 101 102 92 83 98 41 70 108 90 50 77 190 78 76 92 79 107 84 93 88 0 106 97 86 99 42 83 115 85 75 81 75 64 77 71 60 48 75 111 105 102 100 108 54 105 85 24 57 75 108 81 53 81 104 128 
34 90 41 126 73 84 99 78 161 77 120 96 57 79 64 87 88 72 120 117 87 42 21 88 66 96 170 50 85 85 62 96 56 84 71 106 0 83 42 88 87 46 57 43 55 93 86 74 114 62 46 92 58 114 77 60 110 118 89 24 71 82 49 47 139 61 90 126 107 179 
102 82 87 79 67 75 73 69 90 6 106 88 78 99 55 94 17 96 111 126 90 86 89 30 99 43 118 84 70 77 48 59 77 34 57 97 83 0 97 86 85 75 104 96 113 126 71 92 89 56 37 93 52 43 60 79 95 80 80 92 95 73 40 81 145 107 81 117 36 165 
65 76 41 111 66 102 85 43 157 91 79 82 27 37 57 56 102 31 85 75 45 40 52 75 66 72 198 38 55 55 49 54 26 73 40 86 42 97 0 51 78 37 58 1 18 56 56 62 79 55 75 52 51 110 47 18 98 95 54 49 67 62 72 35 139 24 55 100 103 165 
80 77 54 109 60 87 86 45 164 80 98 83 66 58 31 8 91 50 86 101 76 53 67 87 49 74 192 61 43 81 71 29 65 90 80 99 88 86 51 0 80 75 73 52 33 71 42 35 59 71 49 70 67 117 64 65 71 79 55 64 24 75 46 58 113 39 56 119 110 164 
79 3 69 47 76 92 12 36 154 79 90 9 75 44 50 72 81 81 56 71 35 70 66 55 44 65 182 78 60 65 73 80 76 59 82 42 87 85 78 80 0 41 105 79 65 61 61 58 50 65 54 28 69 69 82 96 94 102 25 63 56 18 51 75 72 70 26 39 62 92 
38 44 78 85 74 106 53 77 153 69 116 50 64 74 86 67 80 68 97 112 76 77 25 45 85 58 174 75 92 84 66 91 63 41 75 83 46 75 37 75 41 0 93 38 53 91 93 99 91 63 68 69 62 106 67 55 135 132 66 22 51 59 71 72 113 59 67 80 99 133 
87 104 91 142 63 94 107 71 182 98 105 110 75 65 85 78 109 57 113 128 80 90 74 90 102 100 140 88 47 103 56 80 76 86 65 115 57 104 58 73 105 93 0 59 40 78 46 88 107 64 103 77 60 130 93 76 124 132 82 71 94 91 100 85 166 46 83 123 125 193 
66 76 42 110 67 103 85 44 158 90 78 82 28 36 58 57 101 30 86 74 44 41 53 76 67 73 199 39 56 56 48 53 27 74 39 85 43 96 1 52 79 38 59 0 19 57 57 63 80 56 76 51 52 111 48 17 99 96 55 50 68 61 73 36 140 25 56 99 104 165 
47 66 59 102 84 120 67 61 175 107 65 72 45 25 64 38 104 17 103 93 44 58 34 83 77 90 180 56 73 70 67 62 44 79 58 75 55 113 18 33 65 53 40 19 0 38 74 68 92 73 82 37 69 92 53 36 101 112 72 31 54 51 79 53 135 6 73 104 85 155 
85 64 81 108 109 122 73 97 200 120 103 70 70 63 101 76 131 55 116 131 40 80 72 116 83 126 218 81 75 98 98 100 69 116 96 81 93 126 56 71 61 91 78 57 38 0 74 97 110 98 89 33 94 130 90 74 133 138 86 69 92 57 86 78 133 44 86 100 123 153 
76 58 45 102 70 48 67 25 161 77 135 64 29 77 39 50 88 87 67 82 34 44 89 67 70 54 186 42 1 57 59 34 30 71 68 75 86 71 56 42 61 93 46 57 74 74 0 66 61 59 57 41 55 114 51 70 102 99 36 92 66 51 54 39 127 80 37 77 107 147 
82 55 33 74 25 112 54 80 167 86 133 61 37 66 66 43 94 85 99 114 57 32 77 62 14 75 195 30 65 65 44 64 36 58 53 64 74 92 62 35 58 99 88 63 68 97 66 0 93 36 76 64 40 102 57 75 36 44 70 80 59 40 73 27 78 74 69 97 95 129 
129 47 86 91 108 106 56 36 167 83 134 53 86 79 50 67 94 97 54 69 70 85 116 78 79 65 195 93 60 63 97 30 85 82 88 77 114 89 79 59 50 91 107 80 92 110 61 93 0 97 68 77 99 119 80 66 129 137 25 113 56 53 65 90 116 98 24 89 112 136 
54 62 44 104 11 103 69 61 131 50 118 68 30 73 47 63 58 70 103 118 64 43 41 26 50 39 159 38 58 58 8 75 29 22 17 71 62 56 55 71 65 63 64 56 73 98 59 36 97 0 65 71 4 66 48 39 72 80 72 44 47 47 62 38 114 79 73 77 73 151 
80 51 53 95 76 38 60 32 115 31 138 57 69 62 18 57 42 99 74 89 53 54 67 55 62 61 143 62 56 83 73 78 68 59 82 60 46 37 75 49 54 68 103 76 82 89 57 76 68 65 0 56 69 68 85 93 112 117 43 70 73 36 3 59 120 88 44 93 61 140 
84 31 75 75 82 89 40 64 171 87 102 37 70 50 68 75 98 54 83 98 7 76 71 83 50 93 190 79 42 92 79 75 71 87 88 48 92 93 52 70 28 69 77 51 37 33 41 64 77 71 56 0 75 97 78 68 100 108 53 68 84 24 53 80 100 43 53 67 90 120 
50 66 40 106 15 101 73 65 127 46 114 72 26 77 51 59 54 66 105 120 68 39 37 30 54 43 155 34 54 54 4 71 25 26 13 75 58 52 51 67 69 62 60 52 69 94 55 40 99 4 69 75 0 70 46 35 76 84 74 40 43 51 66 34 118 75 75 73 73 152 
120 72 110 88 77 85 81 100 99 37 145 78 96 113 86 125 26 97 125 140 104 109 107 61 113 74 127 104 113 108 74 90 95 65 83 111 114 43 110 117 69 106 130 111 92 130 114 102 119 66 68 97 70 0 91 105 66 123 94 110 113 87 71 104 102 86 95 76 7 161 
67 79 36 108 59 84 73 68 134 54 84 85 22 76 82 56 65 36 86 101 71 35 80 30 61 43 166 33 50 17 50 85 21 26 59 105 77 60 47 64 82 67 93 48 53 90 51 57 80 48 85 78 46 91 0 65 93 90 57 83 40 85 82 30 134 47 56 119 84 168 
83 93 46 93 50 118 102 61 157 73 79 99 45 53 75 73 84 31 103 91 61 45 70 65 71 78 185 53 71 73 31 36 44 61 22 102 60 79 18 65 96 55 76 17 36 74 70 75 66 39 93 68 35 105 65 0 111 113 72 67 74 78 90 50 144 42 73 82 103 161 
118 91 69 110 61 137 90 116 151 89 154 97 73 102 102 79 78 106 135 150 93 68 113 98 50 111 179 66 101 101 80 100 72 94 89 100 110 95 98 71 94 135 124 99 101 133 102 36 129 72 112 100 76 66 93 111 0 80 106 116 95 76 109 63 114 95 105 133 59 165 
115 99 77 118 69 145 98 122 170 86 174 105 70 110 110 87 97 126 143 158 101 76 121 106 58 119 198 74 98 98 84 108 69 102 93 108 118 80 95 79 102 132 132 96 112 138 99 44 137 80 117 108 84 123 90 113 80 0 114 124 103 84 117 71 122 118 113 141 116 85 
104 22 61 66 83 81 31 11 158 74 109 28 63 56 25 47 85 85 31 46 47 60 91 53 56 40 186 68 35 40 78 55 62 57 87 54 89 80 54 55 25 66 82 55 72 86 36 70 25 72 43 53 74 94 57 72 106 114 0 88 31 30 40 65 91 75 1 64 87 111 
16 66 65 107 55 108 75 92 167 86 96 72 63 56 88 69 94 48 119 124 75 66 3 67 90 80 152 74 91 91 44 93 62 63 53 105 24 92 49 64 63 22 71 50 31 69 92 80 113 44 70 68 40 110 83 67 116 124 88 0 73 81 73 71 135 37 89 102 113 155 
87 53 30 97 58 111 62 42 170 89 119 59 42 79 55 16 97 71 62 77 78 29 76 70 55 71 198 37 66 57 47 53 41 66 56 85 71 95 67 24 56 51 94 68 54 92 66 59 56 47 73 84 43 113 40 74 95 103 31 73 0 61 70 34 122 60 32 95 116 142 
97 15 51 59 58 74 24 41 151 67 102 21 67 26 48 77 78 68 59 74 17 52 84 67 26 70 166 60 52 68 55 83 66 69 64 24 82 73 62 75 18 59 91 61 51 57 51 40 53 47 36 24 51 87 85 78 76 84 30 81 61 0 33 57 84 57 29 57 80 104 
83 48 56 92 73 41 57 29 118 34 135 54 72 59 15 54 45 96 71 86 50 57 70 58 59 58 146 65 53 80 70 75 71 56 79 57 49 40 72 46 51 71 100 73 79 86 54 73 65 62 3 53 66 71 82 90 109 117 40 73 70 33 0 62 117 85 41 90 64 137 
55 72 6 91 49 85 71 62 140 75 114 76 10 46 76 50 86 66 96 110 73 5 68 51 31 64 187 3 38 38 38 73 9 47 47 75 47 81 35 58 75 72 85 36 53 78 39 27 90 38 59 80 34 104 30 50 63 71 65 71 34 57 62 0 104 59 66 107 105 156 
151 69 98 113 103 158 78 102 141 139 144 63 114 110 116 121 128 150 122 137 101 99 138 121 73 131 158 107 126 131 122 142 113 125 131 108 139 145 139 113 72 113 166 140 135 133 127 78 116 114 120 100 118 102 134 144 114 122 91 135 122 84 117 104 0 139 92 111 109 74 
53 70 65 96 90 126 61 67 171 101 59 76 51 31 70 44 98 11 104 99 50 64 40 77 83 90 186 62 79 64 73 68 50 73 64 81 61 107 24 39 70 59 46 25 6 44 80 74 98 79 88 43 75 86 47 42 95 118 75 37 60 57 85 59 139 0 74 109 79 159 
105 23 62 67 84 82 32 12 159 75 110 29 62 55 26 48 86 85 30 45 46 61 92 54 55 41 187 69 36 39 79 54 61 58 88 53 90 81 55 56 26 67 83 56 73 86 37 69 24 73 44 53 75 95 56 73 105 113 1 89 32 29 41 66 92 74 0 65 88 112 
118 42 108 86 88 125 51 75 120 111 129 48 99 83 89 111 102 113 95 110 74 109 105 94 83 104 203 107 78 104 69 111 98 98 60 81 126 117 100 119 39 80 123 99 104 100 77 97 89 77 93 67 73 76 119 82 133 141 64 102 95 57 90 107 111 109 65 0 83 131 
123 65 111 81 84 78 74 93 92 30 138 71 99 106 79 118 19 90 118 133 97 110 110 54 106 67 120 107 106 101 72 83 98 58 81 104 107 36 103 110 62 99 125 104 85 123 107 95 112 73 61 90 73 7 84 103 59 116 87 113 116 80 64 105 109 79 88 83 0 154 
171 89 155 133 154 178 98 122 215 165 164 83 149 130 136 158 173 170 142 157 121 156 158 141 130 151 232 159 146 151 148 166 150 145 139 128 179 165 165 164 92 133 193 165 155 153 147 129 136 151 140 120 152 161 168 161 165 85 111 155 142 104 137 156 74 159 112 131 154 0 
1
82
43
99
11
24
67
84
70
76
76
22
15
94
55
85
51
35
79
94
49
94
31
93
32
24
51
58
54
39
19
20
88
98
37
96
74
59
83
100
64
74
77
80
95
92
61
39
48
9
27
43
6
55
13
35
77
84
32
56
93
66
23
74
67
72
84
89
12
