55
0 83 82 74 101 121 115 89 83 90 116 84 103 64 77 94 88 67 102 117 109 49 54 26 88 108 84 126 83 27 111 74 117 47 65 114 65 136 85 71 107 77 96 71 38 14 76 114 101 85 95 70 48 11 60 
83 0 1 70 20 79 94 57 33 48 33 80 44 51 6 11 37 26 61 66 28 36 59 57 46 27 34 76 70 58 37 26 86 46 52 58 52 72 2 70 61 64 50 29 64 86 45 88 88 117 66 57 35 72 59 
82 1 0 71 19 80 93 58 34 49 34 81 43 50 5 12 38 27 62 67 27 35 60 56 47 28 35 77 69 57 36 27 87 47 51 57 51 71 3 71 62 63 51 30 63 87 46 89 87 118 67 56 34 71 60 
74 70 71 0 75 100 122 43 62 69 81 64 57 86 76 59 33 47 82 62 73 71 105 48 67 80 63 72 93 49 58 53 113 27 87 60 87 93 72 51 61 99 50 50 60 88 72 84 111 113 81 92 70 63 14 
101 20 19 75 0 99 74 77 53 68 53 100 24 69 24 31 42 46 79 71 8 54 79 75 66 15 54 81 72 76 17 46 106 66 70 38 70 52 22 90 81 78 70 49 82 106 65 74 90 103 86 75 53 90 67 
121 79 80 100 99 0 143 84 62 69 106 130 123 107 85 84 67 105 112 96 107 90 105 113 33 106 63 106 94 114 92 53 113 125 108 128 108 127 81 149 88 88 77 50 110 107 72 118 112 147 108 113 91 128 113 
115 94 93 122 74 143 0 127 105 112 83 138 65 83 96 105 110 120 152 112 81 68 148 89 110 88 106 102 102 90 91 96 156 110 50 112 84 112 96 134 124 96 120 93 96 124 115 90 120 119 114 89 67 104 108 
89 57 58 43 77 84 127 0 46 53 73 66 72 69 63 68 51 62 96 50 85 74 89 63 51 84 47 40 50 64 76 31 91 42 92 84 92 74 59 66 18 56 7 34 75 91 50 52 68 81 38 97 75 78 29 
83 33 34 62 53 62 105 46 0 31 44 98 77 69 39 22 29 59 50 58 61 52 43 75 29 60 1 68 52 76 54 15 75 79 70 86 70 89 35 103 50 58 39 12 72 69 34 80 70 109 70 75 53 90 75 
90 48 49 69 68 69 112 53 31 0 75 105 92 71 54 53 36 74 81 65 76 59 74 82 36 75 32 75 83 83 61 22 82 94 77 106 77 96 50 118 57 87 46 19 79 76 41 87 101 116 77 82 60 97 82 
116 33 34 81 53 106 83 73 44 75 0 113 77 84 39 22 48 59 94 77 61 69 87 90 73 60 45 77 96 91 70 59 119 79 85 91 85 70 35 103 55 97 66 56 97 113 78 89 114 118 97 90 68 105 92 
84 80 81 64 100 130 138 66 98 105 113 0 93 59 86 91 97 57 92 102 108 70 138 58 103 107 99 92 48 59 101 83 143 37 88 82 88 122 78 61 70 42 59 86 70 98 102 100 66 129 28 93 71 73 50 
103 44 43 57 24 123 65 72 77 92 77 93 0 93 48 55 66 70 87 95 16 78 103 77 90 23 78 105 96 78 41 70 130 56 94 62 94 76 46 80 90 102 79 73 89 117 89 98 114 127 110 99 77 92 43 
64 51 50 86 69 107 83 69 69 71 84 59 93 0 45 62 74 71 106 103 77 17 110 38 74 78 70 95 51 39 86 60 120 59 33 82 33 121 53 83 73 45 62 57 45 73 79 107 69 127 31 38 16 53 72 
77 6 5 76 24 85 96 63 39 54 39 86 48 45 0 17 43 32 67 72 32 30 65 51 52 33 40 75 64 52 41 32 92 52 46 62 46 76 8 76 67 58 56 35 58 86 51 87 82 116 72 51 29 66 65 
94 11 12 59 31 84 105 68 22 53 22 91 55 62 17 0 26 37 72 55 39 47 65 68 51 38 23 65 74 69 48 37 97 57 63 69 63 83 13 81 72 75 61 34 75 91 56 77 92 106 77 68 46 83 70 
88 37 38 33 42 67 110 51 29 36 48 97 66 74 43 26 0 63 79 29 50 57 72 80 34 57 30 39 81 81 25 20 80 60 75 80 75 60 39 84 55 85 44 17 77 74 39 51 99 80 75 80 58 95 47 
67 26 27 47 46 105 120 62 59 74 59 57 70 71 32 37 63 0 35 92 54 57 85 41 72 53 60 102 91 42 44 52 112 20 75 84 75 79 28 44 80 85 69 55 53 81 71 101 109 130 40 80 58 56 33 
102 61 62 82 79 112 152 96 50 81 94 92 87 106 67 72 79 35 0 80 71 92 93 76 79 78 51 90 102 77 79 65 106 55 110 117 110 114 63 79 100 108 89 62 88 116 65 102 120 131 75 115 93 91 68 
117 66 67 62 71 96 112 50 58 65 77 102 95 103 72 55 29 92 80 0 79 86 101 109 63 86 59 10 86 110 54 49 109 89 104 100 104 44 68 113 32 92 43 46 106 103 68 22 104 51 74 109 87 124 76 
109 28 27 73 8 107 81 85 61 76 61 108 16 77 32 39 50 54 71 79 0 62 87 83 74 7 62 89 80 84 25 54 114 72 78 46 78 60 30 96 89 86 78 57 90 114 73 82 98 111 94 83 61 98 59 
49 36 35 71 54 90 68 74 52 59 69 70 78 17 30 47 57 57 92 86 62 0 95 23 57 63 53 96 34 24 71 43 103 44 18 67 18 106 38 68 78 28 67 40 28 56 62 108 52 112 48 23 1 38 57 
54 59 60 105 79 105 148 89 43 74 87 138 103 110 65 65 72 85 93 101 87 95 0 80 72 86 42 111 95 81 96 58 118 101 111 117 111 131 61 125 93 101 82 55 68 40 77 123 113 139 113 116 94 65 99 
26 57 56 48 75 113 89 63 75 82 90 58 77 38 51 68 80 41 76 109 83 23 80 0 80 84 76 103 57 1 85 66 91 21 39 88 39 115 59 45 81 51 70 63 12 40 50 115 75 89 69 44 22 15 34 
88 46 47 67 66 33 110 51 29 36 73 103 90 74 52 51 34 72 79 63 74 57 72 80 0 73 30 73 81 81 59 20 80 92 75 104 75 94 48 116 55 85 44 17 77 74 39 85 99 114 75 80 58 95 80 
108 27 28 80 15 106 88 84 60 75 60 107 23 78 33 38 57 53 78 86 7 63 86 84 73 0 61 96 87 85 32 53 113 73 79 53 79 67 29 97 88 91 77 56 91 113 72 89 105 118 93 84 62 97 66 
84 34 35 63 54 63 106 47 1 32 45 99 78 70 40 23 30 60 51 59 62 53 42 76 30 61 0 69 53 77 55 16 76 80 71 87 71 90 36 104 51 59 40 13 73 70 35 81 71 108 71 76 54 91 76 
126 76 77 72 81 106 102 40 68 75 77 92 105 95 75 65 39 102 90 10 89 96 111 103 73 96 69 0 76 104 64 57 117 82 114 90 114 34 78 106 22 82 33 56 114 113 76 12 94 41 64 119 97 115 69 
83 70 69 93 72 94 102 50 52 83 96 48 96 51 64 74 81 91 102 86 80 34 95 57 81 87 53 76 0 58 89 67 127 78 52 34 52 110 72 102 54 6 43 64 62 90 86 88 18 117 74 57 35 72 79 
27 58 57 49 76 114 90 64 76 83 91 59 78 39 52 69 81 42 77 110 84 24 81 1 81 85 77 104 58 0 86 67 92 22 40 89 40 116 60 46 82 52 71 64 13 41 51 116 76 90 70 45 23 16 35 
111 37 36 58 17 92 91 76 54 61 70 101 41 86 41 48 25 44 79 54 25 71 96 85 59 32 55 64 89 86 0 45 105 64 87 55 87 35 39 88 80 89 69 42 97 99 64 57 107 86 84 92 70 100 72 
74 26 27 53 46 53 96 31 15 22 59 83 70 60 32 37 20 52 65 49 54 43 58 66 20 53 16 57 67 67 45 0 60 72 61 84 61 80 28 96 35 71 24 3 57 60 19 69 85 98 55 66 44 81 60 
117 86 87 113 106 113 156 91 75 82 119 143 130 120 92 97 80 112 106 109 114 103 118 91 80 113 76 117 127 92 105 60 0 112 121 111 121 106 88 136 95 131 84 63 79 107 41 128 145 134 115 126 104 106 120 
47 46 47 27 66 125 110 42 79 94 79 37 56 59 52 57 60 20 55 89 72 44 101 21 92 73 80 82 78 22 64 72 112 0 60 87 60 99 48 24 60 72 49 75 33 61 71 94 96 110 60 65 43 36 13 
65 52 51 87 70 108 50 92 70 77 85 88 94 33 46 63 75 75 110 104 78 18 111 39 75 79 71 114 52 40 87 61 121 60 0 83 34 122 54 84 96 46 85 58 46 74 80 126 70 128 64 39 17 54 73 
114 58 57 60 38 128 112 84 86 106 91 82 62 82 62 69 80 84 117 100 46 67 117 88 104 53 87 90 34 89 55 84 111 87 83 0 83 90 60 111 71 40 77 87 95 123 70 78 52 107 108 44 66 103 74 
65 52 51 87 70 108 84 92 70 77 85 88 94 33 46 63 75 75 110 104 78 18 111 39 75 79 71 114 52 40 87 61 121 60 34 83 0 122 54 84 96 46 85 58 46 74 80 126 70 128 64 39 17 54 73 
136 72 71 93 52 127 112 74 89 96 70 122 76 121 76 83 60 79 114 44 60 106 131 115 94 67 90 34 110 116 35 80 106 99 122 90 122 0 74 123 56 116 67 77 103 131 65 22 128 51 98 127 105 125 103 
85 2 3 72 22 81 96 59 35 50 35 78 46 53 8 13 39 28 63 68 30 38 61 59 48 29 36 78 72 60 39 28 88 48 54 60 54 74 0 72 63 66 52 31 66 88 47 90 90 119 68 59 37 74 61 
71 70 71 51 90 149 134 66 103 118 103 61 80 83 76 81 84 44 79 113 96 68 125 45 116 97 104 106 102 46 88 96 136 24 84 111 84 123 72 0 84 96 73 99 57 85 95 118 120 134 84 89 67 60 37 
107 61 62 61 81 88 124 18 50 57 55 70 90 73 67 72 55 80 100 32 89 78 93 81 55 88 51 22 54 82 80 35 95 60 96 71 96 56 63 84 0 60 11 38 92 95 54 34 72 63 42 101 79 96 47 
77 64 63 99 78 88 96 56 58 87 97 42 102 45 58 75 85 85 108 92 86 28 101 51 85 91 59 82 6 52 89 71 131 72 46 40 46 116 66 96 60 0 49 68 56 84 90 94 24 123 70 51 29 66 85 
96 50 51 50 70 77 120 7 39 46 66 59 79 62 56 61 44 69 89 43 78 67 82 70 44 77 40 33 43 71 69 24 84 49 85 77 85 67 52 73 11 49 0 27 81 84 43 45 61 74 31 90 68 85 36 
71 29 30 50 49 50 93 34 12 19 56 86 73 57 35 34 17 55 62 46 57 40 55 63 17 56 13 56 64 64 42 3 63 75 58 87 58 77 31 99 38 68 27 0 60 57 22 68 82 97 58 63 41 78 63 
38 64 63 60 82 110 96 75 72 79 97 70 89 45 58 75 77 53 88 106 90 28 68 12 77 91 73 114 62 13 97 57 79 33 46 95 46 103 66 57 92 56 81 60 0 28 38 125 80 101 76 51 29 27 46 
14 86 87 88 106 107 124 91 69 76 113 98 117 73 86 91 74 81 116 103 114 56 40 40 74 113 70 113 90 41 99 60 107 61 74 123 74 131 88 85 95 84 84 57 28 0 66 125 108 99 104 79 57 25 74 
76 45 46 72 65 72 115 50 34 41 78 102 89 79 51 56 39 71 65 68 73 62 77 50 39 72 35 76 86 51 64 19 41 71 80 70 80 65 47 95 54 90 43 22 38 66 0 87 104 116 74 85 63 65 79 
114 88 89 84 74 118 90 52 80 87 89 100 98 107 87 77 51 101 102 22 82 108 123 115 85 89 81 12 88 116 57 69 128 94 126 78 126 22 90 118 34 94 45 68 125 125 87 0 106 29 76 122 109 103 81 
101 88 87 111 90 112 120 68 70 101 114 66 114 69 82 92 99 109 120 104 98 52 113 75 99 105 71 94 18 76 107 85 145 96 70 52 70 128 90 120 72 24 61 82 80 108 104 106 0 135 92 75 53 90 97 
85 117 118 113 103 147 119 81 109 116 118 129 127 127 116 106 80 130 131 51 111 112 139 89 114 118 108 41 117 90 86 98 134 110 128 107 128 51 119 134 63 123 74 97 101 99 116 29 135 0 105 133 111 74 110 
95 66 67 81 86 108 114 38 70 77 97 28 110 31 72 77 75 40 75 74 94 48 113 69 75 93 71 64 74 70 84 55 115 60 64 108 64 98 68 84 42 70 31 58 76 104 74 76 92 105 0 69 47 84 67 
70 57 56 92 75 113 89 97 75 82 90 93 99 38 51 68 80 80 115 109 83 23 116 44 80 84 76 119 57 45 92 66 126 65 39 44 39 127 59 89 101 51 90 63 51 79 85 122 75 133 69 0 22 59 78 
48 35 34 70 53 91 67 75 53 60 68 71 77 16 29 46 58 58 93 87 61 1 94 22 58 62 54 97 35 23 70 44 104 43 17 66 17 105 37 67 79 29 68 41 29 57 63 109 53 111 47 22 0 37 56 
11 72 71 63 90 128 104 78 90 97 105 73 92 53 66 83 95 56 91 124 98 38 65 15 95 97 91 115 72 16 100 81 106 36 54 103 54 125 74 60 96 66 85 78 27 25 65 103 90 74 84 59 37 0 49 
60 59 60 14 67 113 108 29 75 82 92 50 43 72 65 70 47 33 68 76 59 57 99 34 80 66 76 69 79 35 72 60 120 13 73 74 73 103 61 37 47 85 36 63 46 74 79 81 97 110 67 78 56 49 0 
12
57
2
26
57
98
73
47
23
90
11
7
8
43
78
99
44
33
61
81
66
48
53
2
26
57
70
90
87
28
8
55
43
61
55
39
59
70
51
57
92
75
76
15
40
62
82
35
40
98
71
38
36
39
