65
0 53 68 62 57 91 67 106 77 48 48 84 44 14 89 48 50 44 35 96 74 51 8 75 35 17 46 67 61 53 65 16 81 87 49 33 71 53 58 52 71 15 56 43 27 60 50 79 7 93 85 70 48 103 14 38 65 83 50 42 74 62 88 50 13 
53 0 88 42 94 115 66 99 67 51 81 77 82 51 116 54 55 75 64 94 111 41 45 52 88 70 89 98 94 66 94 69 78 72 82 86 65 90 71 90 108 54 59 62 66 92 49 56 46 68 78 47 25 93 67 15 12 82 42 48 82 101 80 53 66 
68 88 0 125 60 127 89 123 74 70 71 101 84 82 99 76 33 84 83 41 77 47 76 110 57 51 90 106 58 83 107 56 101 19 72 73 77 89 78 16 139 83 78 40 90 57 72 114 75 96 61 59 63 100 54 73 100 105 48 70 6 88 156 72 81 
62 42 125 0 71 139 54 113 109 73 96 119 106 62 140 96 97 106 86 128 88 83 56 86 97 79 108 129 109 108 116 78 109 106 97 95 100 101 113 114 108 47 81 104 35 68 71 98 55 110 117 89 67 135 76 57 54 70 84 90 119 94 93 75 75 
57 94 60 71 0 120 71 149 78 63 33 127 78 43 95 89 81 78 76 63 17 95 49 98 92 74 85 101 46 87 69 73 115 41 34 67 29 82 92 76 100 48 71 88 36 3 65 120 50 136 57 47 88 104 71 79 106 87 95 83 54 28 145 65 70 
91 115 127 139 120 0 92 60 140 73 103 38 126 77 114 120 110 135 60 88 137 115 83 124 96 108 133 153 116 129 90 107 147 108 104 124 149 38 134 143 134 92 81 106 104 123 75 150 84 47 108 141 99 166 105 109 127 108 116 117 121 138 101 75 104 
67 66 89 54 71 92 0 145 97 19 49 123 90 81 86 70 56 92 32 83 88 57 75 32 102 84 97 115 62 83 62 83 55 88 50 100 100 120 78 103 110 82 27 63 89 74 17 92 74 122 72 83 41 123 81 51 78 16 58 64 83 86 146 21 80 
106 99 123 113 149 60 145 0 124 126 140 22 150 106 174 126 97 142 120 143 166 111 100 151 141 123 149 165 153 133 150 122 148 130 141 139 164 98 128 139 163 107 134 90 119 152 128 155 99 31 163 146 124 150 120 114 111 161 112 120 117 154 41 128 116 
77 67 74 109 78 140 97 124 0 78 108 102 71 91 145 70 41 49 91 87 61 55 85 118 73 82 78 72 120 40 107 77 58 81 109 60 98 130 35 90 143 92 86 34 104 81 80 117 84 93 107 113 71 26 79 81 55 92 56 64 68 101 102 80 90 
48 51 70 73 63 73 19 126 78 0 30 104 71 62 67 55 37 81 13 64 80 42 56 51 83 65 78 103 43 87 43 64 74 73 31 81 86 101 82 86 91 63 8 44 75 60 2 77 55 103 84 68 26 104 62 36 63 35 43 49 64 91 131 2 61 
48 81 71 96 33 103 49 140 108 30 0 118 50 48 94 60 67 72 43 90 50 72 42 81 83 65 57 95 13 81 36 64 104 68 1 61 62 87 86 87 80 49 38 74 61 30 32 107 41 127 78 75 56 134 62 66 93 62 73 54 65 61 136 32 61 
84 77 101 119 127 38 123 22 102 104 118 0 128 84 152 104 75 120 98 121 144 89 78 129 119 101 130 143 131 111 128 100 129 108 119 117 142 76 106 117 141 85 112 68 97 130 106 133 77 9 141 124 102 128 98 92 89 139 90 98 95 132 63 106 97 
44 82 84 106 78 126 90 150 71 71 50 128 0 58 94 88 69 22 66 74 95 61 52 104 64 33 7 45 62 31 36 28 59 78 49 11 49 97 36 68 72 59 63 74 71 80 73 108 51 133 90 67 77 97 30 67 85 106 60 82 90 92 115 69 40 
14 51 82 62 43 77 81 106 91 62 48 84 58 0 103 46 64 58 49 105 60 62 6 73 49 31 60 81 61 58 79 30 80 84 49 47 72 39 57 66 57 15 70 57 27 46 64 77 7 93 85 68 46 117 28 36 63 97 63 40 88 62 102 64 27 
89 116 99 140 95 114 86 174 145 67 94 152 94 103 0 122 104 96 54 58 112 97 97 118 124 106 101 73 107 105 58 105 133 80 93 105 82 142 110 115 132 104 75 111 116 92 69 132 96 161 38 89 93 171 103 101 128 94 98 116 93 123 177 69 102 
48 54 76 96 89 120 70 126 70 55 60 104 88 46 122 0 43 84 68 89 106 45 40 76 83 65 81 107 73 79 96 64 68 76 61 81 89 82 74 92 103 49 63 36 61 90 53 80 41 95 102 71 29 96 62 39 66 86 46 6 70 96 123 57 48 
50 55 33 97 81 110 56 97 41 37 67 75 69 64 104 43 0 53 50 60 98 14 58 77 78 42 76 76 79 50 78 41 68 40 68 58 90 103 45 49 121 65 45 7 77 78 39 81 57 66 73 72 30 67 39 40 67 72 15 37 27 109 135 39 63 
44 75 84 106 78 135 92 142 49 81 72 120 22 58 96 84 53 0 79 59 95 39 52 102 42 33 29 23 84 9 58 28 37 81 71 11 49 97 14 68 94 59 85 52 71 81 79 86 51 111 68 67 55 75 30 65 63 108 38 78 80 70 132 83 57 
35 64 83 86 76 60 32 120 91 13 43 98 66 49 54 68 50 79 0 77 93 55 43 64 70 52 73 102 56 88 30 51 87 86 44 68 99 88 93 87 78 50 21 57 62 73 15 90 42 107 92 81 39 117 49 49 76 48 56 62 77 97 123 15 48 
96 94 41 128 63 88 83 143 87 64 90 121 74 105 58 89 60 59 77 0 80 74 99 115 83 92 73 65 87 50 107 87 78 22 91 70 71 92 55 57 137 90 56 53 93 60 66 114 98 112 20 53 69 113 89 79 104 76 75 83 35 91 174 62 106 
74 111 77 88 17 137 88 166 61 80 50 144 95 60 112 106 98 95 93 80 0 112 66 115 109 91 102 118 63 101 86 90 119 58 51 84 46 99 96 93 117 65 88 95 53 20 82 137 67 153 74 64 105 87 88 96 116 104 112 100 71 45 162 82 87 
51 41 47 83 95 115 57 111 55 42 72 89 61 62 97 45 14 39 55 74 112 0 56 63 81 34 68 62 85 48 64 39 76 54 73 50 76 101 53 63 119 65 50 21 77 92 40 67 57 80 59 58 16 81 37 26 53 73 1 39 41 109 121 44 64 
8 45 76 56 49 83 75 100 85 56 42 78 52 6 97 40 58 52 43 99 66 56 0 67 43 25 54 75 55 52 73 24 80 87 43 41 78 45 57 60 63 9 64 51 21 52 58 71 1 87 79 62 40 111 22 30 57 91 57 34 82 56 96 58 21 
75 52 110 86 98 124 32 151 118 51 81 129 104 73 118 76 77 102 64 115 115 63 67 0 110 92 111 125 94 111 94 91 87 94 82 108 87 112 110 105 130 76 59 84 88 101 49 78 68 120 100 69 47 144 89 37 64 48 64 70 104 118 132 53 88 
35 88 57 97 92 96 102 141 73 83 83 119 64 49 124 83 78 42 70 83 109 81 43 110 0 52 71 65 96 33 100 51 61 64 84 53 91 88 38 73 106 50 91 76 62 95 85 110 42 128 103 105 83 99 49 73 87 118 80 77 51 81 123 85 48 
17 70 51 79 74 108 84 123 82 65 65 101 33 31 106 65 42 33 52 92 91 34 25 92 52 0 40 56 78 42 69 5 70 70 66 22 60 70 47 35 88 32 73 49 44 77 67 96 24 108 93 78 50 108 3 55 82 100 33 59 57 79 105 67 30 
46 89 90 108 85 133 97 149 78 78 57 130 7 60 101 81 76 29 73 73 102 68 54 111 71 40 0 52 69 38 43 35 66 71 56 18 56 99 43 75 79 61 70 81 73 87 80 115 53 139 93 74 84 104 37 74 92 113 67 75 84 99 108 76 33 
67 98 106 129 101 153 115 165 72 103 95 143 45 81 73 107 76 23 102 65 118 62 75 125 65 56 52 0 107 32 81 51 60 87 94 34 72 120 37 91 117 82 95 75 94 99 102 105 74 134 45 90 78 98 53 88 86 101 61 101 100 93 155 101 80 
61 94 58 109 46 116 62 153 120 43 13 131 62 61 107 73 79 84 56 87 63 85 55 94 96 78 69 107 0 93 49 77 117 65 14 73 75 100 98 74 93 62 51 86 74 43 45 120 54 140 91 88 69 146 75 79 106 75 86 67 52 74 149 45 74 
53 66 83 108 87 129 83 133 40 87 81 111 31 58 105 79 50 9 88 50 101 48 52 111 33 42 38 32 93 0 67 37 28 72 80 20 58 97 5 77 103 61 94 43 73 90 88 77 53 102 70 76 64 66 39 74 54 99 47 73 77 61 141 89 66 
65 94 107 116 69 90 62 150 107 43 36 128 36 79 58 96 78 58 30 107 86 64 73 94 100 69 43 81 49 67 0 64 95 104 35 47 72 118 72 97 108 80 51 85 92 66 45 120 72 137 96 54 69 133 66 79 106 78 63 90 101 97 151 45 76 
16 69 56 78 73 107 83 122 77 64 64 100 28 30 105 64 41 28 51 87 90 39 24 91 51 5 35 51 77 37 64 0 65 75 65 17 55 69 42 40 87 31 72 48 43 76 66 95 23 107 96 73 55 103 2 54 81 99 38 58 62 78 104 66 29 
81 78 101 109 115 147 55 148 58 74 104 129 59 80 133 68 68 37 87 78 119 76 80 87 61 70 66 60 117 28 95 65 0 100 105 48 86 119 23 105 131 89 82 61 101 118 72 105 81 120 98 104 85 84 67 93 66 71 75 62 95 89 158 76 94 
87 72 19 106 41 108 88 130 81 73 68 108 78 84 80 76 40 81 86 22 58 54 87 94 64 70 71 87 65 72 104 75 100 0 69 89 70 70 77 35 141 83 78 47 71 38 71 98 88 103 42 75 47 107 73 57 84 98 55 70 13 69 152 75 100 
49 82 72 97 34 104 50 141 109 31 1 119 49 49 93 61 68 71 44 91 51 73 43 82 84 66 56 94 14 80 35 65 105 69 0 60 63 88 85 88 81 50 39 75 62 31 33 108 42 128 77 76 57 135 63 67 94 63 74 55 66 62 137 33 62 
33 86 73 95 67 124 100 139 60 81 61 117 11 47 105 81 58 11 68 70 84 50 41 108 53 22 18 34 73 20 47 17 48 89 60 0 38 86 25 57 83 48 74 63 60 70 83 97 40 122 79 56 66 86 19 71 74 116 49 75 79 81 121 80 46 
71 65 77 100 29 149 100 164 98 86 62 142 49 72 82 89 90 49 99 71 46 76 78 87 91 60 56 72 75 58 72 55 86 70 63 38 0 111 63 61 121 77 94 97 65 32 84 91 78 133 69 18 60 124 57 50 77 116 77 83 83 57 145 88 84 
53 90 89 101 82 38 120 98 130 101 87 76 97 39 142 82 103 97 88 92 99 101 45 112 88 70 99 120 100 97 118 69 119 70 88 86 111 0 96 105 96 54 109 96 66 85 103 116 46 85 112 107 85 156 67 75 102 136 102 79 83 100 139 103 66 
58 71 78 113 92 134 78 128 35 82 86 106 36 57 110 74 45 14 93 55 96 53 57 110 38 47 43 37 98 5 72 42 23 77 85 25 63 96 0 82 108 66 90 38 78 95 84 82 58 97 75 81 69 61 44 79 59 94 52 68 72 66 137 84 71 
52 90 16 114 76 143 103 139 90 86 87 117 68 66 115 92 49 68 87 57 93 63 60 105 73 35 75 91 74 77 97 40 105 35 88 57 61 105 82 0 123 67 94 56 79 73 86 116 59 112 77 43 79 99 38 75 102 119 64 86 22 104 140 88 65 
71 108 139 108 100 134 110 163 143 91 80 141 72 57 132 103 121 94 78 137 117 119 63 130 106 88 79 117 93 103 108 87 131 141 81 83 121 96 108 123 0 72 99 114 84 103 93 76 64 150 117 125 103 169 85 93 120 126 120 97 145 119 159 93 84 
15 54 83 47 48 92 82 107 92 63 49 85 59 15 104 49 65 59 50 90 65 65 9 76 50 32 61 82 62 61 80 31 89 83 50 48 77 54 66 67 72 0 71 58 12 45 65 80 8 94 70 71 49 118 29 39 66 84 65 43 89 47 103 65 28 
56 59 78 81 71 81 27 134 86 8 38 112 63 70 75 63 45 85 21 56 88 50 64 59 91 73 70 95 51 94 51 72 82 78 39 74 94 109 90 94 99 71 0 52 83 68 10 85 63 111 76 76 34 112 70 44 71 43 51 57 72 99 139 6 69 
43 62 40 104 88 106 63 90 34 44 74 68 74 57 111 36 7 52 57 53 95 21 51 84 76 49 81 75 86 43 85 48 61 47 75 63 97 96 38 56 114 58 52 0 70 85 46 88 50 59 73 79 37 60 46 47 74 79 22 30 34 104 131 46 56 
27 66 90 35 36 104 89 119 104 75 61 97 71 27 116 61 77 71 62 93 53 77 21 88 62 44 73 94 74 73 92 43 101 71 62 60 65 66 78 79 84 12 83 70 0 33 77 92 20 106 82 78 61 130 41 51 78 96 77 55 84 59 115 77 40 
60 92 57 68 3 123 74 152 81 60 30 130 80 46 92 90 78 81 73 60 20 92 52 101 95 77 87 99 43 90 66 76 118 38 31 70 32 85 95 73 103 45 68 85 33 0 62 118 53 139 54 45 85 107 74 77 104 90 93 84 51 31 148 62 73 
50 49 72 71 65 75 17 128 80 2 32 106 73 64 69 53 39 79 15 66 82 40 58 49 85 67 80 102 45 88 45 66 72 71 33 83 84 103 84 86 93 65 10 46 77 62 0 75 57 105 86 66 24 106 64 34 61 33 41 47 66 93 129 4 63 
79 56 114 98 120 150 92 155 117 77 107 133 108 77 132 80 81 86 90 114 137 67 71 78 110 96 115 105 120 77 120 95 105 98 108 97 91 116 82 116 76 80 85 88 92 118 75 0 72 124 94 73 51 143 93 41 68 108 68 74 108 127 136 79 92 
7 46 75 55 50 84 74 99 84 55 41 77 51 7 96 41 57 51 42 98 67 57 1 68 42 24 53 74 54 53 72 23 81 88 42 40 78 46 58 59 64 8 63 50 20 53 57 72 0 86 78 63 41 110 21 31 58 90 57 35 81 55 95 57 20 
93 68 96 110 136 47 122 31 93 103 127 9 133 93 161 95 66 111 107 112 153 80 87 120 128 108 139 134 140 102 137 107 120 103 128 122 133 85 97 112 150 94 111 59 106 139 105 124 86 0 132 115 93 119 105 83 80 138 81 89 90 141 72 105 106 
85 78 61 117 57 108 72 163 107 84 78 141 90 85 38 102 73 68 92 20 74 59 79 100 103 93 93 45 91 70 96 96 98 42 77 79 69 112 75 77 117 70 76 73 82 54 86 94 78 132 0 51 73 133 96 63 90 56 60 96 55 85 158 82 98 
70 47 59 89 47 141 83 146 113 68 75 124 67 68 89 71 72 67 81 53 64 58 62 69 105 78 74 90 88 76 54 73 104 75 76 56 18 107 81 43 125 71 76 79 78 45 66 73 63 115 51 0 42 139 75 32 59 99 59 65 65 75 127 70 83 
48 25 63 67 88 99 41 124 71 26 56 102 77 46 93 29 30 55 39 69 105 16 40 47 83 50 84 78 69 64 69 55 85 47 57 66 60 85 69 79 103 49 34 37 61 85 24 51 41 93 73 42 0 97 53 10 37 57 17 23 57 96 105 28 61 
103 93 100 135 104 166 123 150 26 104 134 128 97 117 171 96 67 75 117 113 87 81 111 144 99 108 104 98 146 66 133 103 84 107 135 86 124 156 61 99 169 118 112 60 130 107 106 143 110 119 133 139 97 0 105 107 81 118 82 90 94 125 128 106 116 
14 67 54 76 71 105 81 120 79 62 62 98 30 28 103 62 39 30 49 89 88 37 22 89 49 3 37 53 75 39 66 2 67 73 63 19 57 67 44 38 85 29 70 46 41 74 64 93 21 105 96 75 53 105 0 52 79 97 36 56 60 76 102 64 27 
38 15 73 57 79 109 51 114 81 36 66 92 67 36 101 39 40 65 49 79 96 26 30 37 73 55 74 88 79 74 79 54 93 57 67 71 50 75 79 75 93 39 44 47 51 77 34 41 31 83 63 32 10 107 52 0 27 67 27 33 67 86 95 38 51 
65 12 100 54 106 127 78 111 55 63 93 89 85 63 128 66 67 63 76 104 116 53 57 64 87 82 92 86 106 54 106 81 66 84 94 74 77 102 59 102 120 66 71 74 78 104 61 68 58 80 90 59 37 81 79 27 0 94 54 60 94 113 92 65 78 
83 82 105 70 87 108 16 161 92 35 62 139 106 97 94 86 72 108 48 76 104 73 91 48 118 100 113 101 75 99 78 99 71 98 63 116 116 136 94 119 126 84 43 79 96 90 33 108 90 138 56 99 57 118 97 67 94 0 74 80 99 70 162 37 96 
50 42 48 84 95 116 58 112 56 43 73 90 60 63 98 46 15 38 56 75 112 1 57 64 80 33 67 61 86 47 63 38 75 55 74 49 77 102 52 64 120 65 51 22 77 93 41 68 57 81 60 59 17 82 36 27 54 74 0 40 42 108 122 45 63 
42 48 70 90 83 117 64 120 64 49 54 98 82 40 116 6 37 78 62 83 100 39 34 70 77 59 75 101 67 73 90 58 62 70 55 75 83 79 68 86 97 43 57 30 55 84 47 74 35 89 96 65 23 90 56 33 60 80 40 0 64 90 117 51 42 
74 82 6 119 54 121 83 117 68 64 65 95 90 88 93 70 27 80 77 35 71 41 82 104 51 57 84 100 52 77 101 62 95 13 66 79 83 83 72 22 145 89 72 34 84 51 66 108 81 90 55 65 57 94 60 67 94 99 42 64 0 82 158 66 87 
62 101 88 94 28 138 86 154 101 91 61 132 92 62 123 96 109 70 97 91 45 109 56 118 81 79 99 93 74 61 97 78 89 69 62 81 57 100 66 104 119 47 99 104 59 31 93 127 55 141 85 75 96 125 76 86 113 70 108 90 82 0 150 93 75 
88 80 156 93 145 101 146 41 102 131 136 63 115 102 177 123 135 132 123 174 162 121 96 132 123 105 108 155 149 141 151 104 158 152 137 121 145 139 137 140 159 103 139 131 115 148 129 136 95 72 158 127 105 128 102 95 92 162 122 117 158 150 0 133 75 
50 53 72 75 65 75 21 128 80 2 32 106 69 64 69 57 39 83 15 62 82 44 58 53 85 67 76 101 45 89 45 66 76 75 33 80 88 103 84 88 93 65 6 46 77 62 4 79 57 105 82 70 28 106 64 38 65 37 45 51 66 93 133 0 63 
13 66 81 75 70 104 80 116 90 61 61 97 40 27 102 48 63 57 48 106 87 64 21 88 48 30 33 80 74 66 76 29 94 100 62 46 84 66 71 65 84 28 69 56 40 73 63 92 20 106 98 83 61 116 27 51 78 96 63 42 87 75 75 63 0 
37
100
36
33
20
35
49
24
66
46
9
13
83
41
76
58
79
47
69
51
88
83
69
15
47
43
85
23
59
12
31
89
75
62
75
31
68
62
62
61
51
22
77
55
91
58
50
38
84
12
70
98
57
82
50
31
27
62
10
14
9
59
1
97
