80
0 67 74 48 77 78 66 56 73 78 37 70 12 21 55 66 32 56 19 70 16 31 40 22 43 85 13 67 25 65 60 70 68 53 31 44 49 86 18 88 60 24 47 49 79 22 45 57 33 45 90 64 81 39 76 33 18 21 7 23 17 26 45 47 52 45 76 53 41 53 57 24 68 72 34 17 51 42 54 21 
67 0 12 19 64 20 41 11 68 14 31 69 65 61 73 4 42 58 49 17 51 36 28 60 31 60 64 63 45 14 32 65 43 67 40 25 18 73 51 75 26 49 74 46 34 63 30 11 37 50 70 51 43 51 38 36 56 56 60 46 58 75 68 82 75 44 13 95 26 15 44 47 51 49 63 71 32 80 41 70 
74 12 0 26 55 8 32 19 59 4 40 61 74 63 69 9 44 53 57 8 58 43 37 62 33 51 69 56 50 10 26 57 34 63 49 35 26 64 56 66 21 58 72 42 23 72 31 22 46 47 61 43 33 50 29 41 60 65 68 51 62 78 66 80 71 42 2 94 35 26 39 56 42 40 63 75 30 79 36 73 
48 19 26 0 56 30 34 8 58 30 16 59 48 42 58 18 23 45 31 22 32 17 13 41 13 56 45 53 26 17 25 55 36 52 24 15 4 65 32 67 20 33 57 32 38 47 13 14 21 34 65 42 43 34 38 17 37 40 42 27 39 56 51 65 58 28 28 77 11 13 33 31 43 42 45 52 19 62 29 51 
77 64 55 56 0 49 23 58 9 58 67 14 85 57 34 60 49 22 71 47 68 60 67 56 45 11 66 13 57 50 32 10 21 30 74 70 60 9 61 11 38 78 44 30 34 90 45 67 71 32 13 15 25 38 27 55 59 83 76 59 60 64 39 51 38 35 56 65 65 68 24 76 13 15 46 68 37 54 28 63 
78 20 8 30 49 0 28 25 54 9 45 57 78 65 67 16 46 50 61 8 62 47 42 64 35 44 71 52 53 13 24 52 29 61 54 42 31 57 60 59 20 63 71 41 16 77 33 29 51 46 54 39 26 49 22 45 62 70 72 55 64 79 65 79 69 41 8 93 40 33 36 61 37 34 62 77 29 78 35 75 
66 41 32 34 23 28 0 35 27 36 48 29 70 49 40 37 34 23 55 24 53 42 46 48 27 22 57 24 42 27 9 25 2 34 55 49 37 32 48 34 15 61 46 19 17 74 25 44 52 24 31 11 15 30 11 38 49 67 62 44 50 61 40 54 42 22 34 69 44 45 11 59 10 8 42 62 17 55 13 58 
56 11 19 8 58 25 35 0 62 23 21 63 55 50 64 11 31 49 38 17 40 25 18 49 20 57 53 57 34 12 26 59 37 58 30 17 7 67 40 69 20 39 63 37 34 53 19 9 27 40 66 45 42 40 37 25 45 46 49 35 47 64 57 71 64 34 21 84 16 10 37 37 45 43 52 60 23 69 33 59 
73 68 59 58 9 54 27 62 0 62 68 5 81 52 25 64 47 17 68 51 65 59 68 51 46 20 61 6 54 54 36 3 25 21 73 72 62 13 58 15 42 77 35 28 41 87 46 71 71 29 21 17 34 34 34 54 55 80 72 56 56 56 30 42 29 33 61 56 66 71 25 75 17 21 40 62 39 45 29 57 
78 14 4 30 58 9 36 23 62 0 44 65 78 67 73 12 48 57 61 12 62 47 41 66 37 53 73 60 54 14 30 60 37 67 53 38 30 66 60 68 25 62 76 46 25 76 35 25 50 51 63 47 35 54 31 45 64 69 72 55 66 82 70 84 75 46 2 98 39 29 43 60 45 43 67 79 34 83 40 77 
37 31 40 16 67 45 48 21 68 44 0 68 34 38 65 32 25 53 18 37 22 11 3 37 22 70 39 63 22 32 39 65 50 60 9 7 14 76 26 78 35 18 60 41 54 32 23 20 6 42 79 52 59 40 54 16 32 25 30 21 34 51 56 67 64 36 42 76 5 16 43 16 55 56 47 46 31 63 39 46 
70 69 61 59 14 57 29 63 5 65 68 0 79 49 20 65 45 15 66 53 63 58 68 48 46 25 58 6 52 55 37 5 28 17 72 72 63 18 56 19 43 75 30 27 44 85 46 72 70 27 26 18 37 32 37 53 53 78 70 54 53 52 26 37 24 32 63 51 66 72 26 73 20 24 36 58 40 40 30 53 
12 65 74 48 85 78 70 55 81 78 34 79 0 31 65 66 36 64 17 70 17 31 37 31 45 90 24 75 28 65 63 78 72 63 25 40 48 94 24 96 62 17 57 55 81 10 47 54 28 53 97 70 84 47 79 34 27 11 9 26 26 38 55 59 62 50 76 65 39 50 62 18 73 76 44 29 54 54 58 33 
21 61 63 42 57 65 49 50 52 67 38 49 31 0 34 59 19 35 26 57 21 27 40 1 30 65 9 46 16 53 45 49 51 32 37 45 44 65 12 67 45 35 26 30 64 39 32 54 37 25 70 44 64 19 60 25 6 35 22 17 5 15 24 31 31 27 65 39 39 51 38 34 48 52 13 13 36 26 36 10 
55 73 69 58 34 67 40 64 25 73 65 20 65 34 0 70 40 17 58 61 54 54 66 34 45 45 43 21 44 61 44 24 41 6 67 70 62 38 45 39 48 67 11 27 57 73 45 72 66 24 46 30 52 25 51 49 39 68 56 46 39 35 10 17 4 30 71 31 64 71 31 65 34 39 21 41 41 20 33 36 
66 4 9 18 60 16 37 11 64 12 32 65 66 59 70 0 40 54 49 13 50 35 29 58 29 56 63 59 44 10 28 61 39 64 41 26 18 69 50 71 22 50 72 43 30 64 28 13 38 47 66 47 39 49 34 35 55 57 60 45 57 74 66 80 72 41 10 93 27 17 40 48 47 45 61 70 29 78 37 69 
32 42 44 23 49 46 34 31 47 48 25 45 36 19 40 40 0 30 22 38 19 14 26 18 11 54 25 41 8 34 28 44 36 35 27 31 26 58 14 60 28 30 36 19 47 41 13 36 26 18 61 34 49 15 44 9 16 34 28 10 18 34 31 43 39 14 46 55 25 34 26 28 37 40 23 31 19 40 22 29 
56 58 53 45 22 50 23 49 17 57 53 15 64 35 17 54 30 0 51 45 48 43 54 34 32 32 44 11 37 45 27 14 24 11 57 58 49 30 41 32 32 60 24 13 40 70 32 58 55 12 35 13 35 17 34 38 38 63 55 39 39 42 18 32 19 17 55 46 52 58 14 58 17 22 24 46 26 33 17 41 
19 49 57 31 71 61 55 38 68 61 18 66 17 26 58 49 22 51 0 53 5 14 21 26 28 76 23 62 14 48 47 65 57 54 12 25 31 80 14 82 45 9 52 41 64 19 30 38 14 39 83 56 68 35 63 17 20 12 12 12 21 37 49 57 56 36 59 64 23 34 48 8 59 62 38 30 38 52 44 32 
70 17 8 22 47 8 24 17 51 12 37 53 70 57 61 13 38 45 53 0 54 39 34 56 27 43 63 48 45 5 18 49 26 55 46 34 23 56 52 58 13 55 64 34 17 69 25 25 43 39 53 35 26 42 21 37 54 62 64 47 56 72 58 72 63 34 10 86 32 27 31 53 34 32 55 69 22 71 28 67 
16 51 58 32 68 62 53 40 65 62 22 63 17 21 54 50 19 48 5 54 0 15 25 21 28 73 18 59 11 49 46 62 55 51 17 29 33 77 9 79 45 14 47 38 64 22 30 41 18 36 80 53 67 32 62 17 15 15 10 9 16 32 44 52 51 33 60 59 25 37 45 13 56 59 33 25 37 47 41 27 
31 36 43 17 60 47 42 25 59 47 11 58 31 27 54 35 14 43 14 39 15 0 13 26 15 64 29 53 11 34 34 56 44 49 14 18 18 69 16 71 31 19 49 31 50 32 17 28 12 31 72 45 55 29 50 5 22 25 25 11 24 41 45 56 53 26 45 65 12 24 36 17 48 50 36 36 25 52 32 36 
40 28 37 13 67 42 46 18 68 41 3 68 37 40 66 29 26 54 21 34 25 13 0 39 22 68 42 62 24 29 37 65 48 61 12 5 11 76 29 78 33 21 62 41 51 35 22 17 9 43 77 52 56 41 51 17 35 28 33 24 37 54 57 68 65 37 39 78 2 13 43 19 54 54 48 49 30 65 39 49 
22 60 62 41 56 64 48 49 51 66 37 48 31 1 34 58 18 34 26 56 21 26 39 0 29 64 10 45 15 52 44 48 50 32 37 44 43 64 12 66 44 35 26 29 63 39 31 53 36 24 69 43 63 18 59 24 6 35 22 16 5 16 24 31 31 26 64 39 38 50 37 34 47 51 13 14 35 26 35 11 
43 31 33 13 45 35 27 20 46 37 22 46 45 30 45 29 11 32 28 27 28 15 22 29 0 49 36 41 18 23 19 43 29 39 29 26 17 54 25 56 17 34 44 19 36 47 2 27 26 21 57 30 40 21 35 11 27 40 37 20 29 45 38 52 45 15 35 64 20 26 21 32 33 35 32 42 10 49 17 40 
85 60 51 56 11 44 22 57 20 53 70 25 90 65 45 56 54 32 76 43 73 64 68 64 49 0 74 24 62 47 31 21 20 41 77 71 59 14 67 16 37 82 55 36 28 95 47 66 74 40 10 21 18 46 22 59 67 88 82 64 68 74 50 62 49 40 52 76 66 67 29 80 17 14 56 78 39 65 32 73 
13 64 69 45 66 71 57 53 61 73 39 58 24 9 43 63 25 44 23 63 18 29 42 10 36 74 0 55 19 59 53 58 59 41 35 46 47 74 13 76 53 31 34 39 72 33 38 57 36 34 79 53 72 28 68 28 9 30 16 18 7 15 33 36 40 35 71 42 41 53 47 31 57 61 22 7 44 31 44 10 
67 63 56 53 13 52 24 57 6 60 63 6 75 46 21 59 41 11 62 48 59 53 62 45 41 24 55 0 48 49 31 3 23 17 67 66 57 19 52 21 37 71 31 22 39 81 40 66 65 23 25 13 32 28 32 48 49 74 66 50 50 52 26 38 25 27 58 52 60 66 20 69 15 19 34 56 34 41 24 51 
25 45 50 26 57 53 42 34 54 54 22 52 28 16 44 44 8 37 14 45 11 11 24 15 18 62 19 48 0 41 35 51 44 40 23 29 28 66 7 68 35 23 39 27 54 33 20 38 22 25 69 42 56 21 51 9 11 26 20 2 13 30 35 45 43 22 52 54 23 35 34 21 45 48 25 26 26 41 30 25 
65 14 10 17 50 13 27 12 54 14 32 55 65 53 61 10 34 45 48 5 49 34 29 52 23 47 59 49 41 0 18 51 29 55 41 29 18 59 47 61 13 50 63 34 22 64 21 20 38 38 57 37 31 40 26 32 50 57 59 42 52 68 57 71 63 32 12 84 27 22 31 48 37 35 53 65 20 69 28 63 
60 32 26 25 32 24 9 26 36 30 39 37 63 45 44 28 28 27 47 18 46 34 37 44 19 31 53 31 35 18 0 33 11 38 47 40 28 41 42 43 6 53 47 17 19 66 17 35 44 22 40 19 21 26 16 30 44 59 55 37 46 57 41 55 46 18 28 70 35 36 13 51 19 17 39 58 9 55 11 54 
70 65 57 55 10 52 25 59 3 60 65 5 78 49 24 61 44 14 65 49 62 56 65 48 43 21 58 3 51 51 33 0 23 20 70 69 59 16 55 18 39 74 34 25 39 84 43 68 68 26 22 14 32 31 32 51 52 77 69 53 53 55 29 41 28 30 59 55 63 68 22 72 15 19 37 59 36 44 26 54 
68 43 34 36 21 29 2 37 25 37 50 28 72 51 41 39 36 24 57 26 55 44 48 50 29 20 59 23 44 29 11 23 0 35 57 51 39 30 50 32 17 63 47 21 17 76 27 46 54 26 29 11 13 32 10 40 51 69 64 46 52 63 41 55 43 24 36 70 46 47 13 61 8 6 44 64 19 56 15 60 
53 67 63 52 30 61 34 58 21 67 60 17 63 32 6 64 35 11 54 55 51 49 61 32 39 41 41 17 40 55 38 20 35 0 62 65 56 34 42 36 42 63 14 21 51 71 39 66 61 18 42 24 46 20 45 44 37 66 54 42 37 35 9 21 8 24 65 35 59 65 25 61 28 33 19 41 35 24 27 36 
31 40 49 24 74 54 55 30 73 53 9 72 25 37 67 41 27 57 12 46 17 14 12 37 29 77 35 67 23 41 47 70 57 62 0 15 23 83 25 85 43 9 62 45 62 23 30 29 3 45 86 59 67 42 62 19 31 16 24 21 32 49 58 67 66 40 51 75 14 25 50 7 62 63 48 42 38 63 46 44 
44 25 35 15 70 42 49 17 72 38 7 72 40 45 70 26 31 58 25 34 29 18 5 44 26 71 46 66 29 29 40 69 51 65 15 0 12 79 33 81 35 24 67 45 51 38 26 14 12 47 80 56 58 45 53 22 39 31 37 28 41 58 62 73 69 41 36 83 6 10 47 22 57 57 53 53 33 70 43 53 
49 18 26 4 60 31 37 7 62 30 14 63 48 44 62 18 26 49 31 23 33 18 11 43 17 59 47 57 28 18 28 59 39 56 23 12 0 69 34 71 23 32 61 36 40 46 17 10 20 38 68 46 46 38 41 19 39 39 42 29 41 58 55 69 62 32 28 81 9 9 37 30 47 45 49 54 23 66 33 53 
86 73 64 65 9 57 32 67 13 66 76 18 94 65 38 69 58 30 80 56 77 69 76 64 54 14 74 19 66 59 41 16 30 34 83 79 69 0 70 2 47 87 48 39 41 99 54 76 80 41 8 24 32 47 35 64 68 92 85 68 69 69 43 55 42 44 65 69 74 77 33 85 22 24 53 75 46 58 37 70 
18 51 56 32 61 60 48 40 58 60 26 56 24 12 45 50 14 41 14 52 9 16 29 12 25 67 13 52 7 47 42 55 50 42 25 33 34 70 0 72 42 23 38 32 61 30 27 44 25 29 74 47 63 24 58 15 6 24 15 5 8 25 35 43 42 27 58 51 28 40 39 22 50 54 24 20 33 38 36 20 
88 75 66 67 11 59 34 69 15 68 78 19 96 67 39 71 60 32 82 58 79 71 78 66 56 16 76 21 68 61 43 18 32 36 85 81 71 2 72 0 49 89 49 41 43 101 56 78 82 43 8 26 33 49 37 66 70 94 87 70 71 71 45 56 43 46 67 70 76 79 35 87 24 26 55 77 48 59 39 72 
60 26 21 20 38 20 15 20 42 25 35 43 62 45 48 22 28 32 45 13 45 31 33 44 17 37 53 37 35 13 6 39 17 42 43 35 23 47 42 49 0 50 51 21 19 63 15 29 40 26 46 25 24 29 19 28 44 56 54 37 46 59 45 59 50 21 23 73 31 30 18 48 25 23 42 58 9 58 15 55 
24 49 58 33 78 63 61 39 77 62 18 75 17 35 67 50 30 60 9 55 14 19 21 35 34 82 31 71 23 50 53 74 63 63 9 24 32 87 23 89 50 0 61 49 69 14 36 38 12 48 90 63 74 44 69 23 29 7 17 21 30 46 58 66 65 44 60 73 23 34 54 2 66 68 47 38 44 61 50 41 
47 74 72 57 44 71 46 63 35 76 60 30 57 26 11 72 36 24 52 64 47 49 62 26 44 55 34 31 39 63 47 34 47 14 62 67 61 48 38 49 51 61 0 30 63 65 44 71 61 25 56 37 59 23 57 45 32 61 48 41 31 24 6 8 7 31 74 23 61 70 36 60 41 46 14 31 43 10 36 26 
49 46 42 32 30 41 19 37 28 46 41 27 55 30 27 43 19 13 41 34 38 31 41 29 19 36 39 22 27 34 17 25 21 21 45 45 36 39 32 41 21 49 30 0 34 60 19 45 43 5 42 15 34 11 30 26 31 53 47 29 32 42 24 38 29 5 44 53 39 45 8 47 19 23 23 43 14 38 6 39 
79 34 23 38 34 16 17 34 41 25 54 44 81 64 57 30 47 40 64 17 64 50 51 63 36 28 72 39 54 22 19 39 17 51 62 51 40 41 61 43 19 69 63 34 0 82 34 42 59 39 38 28 10 45 7 47 63 75 73 56 65 76 57 71 59 37 24 86 49 44 28 67 25 20 57 77 28 72 28 73 
22 63 72 47 90 77 74 53 87 76 32 85 10 39 73 64 41 70 19 69 22 32 35 39 47 95 33 81 33 64 66 84 76 71 23 38 46 99 30 101 63 14 65 60 82 0 49 52 26 58 102 75 87 54 82 36 34 7 17 31 34 48 63 69 70 55 74 75 37 48 67 16 78 81 52 39 57 64 63 43 
45 30 31 13 45 33 25 19 46 35 23 46 47 32 45 28 13 32 30 25 30 17 22 31 2 47 38 40 20 21 17 43 27 39 30 26 17 54 27 56 15 36 44 19 34 49 0 27 27 21 56 30 38 21 33 13 29 42 39 22 31 47 38 52 45 15 33 65 20 26 21 34 32 33 33 44 8 50 17 42 
57 11 22 14 67 29 44 9 71 25 20 72 54 54 72 13 36 58 38 25 41 28 17 53 27 66 57 66 38 20 35 68 46 66 29 14 10 76 44 78 29 38 71 45 42 52 27 0 26 48 75 54 51 48 46 29 49 45 50 39 51 68 65 79 72 42 23 91 16 4 46 36 54 52 59 64 32 76 42 63 
33 37 46 21 71 51 52 27 71 50 6 70 28 37 66 38 26 55 14 43 18 12 9 36 26 74 36 65 22 38 44 68 54 61 3 12 20 80 25 82 40 12 61 43 59 26 27 26 0 43 83 56 64 41 59 17 31 19 26 20 33 50 57 66 65 38 48 75 11 22 47 10 59 60 47 43 35 62 43 45 
45 50 47 34 32 46 24 40 29 51 42 27 53 25 24 47 18 12 39 39 36 31 43 24 21 40 34 23 25 38 22 26 26 18 45 47 38 41 29 43 26 48 25 5 39 58 21 48 43 0 45 19 39 6 35 26 27 51 44 27 28 37 19 33 25 6 49 48 41 47 13 46 23 27 18 38 18 33 11 34 
90 70 61 65 13 54 31 66 21 63 79 26 97 70 46 66 61 35 83 53 80 72 77 69 57 10 79 25 69 57 40 22 29 42 86 80 68 8 74 8 46 90 56 42 38 102 56 75 83 45 0 27 28 51 32 67 72 95 89 71 73 77 51 63 50 47 62 77 75 76 36 88 24 23 59 81 48 66 40 76 
64 51 43 42 15 39 11 45 17 47 52 18 70 44 30 47 34 13 56 35 53 45 52 43 30 21 53 13 42 37 19 14 11 24 59 56 46 24 47 26 25 63 37 15 28 75 30 54 56 19 27 0 22 25 21 40 46 68 62 44 47 55 31 45 32 20 45 59 50 54 9 61 4 9 36 57 23 46 13 52 
81 43 33 43 25 26 15 42 34 35 59 37 84 64 52 39 49 35 68 26 67 55 56 63 40 18 72 32 56 31 21 32 13 46 67 58 46 32 63 33 24 74 59 34 10 87 38 51 64 39 28 22 0 45 5 51 64 80 76 58 65 76 53 67 54 37 34 81 54 52 26 72 18 13 57 77 30 68 28 73 
39 51 50 34 38 49 30 40 34 54 40 32 47 19 25 49 15 17 35 42 32 29 41 18 21 46 28 28 21 40 26 31 32 20 42 45 38 47 24 49 29 44 23 11 45 54 21 48 41 6 51 25 45 0 41 24 21 47 38 23 22 31 17 31 24 8 52 44 39 47 19 42 29 33 13 32 20 29 17 28 
76 38 29 38 27 22 11 37 34 31 54 37 79 60 51 34 44 34 63 21 62 50 51 59 35 22 68 32 51 26 16 32 10 45 62 53 41 35 58 37 19 69 57 30 7 82 33 46 59 35 32 21 5 41 0 46 59 75 71 53 61 72 51 65 53 33 30 80 49 47 22 67 18 13 53 73 25 66 24 69 
33 36 41 17 55 45 38 25 54 45 16 53 34 25 49 35 9 38 17 37 17 5 17 24 11 59 28 48 9 32 30 51 40 44 19 22 19 64 15 66 28 23 45 26 47 36 13 29 17 26 67 40 51 24 46 0 20 29 27 10 22 39 40 51 48 21 43 63 16 27 31 21 43 45 31 35 21 48 27 34 
18 56 60 37 59 62 49 45 55 64 32 53 27 6 39 55 16 38 20 54 15 22 35 6 27 67 9 49 11 50 44 52 51 37 31 39 39 68 6 70 44 29 32 31 63 34 29 49 31 27 72 46 64 21 59 20 0 29 18 11 2 19 29 37 36 27 62 45 34 46 39 28 50 54 18 15 35 32 36 14 
21 56 65 40 83 70 67 46 80 69 25 78 11 35 68 57 34 63 12 62 15 25 28 35 40 88 30 74 26 57 59 77 69 66 16 31 39 92 24 94 56 7 61 53 75 7 42 45 19 51 95 68 80 47 75 29 29 0 14 24 30 45 58 66 65 48 67 72 30 41 60 9 71 74 47 36 50 61 56 40 
7 60 68 42 76 72 62 49 72 72 30 70 9 22 56 60 28 55 12 64 10 25 33 22 37 82 16 66 20 59 55 69 64 54 24 37 42 85 15 87 54 17 48 47 73 17 39 50 26 44 89 62 76 38 71 27 18 14 0 18 17 31 46 52 53 42 70 58 35 46 54 17 65 68 35 22 46 47 50 26 
23 46 51 27 59 55 44 35 56 55 21 54 26 17 46 45 10 39 12 47 9 11 24 16 20 64 18 50 2 42 37 53 46 42 21 28 29 68 5 70 37 21 41 29 56 31 22 39 20 27 71 44 58 23 53 10 11 24 18 0 13 30 37 46 45 24 53 55 23 35 36 19 47 50 27 25 28 42 32 25 
17 58 62 39 60 64 50 47 56 66 34 53 26 5 39 57 18 39 21 56 16 24 37 5 29 68 7 50 13 52 46 53 52 37 32 41 41 69 8 71 46 30 31 32 65 34 31 51 33 28 73 47 65 22 61 22 2 30 17 13 0 17 29 36 36 28 64 43 36 48 40 29 51 55 18 13 37 31 37 12 
26 75 78 56 64 79 61 64 56 82 51 52 38 15 35 74 34 42 37 72 32 41 54 16 45 74 15 52 30 68 57 55 63 35 49 58 58 69 25 71 59 46 24 42 76 48 47 68 50 37 77 55 76 31 72 39 19 45 31 30 17 0 26 23 31 39 80 27 53 65 50 45 59 64 19 9 50 18 48 5 
45 68 66 51 39 65 40 57 30 70 56 26 55 24 10 66 31 18 49 58 44 45 57 24 38 50 33 26 35 57 41 29 41 9 58 62 55 43 35 45 45 58 6 24 57 63 38 65 57 19 51 31 53 17 51 40 29 58 46 37 29 26 0 14 8 25 68 29 56 64 30 56 35 40 11 32 37 15 30 27 
47 82 80 65 51 79 54 71 42 84 67 37 59 31 17 80 43 32 57 72 52 56 68 31 52 62 36 38 45 71 55 41 55 21 67 73 69 55 43 56 59 66 8 38 71 69 52 79 66 33 63 45 67 31 65 51 37 66 52 46 36 23 14 0 13 39 82 15 67 77 44 65 49 54 20 31 51 5 44 26 
52 75 71 58 38 69 42 64 29 75 64 24 62 31 4 72 39 19 56 63 51 53 65 31 45 49 40 25 43 63 46 28 43 8 66 69 62 42 42 43 50 65 7 29 59 70 45 72 65 25 50 32 54 24 53 48 36 65 53 45 36 31 8 13 0 31 73 27 63 71 33 64 36 41 18 38 43 16 35 33 
45 44 42 28 35 41 22 34 33 46 36 32 50 27 30 41 14 17 36 34 33 26 37 26 15 40 35 27 22 32 18 30 24 24 40 41 32 44 27 46 21 44 31 5 37 55 15 42 38 6 47 20 37 8 33 21 27 48 42 24 28 39 25 39 31 0 44 52 35 41 12 42 23 27 21 40 12 37 9 36 
76 13 2 28 56 8 34 21 61 2 42 63 76 65 71 10 46 55 59 10 60 45 39 64 35 52 71 58 52 12 28 59 36 65 51 36 28 65 58 67 23 60 74 44 24 74 33 23 48 49 62 45 34 52 30 43 62 67 70 53 64 80 68 82 73 44 0 96 37 27 41 58 44 41 65 77 32 81 38 75 
53 95 94 77 65 93 69 84 56 98 76 51 65 39 31 93 55 46 64 86 59 65 78 39 64 76 42 52 54 84 70 55 70 35 75 83 81 69 51 70 73 73 23 53 86 75 65 91 75 48 77 59 81 44 80 63 45 72 58 55 43 27 29 15 27 52 96 0 77 89 59 72 63 68 32 36 64 15 59 32 
41 26 35 11 65 40 44 16 66 39 5 66 39 39 64 27 25 52 23 32 25 12 2 38 20 66 41 60 23 27 35 63 46 59 14 6 9 74 28 76 31 23 61 39 49 37 20 16 11 41 75 50 54 39 49 16 34 30 35 23 36 53 56 67 63 35 37 77 0 12 41 21 52 52 47 48 28 64 37 48 
53 15 26 13 68 33 45 10 71 29 16 72 50 51 71 17 34 58 34 27 37 24 13 50 26 67 53 66 35 22 36 68 47 65 25 10 9 77 40 79 30 34 70 45 44 48 26 4 22 47 76 54 52 47 47 27 46 41 46 35 48 65 64 77 71 41 27 89 12 0 46 32 55 53 57 60 32 74 42 60 
57 44 39 33 24 36 11 37 25 43 43 26 62 38 31 40 26 14 48 31 45 36 43 37 21 29 47 20 34 31 13 22 13 25 50 47 37 33 39 35 18 54 36 8 28 67 21 46 47 13 36 9 26 19 22 31 39 60 54 36 40 50 30 44 33 12 41 59 41 46 0 52 12 15 31 51 14 45 4 47 
24 47 56 31 76 61 59 37 75 60 16 73 18 34 65 48 28 58 8 53 13 17 19 34 32 80 31 69 21 48 51 72 61 61 7 22 30 85 22 87 48 2 60 47 67 16 34 36 10 46 88 61 72 42 67 21 28 9 17 19 29 45 56 65 64 42 58 72 21 32 52 0 64 66 46 38 42 60 48 40 
68 51 42 43 13 37 10 45 17 45 55 20 73 48 34 47 37 17 59 34 56 48 54 47 33 17 57 15 45 37 19 15 8 28 62 57 47 22 50 24 25 66 41 19 25 78 32 54 59 23 24 4 18 29 18 43 50 71 65 47 51 59 35 49 36 23 44 63 52 55 12 64 0 5 40 61 24 50 16 56 
72 49 40 42 15 34 8 43 21 43 56 24 76 52 39 45 40 22 62 32 59 50 54 51 35 14 61 19 48 35 17 19 6 33 63 57 45 24 54 26 23 68 46 23 20 81 33 52 60 27 23 9 13 33 13 45 54 74 68 50 55 64 40 54 41 27 41 68 52 53 15 66 5 0 45 65 25 55 18 61 
34 63 63 45 46 62 42 52 40 67 47 36 44 13 21 61 23 24 38 55 33 36 48 13 32 56 22 34 25 53 39 37 44 19 48 53 49 53 24 55 42 47 14 23 57 52 33 59 47 18 59 36 57 13 53 31 18 47 35 27 18 19 11 20 18 21 65 32 47 57 31 46 40 45 0 22 33 17 29 17 
17 71 75 52 68 77 62 60 62 79 46 58 29 13 41 70 31 46 30 69 25 36 49 14 42 78 7 56 26 65 58 59 64 41 42 53 54 75 20 77 58 38 31 43 77 39 44 64 43 38 81 57 77 32 73 35 15 36 22 25 13 9 32 31 38 40 77 36 48 60 51 38 61 65 22 0 49 26 49 5 
51 32 30 19 37 29 17 23 39 34 31 40 54 36 41 29 19 26 38 22 37 25 30 35 10 39 44 34 26 20 9 36 19 35 38 33 23 46 33 48 9 44 43 14 28 57 8 32 35 18 48 23 30 20 25 21 35 50 46 28 37 50 37 51 43 12 32 64 28 32 14 42 24 25 33 49 0 49 10 46 
42 80 79 62 54 78 55 69 45 83 63 40 54 26 20 78 40 33 52 71 47 52 65 26 49 65 31 41 41 69 55 44 56 24 63 70 66 58 38 59 58 61 10 38 72 64 50 76 62 33 66 46 68 29 66 48 32 61 47 42 31 18 15 5 16 37 81 15 64 74 45 60 50 55 17 26 49 0 44 21 
54 41 36 29 28 35 13 33 29 40 39 30 58 36 33 37 22 17 44 28 41 32 39 35 17 32 44 24 30 28 11 26 15 27 46 43 33 37 36 39 15 50 36 6 28 63 17 42 43 11 40 13 28 17 24 27 36 56 50 32 37 48 30 44 35 9 38 59 37 42 4 48 16 18 29 49 10 44 0 45 
21 70 73 51 63 75 58 59 57 77 46 53 33 10 36 69 29 41 32 67 27 36 49 11 40 73 10 51 25 63 54 54 60 36 44 53 53 70 20 72 55 41 26 39 73 43 42 63 45 34 76 52 73 28 69 34 14 40 26 25 12 5 27 26 33 36 75 32 48 60 47 40 56 61 17 5 46 21 45 0 
52
90
69
52
75
98
14
54
6
59
57
96
96
28
40
58
21
43
3
19
67
4
43
47
96
74
36
71
11
90
4
99
49
51
15
46
48
78
87
33
41
66
50
89
1
99
61
77
20
55
29
55
29
32
60
41
23
97
10
97
36
94
21
82
22
3
35
59
72
1
46
77
81
82
36
60
65
19
99
