65
0 76 117 74 112 131 63 99 46 124 102 107 68 85 71 81 66 117 86 102 82 69 106 73 71 135 115 113 61 125 102 150 77 96 91 90 135 32 102 110 91 114 115 90 68 102 56 107 98 109 20 74 67 97 101 85 114 110 80 101 69 92 123 70 35 
76 0 91 48 139 175 17 57 60 98 84 53 38 54 35 25 64 90 28 87 26 64 104 57 45 96 74 122 67 93 100 75 51 78 75 88 111 101 60 54 37 105 39 88 42 134 24 105 66 51 96 69 76 71 51 94 102 60 26 47 11 90 97 44 41 
117 91 0 55 137 195 74 63 105 99 82 132 83 65 80 70 71 133 84 90 71 65 107 64 46 115 96 120 121 100 101 136 52 76 80 91 130 102 66 99 82 115 122 89 49 145 81 108 77 102 137 80 87 72 49 92 115 58 71 92 80 97 104 47 95 
74 48 55 0 108 164 31 37 66 62 57 89 46 23 43 33 28 94 41 51 34 28 68 21 9 73 53 91 66 63 64 94 15 51 39 52 88 65 40 62 45 76 85 52 6 103 38 69 77 64 94 38 45 35 39 63 76 48 34 55 37 54 61 8 40 
112 139 137 108 0 225 127 133 84 130 98 131 106 85 109 114 84 138 137 147 115 104 109 91 105 135 141 17 76 131 106 142 111 92 109 120 150 141 136 136 124 117 106 94 102 121 123 137 159 134 132 70 63 103 88 45 144 97 113 134 128 110 157 104 102 
131 175 195 164 225 0 170 183 177 208 161 228 183 162 180 172 171 212 181 169 173 136 173 164 155 212 185 208 192 205 210 233 153 155 182 157 210 99 186 188 182 181 208 198 158 233 177 174 219 191 151 177 184 181 146 189 181 137 171 192 164 167 213 156 166 
63 17 74 31 127 170 0 52 55 81 76 58 33 42 30 20 47 85 23 70 21 47 87 40 28 92 72 110 54 82 83 92 34 70 58 71 107 84 55 49 32 95 56 71 25 122 7 88 49 46 83 57 64 54 46 82 95 55 21 42 6 73 80 27 28 
99 57 63 37 133 183 52 0 67 81 41 110 45 48 42 32 53 115 63 72 31 47 77 46 28 98 78 116 103 82 83 90 34 47 62 73 113 84 3 61 44 69 96 71 31 128 59 90 101 64 119 63 70 54 58 88 97 65 33 54 46 79 86 29 77 
46 60 105 66 84 177 55 67 0 91 56 92 22 43 25 35 82 96 66 103 36 78 67 75 59 93 107 67 70 83 56 110 65 50 72 83 108 78 70 64 45 75 75 44 60 79 62 100 104 67 66 28 21 64 59 39 86 68 34 55 49 87 115 60 81 
124 98 99 62 130 208 81 81 91 0 97 127 88 48 85 77 60 140 91 97 78 72 95 53 53 98 103 113 119 55 108 106 59 91 35 85 113 109 84 99 87 103 70 96 56 128 88 86 127 96 144 63 70 27 64 88 109 73 76 97 87 75 111 54 102 
102 84 82 57 98 161 76 41 56 97 0 106 70 49 67 59 73 108 86 92 60 59 81 66 48 99 98 81 84 98 103 120 42 6 78 93 114 96 44 38 69 86 89 91 51 93 83 110 122 41 122 42 35 70 33 53 117 24 58 79 73 99 106 49 97 
107 53 132 89 131 228 58 110 92 127 106 0 91 79 88 78 105 143 56 128 79 105 117 98 86 129 127 114 98 128 141 128 92 100 108 129 135 139 113 107 90 125 92 129 83 129 51 146 93 104 127 64 71 100 95 86 153 104 79 100 64 131 138 85 72 
68 38 83 46 106 183 33 45 22 88 70 91 0 40 3 13 62 106 44 81 14 56 89 55 37 87 87 89 87 61 78 108 43 64 69 82 102 93 48 42 23 93 77 66 40 101 40 92 82 45 88 50 43 61 37 61 64 46 12 33 27 88 95 38 61 
85 54 65 23 85 162 42 48 43 48 49 79 40 0 37 29 39 97 52 62 30 39 68 32 20 50 64 68 71 49 75 71 26 43 29 63 65 76 51 58 39 76 62 63 17 80 49 80 88 61 105 15 22 21 16 40 87 25 28 49 43 65 72 19 63 
71 35 80 43 109 180 30 42 25 85 67 88 3 37 0 10 59 103 41 78 11 53 92 52 34 87 84 92 84 58 81 108 40 61 66 79 102 90 45 39 20 90 74 69 37 104 37 89 79 42 91 52 46 58 34 64 67 43 9 30 24 85 92 35 58 
81 25 70 33 114 172 20 32 35 77 59 78 13 29 10 0 49 93 31 68 1 43 85 42 24 79 74 97 74 68 79 100 30 53 58 69 94 80 35 29 12 80 64 67 27 109 27 86 69 32 101 44 51 50 26 69 77 35 1 22 14 75 82 25 48 
66 64 71 28 84 171 47 53 82 60 73 105 62 39 59 49 0 110 57 67 50 44 46 7 25 84 64 67 94 61 80 105 31 67 25 36 69 72 56 53 61 54 99 68 22 119 54 53 75 50 86 54 61 33 55 79 60 64 50 71 53 26 77 24 68 
117 90 133 94 138 212 85 115 96 140 108 143 106 97 103 93 110 0 96 43 94 106 121 103 87 58 135 121 124 112 121 79 93 104 121 126 73 113 118 122 105 129 115 109 88 133 92 143 134 119 137 82 75 113 113 93 150 122 94 115 79 116 143 86 113 
86 28 84 41 137 181 23 63 66 91 86 56 44 52 41 31 57 96 0 80 32 57 97 50 38 102 82 120 77 92 93 103 44 80 68 81 117 94 66 60 43 105 67 81 35 132 30 98 72 57 106 67 74 64 57 92 105 66 32 53 17 83 90 37 51 
102 87 90 51 147 169 70 72 103 97 92 128 81 62 78 68 67 43 80 0 69 63 103 60 44 101 92 130 117 69 99 122 50 86 78 87 116 70 75 86 80 111 120 87 45 142 77 100 116 83 122 77 84 70 78 102 111 87 69 90 76 93 100 43 91 
82 26 71 34 115 173 21 31 36 78 60 79 14 30 11 1 50 94 32 69 0 44 86 43 25 80 75 98 75 69 80 101 31 54 59 70 95 81 34 30 13 79 65 68 28 110 28 87 70 33 102 45 52 51 27 70 78 36 2 23 15 76 83 26 49 
69 64 65 28 104 136 47 47 78 72 59 105 56 39 53 43 44 106 57 63 44 0 80 37 19 89 69 87 90 73 74 110 17 53 53 64 104 37 50 72 55 88 87 62 22 114 54 81 93 75 89 54 61 45 55 59 88 64 44 65 53 70 77 20 68 
106 104 107 68 109 173 87 77 67 95 81 117 89 68 92 85 46 121 97 103 86 80 0 53 61 78 44 92 81 64 116 99 67 75 71 16 63 74 80 99 97 8 79 104 62 104 94 33 121 96 126 53 46 68 79 64 40 70 86 83 93 20 117 60 107 
73 57 64 21 91 164 40 46 75 53 66 98 55 32 52 42 7 103 50 60 43 37 53 0 18 82 62 74 87 54 73 103 24 60 18 43 76 65 49 46 54 61 94 61 15 112 47 60 82 43 93 47 54 26 48 72 67 57 43 64 46 33 70 17 61 
71 45 46 9 105 155 28 28 59 53 48 86 37 20 34 24 25 87 38 44 25 19 61 18 0 70 50 88 75 54 55 91 6 42 34 45 85 56 31 53 36 69 76 43 3 100 35 62 74 56 91 35 42 26 36 60 69 45 25 46 34 51 58 1 49 
135 96 115 73 135 212 92 98 93 98 99 129 87 50 87 79 84 58 102 101 80 89 78 82 70 0 92 118 110 99 63 21 76 93 79 68 15 126 101 108 89 86 57 51 67 130 99 85 138 111 155 65 72 71 66 90 92 75 78 99 93 58 122 69 113 
115 74 96 53 141 185 72 78 107 103 98 127 87 64 84 74 64 135 82 92 75 69 44 62 50 92 0 124 93 76 105 71 56 92 80 28 81 86 81 103 86 52 35 93 47 144 79 45 118 105 135 79 86 76 80 104 52 89 75 95 78 38 102 49 93 
113 122 120 91 17 208 110 116 67 113 81 114 89 68 92 97 67 121 120 130 98 87 92 74 88 118 124 0 59 114 89 125 94 75 92 103 133 124 119 119 107 100 89 77 85 104 106 120 142 117 133 53 46 86 71 28 127 80 96 117 111 93 140 87 85 
61 67 121 66 76 192 54 103 70 119 84 98 87 71 84 74 94 124 77 117 75 90 81 87 75 110 93 59 0 113 92 89 81 78 100 65 118 93 106 103 86 89 103 80 72 107 47 82 89 100 81 56 49 92 74 31 89 83 75 96 60 75 127 74 26 
125 93 100 63 131 205 82 82 83 55 98 128 61 49 58 68 61 112 92 69 69 73 64 54 54 99 76 114 113 0 77 120 60 92 36 48 101 106 85 97 78 63 111 89 57 129 89 31 128 97 145 64 71 28 65 89 72 74 67 88 82 58 112 55 103 
102 100 101 64 106 210 83 83 56 108 103 141 78 75 81 79 80 121 93 99 80 74 116 73 55 63 105 89 92 77 0 84 61 97 89 100 78 111 86 108 91 115 120 12 58 135 90 108 99 111 122 84 77 81 91 61 76 100 80 101 89 106 113 56 104 
150 75 136 94 142 233 92 90 110 106 120 128 108 71 108 100 105 79 103 122 101 110 99 103 91 21 71 125 89 120 84 0 97 114 100 89 36 147 87 129 110 107 36 72 88 148 99 106 141 126 170 83 90 92 87 108 113 96 99 120 86 79 143 90 115 
77 51 52 15 111 153 34 34 65 59 42 92 43 26 40 30 31 93 44 50 31 17 67 24 6 76 56 94 81 60 61 97 0 36 40 51 91 54 37 59 42 75 70 49 9 106 41 68 80 62 97 41 48 32 42 66 75 51 31 52 40 57 64 7 55 
96 78 76 51 92 155 70 47 50 91 6 100 64 43 61 53 67 104 80 86 54 53 75 60 42 93 92 75 78 92 97 114 36 0 72 87 108 90 50 44 63 80 83 85 45 87 77 104 116 47 116 36 29 64 27 47 111 18 52 73 67 93 100 43 91 
91 75 80 39 109 182 58 62 72 35 78 108 69 29 66 58 25 121 68 78 59 53 71 18 34 79 80 92 100 36 89 100 40 72 0 61 94 83 65 64 68 79 91 77 33 109 64 67 100 61 111 44 51 8 45 69 85 54 57 78 64 51 88 35 79 
90 88 91 52 120 157 71 73 83 85 93 129 82 63 79 69 36 126 81 87 70 64 16 43 45 68 28 103 65 48 100 89 51 87 61 0 53 58 76 89 81 24 63 88 46 120 78 17 111 86 110 69 62 58 79 80 24 86 70 67 77 10 101 44 91 
135 111 130 88 150 210 107 113 108 113 114 135 102 65 102 94 69 73 117 116 95 104 63 76 85 15 81 133 118 101 78 36 91 108 94 53 0 111 116 122 104 71 72 66 82 145 114 70 124 119 155 80 87 86 81 105 77 90 93 114 108 43 137 84 128 
32 101 102 65 141 99 84 84 78 109 96 139 93 76 90 80 72 113 94 70 81 37 74 65 56 126 86 124 93 106 111 147 54 90 83 58 111 0 87 89 92 82 121 99 59 134 88 75 130 92 52 91 98 82 92 96 82 101 81 102 90 68 114 57 67 
102 60 66 40 136 186 55 3 70 84 44 113 48 51 45 35 56 118 66 75 34 50 80 49 31 101 81 119 106 85 86 87 37 50 65 76 116 87 0 64 47 72 99 74 34 131 62 93 104 67 122 66 73 57 61 91 100 68 36 57 49 82 89 32 80 
110 54 99 62 136 188 49 61 64 99 38 107 42 58 39 29 53 122 60 86 30 72 99 46 53 108 103 119 103 97 108 129 59 44 64 89 122 89 64 0 41 107 93 96 56 131 56 106 98 3 130 73 73 72 55 91 106 62 30 51 43 79 111 54 77 
91 37 82 45 124 182 32 44 45 87 69 90 23 39 20 12 61 105 43 80 13 55 97 54 36 89 86 107 86 78 91 110 42 63 68 81 104 92 47 41 0 92 76 79 39 119 39 98 81 44 111 54 61 60 36 79 87 45 11 32 26 87 94 37 60 
114 105 115 76 117 181 95 69 75 103 86 125 93 76 90 80 54 129 105 111 79 88 8 61 69 86 52 100 89 63 115 107 75 80 79 24 71 82 72 107 92 0 87 103 70 112 102 41 129 104 134 61 54 76 71 72 48 62 81 91 94 28 125 68 115 
115 39 122 85 106 208 56 96 75 70 89 92 77 62 74 64 99 115 67 120 65 87 79 94 76 57 35 89 103 111 120 36 70 83 91 63 72 121 99 93 76 87 0 108 79 112 63 80 105 90 135 47 54 83 78 72 87 71 65 86 50 73 134 77 80 
90 88 89 52 94 198 71 71 44 96 91 129 66 63 69 67 68 109 81 87 68 62 104 61 43 51 93 77 80 89 12 72 49 85 77 88 66 99 74 96 79 103 108 0 46 123 78 105 111 99 110 72 65 69 79 49 88 88 68 89 77 94 101 44 92 
68 42 49 6 102 158 25 31 60 56 51 83 40 17 37 27 22 88 35 45 28 22 62 15 3 67 47 85 72 57 58 88 9 45 33 46 82 59 34 56 39 70 79 46 0 97 32 63 71 58 88 32 39 29 33 57 70 42 28 49 31 48 55 2 46 
102 134 145 103 121 233 122 128 79 128 93 129 101 80 104 109 119 133 132 142 110 114 104 112 100 130 144 104 107 129 135 148 106 87 109 120 145 134 131 131 119 112 112 123 97 0 129 137 168 134 82 65 58 101 96 76 144 105 108 129 123 124 152 99 133 
56 24 81 38 123 177 7 59 62 88 83 51 40 49 37 27 54 92 30 77 28 54 94 47 35 99 79 106 47 89 90 99 41 77 64 78 114 88 62 56 39 102 63 78 32 129 0 95 42 53 76 64 71 61 53 78 102 62 28 49 13 80 87 34 21 
107 105 108 69 137 174 88 90 100 86 110 146 92 80 89 86 53 143 98 100 87 81 33 60 62 85 45 120 82 31 108 106 68 104 67 17 70 75 93 106 98 41 80 105 63 137 95 0 128 103 127 86 79 59 96 97 41 103 87 84 94 27 118 61 108 
98 66 77 77 159 219 49 101 104 127 122 93 82 88 79 69 75 134 72 116 70 93 121 82 74 138 118 142 89 128 99 141 80 116 100 111 124 130 104 98 81 129 105 111 71 168 42 128 0 95 118 103 110 100 95 120 135 104 70 91 55 101 126 73 63 
109 51 102 64 134 191 46 64 67 96 41 104 45 61 42 32 50 119 57 83 33 75 96 43 56 111 105 117 100 97 111 126 62 47 61 86 119 92 67 3 44 104 90 99 58 134 53 103 95 0 129 76 76 69 58 94 109 65 33 54 40 76 113 57 74 
20 96 137 94 132 151 83 119 66 144 122 127 88 105 91 101 86 137 106 122 102 89 126 93 91 155 135 133 81 145 122 170 97 116 111 110 155 52 122 130 111 134 135 110 88 82 76 127 118 129 0 94 87 117 121 105 134 128 100 121 89 112 143 90 55 
74 69 80 38 70 177 57 63 28 63 42 64 50 15 52 44 54 82 67 77 45 54 53 47 35 65 79 53 56 64 84 83 41 36 44 69 80 91 66 73 54 61 47 72 32 65 64 86 103 76 94 0 7 36 31 25 93 40 43 64 58 73 87 34 78 
67 76 87 45 63 184 64 70 21 70 35 71 43 22 46 51 61 75 74 84 52 61 46 54 42 72 86 46 49 71 77 90 48 29 51 62 87 98 73 73 61 54 54 65 39 58 71 79 110 76 87 7 0 43 38 18 86 47 50 71 65 66 94 41 75 
97 71 72 35 103 181 54 54 64 27 70 100 61 21 58 50 33 113 64 70 51 45 68 26 26 71 76 86 92 28 81 92 32 64 8 58 86 82 57 72 60 76 83 69 29 101 61 59 100 69 117 36 43 0 37 61 82 46 49 70 60 48 84 27 75 
101 51 49 39 88 146 46 58 59 64 33 95 37 16 34 26 55 113 57 78 27 55 79 48 36 66 80 71 74 65 91 87 42 27 45 79 81 92 61 55 36 71 78 79 33 96 53 96 95 58 121 31 38 37 0 43 101 9 25 46 40 81 88 35 74 
85 94 92 63 45 189 82 88 39 88 53 86 61 40 64 69 79 93 92 102 70 59 64 72 60 90 104 28 31 89 61 108 66 47 69 80 105 96 91 91 79 72 72 49 57 76 78 97 120 94 105 25 18 61 43 0 104 52 68 89 83 84 112 59 57 
114 102 115 76 144 181 95 97 86 109 117 153 64 87 67 77 60 150 105 111 78 88 40 67 69 92 52 127 89 72 76 113 75 111 85 24 77 82 100 106 87 48 87 88 70 144 102 41 135 109 134 93 86 82 101 104 0 110 76 91 91 34 125 68 115 
110 60 58 48 97 137 55 65 68 73 24 104 46 25 43 35 64 122 66 87 36 64 70 57 45 75 89 80 83 74 100 96 51 18 54 86 90 101 68 62 45 62 71 88 42 105 62 103 104 65 128 40 47 46 9 52 110 0 34 55 49 82 97 44 83 
80 26 71 34 113 171 21 33 34 76 58 79 12 28 9 1 50 94 32 69 2 44 86 43 25 78 75 96 75 67 80 99 31 52 57 70 93 81 36 30 11 81 65 68 28 108 28 87 70 33 100 43 50 49 25 68 76 34 0 21 15 76 83 26 49 
101 47 92 55 134 192 42 54 55 97 79 100 33 49 30 22 71 115 53 90 23 65 83 64 46 99 95 117 96 88 101 120 52 73 78 67 114 102 57 51 32 91 86 89 49 129 49 84 91 54 121 64 71 70 46 89 91 55 21 0 36 77 65 47 70 
69 11 80 37 128 164 6 46 49 87 73 64 27 43 24 14 53 79 17 76 15 53 93 46 34 93 78 111 60 82 89 86 40 67 64 77 108 90 49 43 26 94 50 77 31 123 13 94 55 40 89 58 65 60 40 83 91 49 15 36 0 79 86 33 34 
92 90 97 54 110 167 73 79 87 75 99 131 88 65 85 75 26 116 83 93 76 70 20 33 51 58 38 93 75 58 106 79 57 93 51 10 43 68 82 79 87 28 73 94 48 124 80 27 101 76 112 73 66 48 81 84 34 82 76 77 79 0 103 50 94 
123 97 104 61 157 213 80 86 115 111 106 138 95 72 92 82 77 143 90 100 83 77 117 70 58 122 102 140 127 112 113 143 64 100 88 101 137 114 89 111 94 125 134 101 55 152 87 118 126 113 143 87 94 84 88 112 125 97 83 65 86 103 0 57 101 
70 44 47 8 104 156 27 29 60 54 49 85 38 19 35 25 24 86 37 43 26 20 60 17 1 69 49 87 74 55 56 90 7 43 35 44 84 57 32 54 37 68 77 44 2 99 34 61 73 57 90 34 41 27 35 59 68 44 26 47 33 50 57 0 48 
35 41 95 40 102 166 28 77 81 102 97 72 61 63 58 48 68 113 51 91 49 68 107 61 49 113 93 85 26 103 104 115 55 91 79 91 128 67 80 77 60 115 80 92 46 133 21 108 63 74 55 78 75 75 74 57 115 83 49 70 34 94 101 48 0 
41
73
77
99
4
100
41
53
54
72
40
17
45
67
53
20
70
30
83
30
2
61
59
80
55
87
91
51
9
57
41
15
24
92
48
79
14
48
50
41
43
78
3
67
78
21
87
57
98
7
76
87
68
84
82
51
76
11
98
78
61
32
94
50
