65
0 55 78 50 37 81 47 82 56 68 51 15 7 47 65 74 8 27 57 81 16 66 61 5 18 51 91 10 40 82 55 82 58 20 55 61 78 88 81 21 43 63 57 51 52 78 76 45 33 24 18 110 96 78 65 37 71 62 79 91 57 37 50 43 13 
55 0 92 47 60 98 70 105 101 45 74 60 52 38 79 80 53 72 60 78 61 98 61 50 63 71 102 49 15 85 52 99 45 39 87 97 108 96 124 44 98 83 2 91 75 110 63 48 78 69 41 62 93 23 89 48 101 77 108 87 80 75 95 88 58 
78 92 0 81 81 69 86 49 42 86 54 63 71 72 13 107 70 91 76 106 80 32 44 73 82 54 82 74 107 86 86 115 83 84 23 33 115 84 112 84 69 66 90 63 66 44 93 62 72 88 82 89 121 69 98 82 81 97 57 64 61 101 68 71 81 
50 47 81 0 51 98 45 96 89 43 65 51 43 9 68 78 44 48 35 31 52 79 39 45 54 49 55 40 62 60 5 70 20 30 58 68 83 59 87 35 93 61 45 76 66 91 88 19 67 54 32 72 46 52 69 19 79 76 86 89 71 41 71 78 53 
37 60 81 51 0 101 42 73 70 69 46 38 30 60 68 85 31 50 52 78 39 80 84 32 41 74 54 27 47 77 56 93 60 21 58 48 100 88 104 16 53 86 62 31 15 78 39 68 56 47 19 96 88 83 76 60 57 25 89 73 20 57 36 39 40 
81 98 69 98 101 0 85 30 47 113 97 82 74 101 56 62 75 94 75 67 83 37 113 76 63 118 83 77 83 100 103 70 90 81 66 58 123 39 67 86 74 117 100 88 86 25 116 105 100 67 83 114 82 112 53 104 114 102 12 89 81 80 93 96 84 
47 70 86 45 42 85 0 71 64 70 56 48 40 36 73 82 41 60 10 74 49 54 77 42 51 84 84 37 57 35 50 90 25 31 71 61 58 46 74 26 63 89 72 31 57 66 81 46 66 57 29 86 89 57 73 46 47 67 73 92 62 67 26 33 50 
82 105 49 96 73 30 71 0 27 109 77 83 75 87 36 61 76 95 61 73 67 17 93 77 86 103 63 72 92 86 101 69 76 66 46 56 109 45 73 61 54 115 107 86 82 5 96 85 101 73 64 112 88 92 52 97 104 82 18 87 77 80 91 94 85 
56 101 42 89 70 47 64 27 0 102 70 57 49 80 29 85 50 69 54 90 40 10 86 51 60 93 80 52 86 79 94 93 69 62 39 49 102 62 90 63 27 105 103 69 55 22 69 78 75 66 60 105 105 85 76 79 85 55 35 80 50 70 64 71 59 
68 45 86 43 69 113 70 109 102 0 83 69 61 34 73 121 62 53 60 74 62 92 82 63 72 92 98 58 30 85 48 95 45 48 63 73 108 96 124 53 111 104 47 100 84 104 69 24 87 78 50 97 89 68 112 44 117 83 117 104 89 84 96 101 71 
51 74 54 65 46 97 56 77 70 83 0 52 44 74 41 89 45 64 66 96 53 60 98 46 55 88 96 41 61 91 70 97 81 35 31 41 114 101 118 30 94 100 76 71 61 72 85 70 70 61 33 97 111 97 80 74 89 71 85 72 66 52 76 79 54 
15 60 63 51 38 82 48 83 57 69 52 0 8 48 50 75 7 28 58 82 17 67 60 10 19 50 92 11 45 83 56 83 59 21 40 50 83 89 82 22 58 62 62 56 53 79 77 46 32 25 19 106 97 83 66 38 76 63 80 81 58 38 55 48 18 
7 52 71 43 30 74 40 75 49 61 44 8 0 40 58 67 1 20 50 74 9 59 54 2 11 44 84 3 37 75 48 75 51 13 48 54 75 81 74 14 50 56 54 48 45 71 69 38 26 17 11 103 89 75 58 30 68 55 72 84 50 30 47 40 10 
47 38 72 9 60 101 36 87 80 34 74 48 40 0 59 87 41 39 26 40 48 70 48 42 51 58 64 43 53 51 14 61 11 39 49 59 74 62 90 44 90 70 36 67 75 82 82 10 66 57 41 63 55 57 78 10 83 85 89 88 80 50 62 69 50 
65 79 13 68 68 56 73 36 29 73 41 50 58 59 0 94 57 78 63 93 67 19 57 60 69 67 69 61 94 88 73 102 70 71 10 20 102 71 99 71 56 79 77 50 53 31 98 49 82 75 69 76 108 56 85 69 68 84 44 51 48 88 55 58 68 
74 80 107 78 85 62 82 61 85 121 89 75 67 87 94 0 68 87 91 87 67 75 113 69 78 111 63 70 95 71 83 26 98 73 94 84 139 77 105 69 88 123 78 54 72 63 74 97 93 50 72 116 102 99 9 97 77 60 50 115 77 37 56 62 77 
8 53 70 44 31 75 41 76 50 62 45 7 1 41 57 68 0 21 51 75 10 60 53 3 12 43 85 4 38 76 49 76 52 14 47 55 76 82 75 15 51 55 55 49 46 72 70 39 25 18 12 104 90 76 59 31 69 56 73 83 51 31 48 41 11 
27 72 91 48 50 94 60 95 69 53 64 28 20 39 78 87 21 0 65 79 29 79 74 22 31 64 103 23 57 90 53 95 50 33 68 74 95 61 89 34 70 76 74 68 65 91 89 29 46 37 31 102 94 95 78 49 88 75 88 104 70 50 67 60 23 
57 60 76 35 52 75 10 61 54 60 66 58 50 26 63 91 51 65 0 64 59 44 67 52 43 77 88 47 67 25 40 87 15 41 73 71 48 36 64 36 73 89 62 41 67 56 91 36 76 67 39 89 79 67 82 36 57 77 63 102 72 76 36 43 60 
81 78 106 31 78 67 74 73 90 74 96 82 74 40 93 87 75 79 64 0 83 80 70 76 85 80 24 71 93 89 36 95 51 61 89 96 112 28 56 66 106 92 76 83 63 68 64 50 98 85 63 103 15 83 78 50 103 78 55 120 68 72 82 75 84 
16 61 80 52 39 83 49 67 40 62 53 17 9 48 67 67 10 29 59 83 0 50 63 11 20 53 93 12 46 84 57 75 59 22 57 63 84 90 83 23 59 65 63 57 54 62 78 38 35 26 20 111 98 84 58 39 77 64 75 93 59 30 56 49 19 
66 98 32 79 80 37 54 17 10 92 60 67 59 70 19 75 60 79 44 80 50 0 76 61 70 86 70 62 96 69 84 83 59 72 29 39 92 52 80 73 37 98 96 69 65 12 79 68 85 76 70 95 95 75 66 80 87 65 25 70 60 80 74 77 69 
61 61 44 39 84 113 77 93 86 82 98 60 54 48 57 113 53 74 67 70 63 76 0 56 65 10 89 57 76 42 44 109 59 67 67 77 97 98 117 68 91 22 63 66 99 88 49 58 28 71 65 74 85 84 104 58 40 63 101 50 94 80 61 68 64 
5 50 73 45 32 76 42 77 51 63 46 10 2 42 60 69 3 22 52 76 11 61 56 0 13 46 86 5 35 77 50 77 53 15 50 56 73 83 76 16 48 58 52 46 47 73 71 40 28 19 13 105 91 73 60 32 66 57 74 86 52 32 45 38 8 
18 63 82 54 41 63 51 86 60 72 55 19 11 51 69 78 12 31 43 85 20 70 65 13 0 55 95 14 48 68 59 86 58 24 59 65 86 79 85 25 61 67 65 59 56 82 80 49 37 28 22 114 100 86 69 41 79 66 75 95 61 41 58 51 21 
51 71 54 49 74 118 84 103 93 92 88 50 44 58 67 111 43 64 77 80 53 86 10 46 55 0 79 47 81 52 54 119 69 57 77 71 87 108 107 58 81 12 73 76 89 98 39 68 18 61 55 65 95 94 102 68 50 53 111 40 84 74 71 78 54 
91 102 82 55 54 83 84 63 80 98 96 92 84 64 69 63 85 103 88 24 93 70 89 86 95 79 0 81 101 113 60 71 75 75 65 72 136 52 80 70 82 87 100 59 39 58 40 74 97 95 73 118 39 107 54 74 79 54 71 97 44 82 58 51 94 
10 49 74 40 27 77 37 72 52 58 41 11 3 43 61 70 4 23 47 71 12 62 57 5 14 47 81 0 40 72 45 78 54 10 51 51 78 83 77 11 53 59 51 51 42 74 66 41 29 20 8 106 86 72 61 33 71 52 75 82 47 33 50 43 13 
40 15 107 62 47 83 57 92 86 30 61 45 37 53 94 95 38 57 67 93 46 96 76 35 48 81 101 40 0 92 67 112 60 36 85 91 108 103 111 31 83 93 17 78 62 97 78 54 63 54 34 77 108 38 95 63 101 72 95 102 67 67 80 73 43 
82 85 86 60 77 100 35 86 79 85 91 83 75 51 88 71 76 90 25 89 84 69 42 77 68 52 113 72 92 0 65 79 40 66 98 96 73 61 75 61 98 64 87 66 92 81 91 61 70 92 64 114 104 92 62 61 82 102 88 92 97 90 61 68 85 
55 52 86 5 56 103 50 101 94 48 70 56 48 14 73 83 49 53 40 36 57 84 44 50 59 54 60 45 67 65 0 75 25 35 63 73 88 64 92 40 98 66 50 81 71 96 93 24 72 59 37 77 51 47 74 24 84 81 91 94 76 46 76 83 58 
82 99 115 70 93 70 90 69 93 95 97 83 75 61 102 26 76 95 87 95 75 83 109 77 86 119 71 78 112 79 75 0 72 81 102 92 122 85 113 86 96 131 97 62 80 71 82 71 101 58 83 124 110 118 17 71 85 68 58 123 85 45 64 59 85 
58 45 83 20 60 90 25 76 69 45 81 59 51 11 70 98 52 50 15 51 59 59 59 53 58 69 75 54 60 40 25 72 0 50 60 70 63 51 79 51 88 81 47 56 75 71 93 21 77 68 52 74 66 68 89 21 72 85 78 99 80 61 51 58 61 
20 39 84 30 21 81 31 66 62 48 35 21 13 39 71 73 14 33 41 61 22 72 67 15 24 57 75 10 36 66 35 81 50 0 61 61 88 77 87 5 63 69 41 52 36 71 60 49 39 30 2 101 76 62 64 43 78 46 69 92 41 36 57 53 23 
55 87 23 58 58 66 71 46 39 63 31 40 48 49 10 94 47 68 73 89 57 29 67 50 59 77 65 51 85 98 63 102 60 61 0 10 112 70 98 61 66 69 85 40 43 41 97 39 72 65 59 66 104 66 85 59 58 83 54 41 38 78 45 48 58 
61 97 33 68 48 58 61 56 49 73 41 50 54 59 20 84 55 74 71 96 63 39 77 56 65 71 72 51 91 96 73 92 70 61 10 0 118 80 108 62 72 59 95 30 33 51 87 49 80 71 59 56 106 76 75 69 56 73 64 31 28 69 35 38 64 
78 108 115 83 100 123 58 109 102 108 114 83 75 74 102 139 76 95 48 112 84 92 97 73 86 87 136 78 108 73 88 122 63 88 112 118 0 84 112 84 120 99 110 88 115 104 126 84 69 92 86 137 127 115 130 84 62 125 111 127 120 105 83 90 81 
88 96 84 59 88 39 46 45 62 96 101 89 81 62 71 77 82 61 36 28 90 52 98 83 79 108 52 83 103 61 64 85 51 77 70 80 84 0 28 72 89 120 98 77 91 40 92 72 107 82 75 125 43 103 68 72 93 106 27 111 96 95 72 79 84 
81 124 112 87 104 67 74 73 90 124 118 82 74 90 99 105 75 89 64 56 83 80 117 76 85 107 80 77 111 75 92 113 79 87 98 108 112 28 0 88 110 119 126 105 119 68 68 100 100 57 85 153 71 131 96 100 121 82 55 139 124 70 100 107 73 
21 44 84 35 16 86 26 61 63 53 30 22 14 44 71 69 15 34 36 66 23 73 68 16 25 58 70 11 31 61 40 86 51 5 61 62 84 72 88 0 64 70 46 47 31 66 55 52 40 31 3 106 81 67 69 44 73 41 74 89 36 41 52 54 24 
43 98 69 93 53 74 63 54 27 111 94 58 50 90 56 88 51 70 73 106 59 37 91 48 61 81 82 53 83 98 98 96 88 63 66 72 120 89 110 64 0 93 100 42 68 49 42 88 76 67 61 97 121 112 79 80 58 28 62 103 73 80 37 44 56 
63 83 66 61 86 117 89 115 105 104 100 62 56 70 79 123 55 76 89 92 65 98 22 58 67 12 87 59 93 64 66 131 81 69 69 59 99 120 119 70 93 0 85 88 77 110 51 80 30 73 67 53 107 106 114 80 62 65 123 28 72 86 83 90 66 
57 2 90 45 62 100 72 107 103 47 76 62 54 36 77 78 55 74 62 76 63 96 63 52 65 73 100 51 17 87 50 97 47 41 85 95 110 98 126 46 100 85 0 93 77 108 61 46 80 71 43 64 91 21 87 46 103 75 110 89 82 77 97 90 60 
51 91 63 76 31 88 31 86 69 100 71 56 48 67 50 54 49 68 41 83 57 69 66 46 59 76 59 51 78 66 81 62 56 52 40 30 88 77 105 47 42 88 93 0 46 81 70 77 74 64 50 65 98 88 45 77 26 56 86 61 51 51 5 8 54 
52 75 66 66 15 86 57 82 55 84 61 53 45 75 53 72 46 65 67 63 54 65 99 47 56 89 39 42 62 92 71 80 75 36 43 33 115 91 119 31 68 77 77 46 0 77 54 82 71 62 34 83 73 98 63 75 72 40 74 58 5 72 51 54 55 
78 110 44 91 78 25 66 5 22 104 72 79 71 82 31 63 72 91 56 68 62 12 88 73 82 98 58 74 97 81 96 71 71 71 41 51 104 40 68 66 49 110 108 81 77 0 91 80 97 68 69 107 83 87 54 92 99 77 13 82 72 81 86 89 81 
76 63 93 88 39 116 81 96 69 69 85 77 69 82 98 74 70 89 91 64 78 79 49 71 80 39 40 66 78 91 93 82 93 60 97 87 126 92 68 55 42 51 61 70 54 91 0 92 57 86 58 104 79 82 65 72 89 14 104 79 59 93 75 78 79 
45 48 62 19 68 105 46 85 78 24 70 46 38 10 49 97 39 29 36 50 38 68 58 40 49 68 74 41 54 61 24 71 21 49 39 49 84 72 100 52 88 80 46 77 82 80 92 0 64 55 49 73 65 67 88 20 93 93 93 80 77 60 72 78 48 
33 78 72 67 56 100 66 101 75 87 70 32 26 66 82 93 25 46 76 98 35 85 28 28 37 18 97 29 63 70 72 101 77 39 72 80 69 107 100 40 76 30 80 74 71 97 57 64 0 43 37 83 113 101 84 56 68 71 98 58 76 56 73 66 36 
24 69 88 54 47 67 57 73 66 78 61 25 17 57 75 50 18 37 67 85 26 76 71 19 28 61 95 20 54 92 59 58 68 30 65 71 92 82 57 31 67 73 71 64 62 68 86 55 43 0 28 119 100 92 41 47 80 72 55 101 67 13 59 57 27 
18 41 82 32 19 83 29 64 60 50 33 19 11 41 69 72 12 31 39 63 20 70 65 13 22 55 73 8 34 64 37 83 52 2 59 59 86 75 85 3 61 67 43 50 34 69 58 49 37 28 0 103 78 64 66 41 76 44 71 90 39 38 55 51 21 
110 62 89 72 96 114 86 112 105 97 97 106 103 63 76 116 104 102 89 103 111 95 74 105 114 65 118 106 77 114 77 124 74 101 66 56 137 125 153 106 97 53 64 65 83 107 104 73 83 119 103 0 118 85 107 73 81 118 120 25 78 106 60 67 113 
96 93 121 46 88 82 89 88 105 89 111 97 89 55 108 102 90 94 79 15 98 95 85 91 100 95 39 86 108 104 51 110 66 76 104 106 127 43 71 81 121 107 91 98 73 83 79 65 113 100 78 118 0 98 93 65 118 93 70 108 78 87 97 90 99 
78 23 69 52 83 112 57 92 85 68 97 83 75 57 56 99 76 95 67 83 84 75 84 73 86 94 107 72 38 92 47 118 68 62 66 76 115 103 131 67 112 106 21 88 98 87 82 67 101 92 64 85 98 0 108 67 104 96 100 107 103 93 83 90 81 
65 89 98 69 76 53 73 52 76 112 80 66 58 78 85 9 59 78 82 78 58 66 104 60 69 102 54 61 95 62 74 17 89 64 85 75 130 68 96 69 79 114 87 45 63 54 65 88 84 41 66 107 93 108 0 88 68 51 41 106 68 28 47 53 68 
37 48 82 19 60 104 46 97 79 44 74 38 30 10 69 97 31 49 36 50 39 80 58 32 41 68 74 33 63 61 24 71 21 43 59 69 84 72 100 44 80 80 46 77 75 92 72 20 56 47 41 73 65 67 88 0 93 85 99 98 80 60 72 70 40 
71 101 81 79 57 114 47 104 85 117 89 76 68 83 68 77 69 88 57 103 77 87 40 66 79 50 79 71 101 82 84 85 72 78 58 56 62 93 121 73 58 62 103 26 72 99 89 93 68 80 76 81 118 104 68 93 0 82 109 87 77 67 21 28 74 
62 77 97 76 25 102 67 82 55 83 71 63 55 85 84 60 56 75 77 78 64 65 63 57 66 53 54 52 72 102 81 68 85 46 83 73 125 106 82 41 28 65 75 56 40 77 14 93 71 72 44 118 93 96 51 85 82 0 90 93 45 79 61 64 65 
79 108 57 86 89 12 73 18 35 117 85 80 72 89 44 50 73 88 63 55 75 25 101 74 75 111 71 75 95 88 91 58 78 69 54 64 111 27 55 74 62 123 110 86 74 13 104 93 98 55 71 120 70 100 41 99 109 90 0 95 69 68 88 94 82 
91 87 64 89 73 89 92 87 80 104 72 81 84 88 51 115 83 104 102 120 93 70 50 86 95 40 97 82 102 92 94 123 99 92 41 31 127 111 139 89 103 28 89 61 58 82 79 80 58 101 90 25 108 107 106 98 87 93 95 0 53 100 66 69 94 
57 80 61 71 20 81 62 77 50 89 66 58 50 80 48 77 51 70 72 68 59 60 94 52 61 84 44 47 67 97 76 85 80 41 38 28 120 96 124 36 73 72 82 51 5 72 59 77 76 67 39 78 78 103 68 80 77 45 69 53 0 77 56 59 60 
37 75 101 41 57 80 67 80 70 84 52 38 30 50 88 37 31 50 76 72 30 80 80 32 41 74 82 33 67 90 46 45 61 36 78 69 105 95 70 41 80 86 77 51 72 81 93 60 56 13 38 106 87 93 28 60 67 79 68 100 77 0 46 53 40 
50 95 68 71 36 93 26 91 64 96 76 55 47 62 55 56 48 67 36 82 56 74 61 45 58 71 58 50 80 61 76 64 51 57 45 35 83 72 100 52 37 83 97 5 51 86 75 72 73 59 55 60 97 83 47 72 21 61 88 66 56 46 0 7 53 
43 88 71 78 39 96 33 94 71 101 79 48 40 69 58 62 41 60 43 75 49 77 68 38 51 78 51 43 73 68 83 59 58 53 48 38 90 79 107 54 44 90 90 8 54 89 78 78 66 57 51 67 90 90 53 70 28 64 94 69 59 53 7 0 46 
13 58 81 53 40 84 50 85 59 71 54 18 10 50 68 77 11 23 60 84 19 69 64 8 21 54 94 13 43 85 58 85 61 23 58 64 81 84 73 24 56 66 60 54 55 81 79 48 36 27 21 113 99 81 68 40 74 65 82 94 60 40 53 46 0 
50
73
38
2
95
7
95
68
18
36
68
75
63
50
9
25
90
83
12
87
100
23
11
62
53
42
60
39
53
24
6
3
46
43
92
54
32
73
78
69
79
49
3
36
88
13
79
75
43
81
64
23
84
51
1
73
9
14
9
27
79
35
87
45
