15
0 184 262 139 152 207 319 147 398 297 246 408 369 137 426 
184 0 311 188 201 380 252 196 222 346 62 232 294 186 359 
262 311 0 123 140 319 307 135 392 285 373 382 357 125 414 
139 188 123 0 17 196 184 12 306 162 250 296 234 2 291 
152 201 140 17 0 209 167 5 299 155 263 289 227 15 274 
207 380 319 196 209 0 368 204 191 354 351 201 254 194 419 
319 252 307 184 167 368 0 172 335 322 190 325 387 182 107 
147 196 135 12 5 204 172 0 294 150 258 284 222 10 279 
398 222 392 306 299 191 335 294 0 373 160 10 72 304 228 
297 346 285 162 155 354 322 150 373 0 408 363 372 160 429 
246 62 373 250 263 351 190 258 160 408 0 170 232 248 297 
408 232 382 296 289 201 325 284 10 363 170 0 62 294 218 
369 294 357 234 227 254 387 222 72 372 232 62 0 232 280 
137 186 125 2 15 194 182 10 304 160 248 294 232 0 289 
426 359 414 291 274 419 107 279 228 429 297 218 280 289 0 
1
74
80
5
96
67
38
73
31
65
85
69
55
63
