40
0 106 63 92 316 88 118 72 73 68 91 70 113 76 64 108 52 149 60 97 108 102 122 5 69 57 166 78 79 129 61 79 98 12 78 87 93 116 76 89 
106 0 43 91 359 117 103 164 114 120 97 98 124 145 129 93 58 147 108 113 88 82 110 101 134 148 181 89 85 135 45 88 83 108 62 98 112 159 91 100 
63 43 0 55 316 74 60 125 71 77 54 55 81 102 86 50 15 104 65 70 45 39 67 58 91 105 138 46 42 92 2 45 40 65 19 55 69 116 48 57 
92 91 55 0 287 49 115 115 42 58 25 53 52 73 57 47 40 159 43 41 100 47 122 90 62 80 109 17 13 63 57 16 37 91 74 26 44 87 19 28 
316 359 316 287 0 302 376 340 267 283 286 307 287 298 252 300 301 379 304 294 361 302 315 311 257 317 344 270 274 324 318 271 290 304 335 261 297 200 272 281 
88 117 74 49 302 0 134 131 58 74 49 56 68 50 50 63 64 123 66 9 119 35 141 83 45 31 78 33 37 87 76 34 53 90 93 42 5 102 35 30 
118 103 60 115 376 134 0 166 115 99 114 111 141 146 130 106 75 126 121 130 105 99 90 113 135 127 176 106 102 152 58 105 96 106 41 115 129 176 108 117 
72 164 125 115 340 131 166 0 73 89 114 118 95 104 88 128 124 202 108 122 170 130 184 67 93 119 152 98 102 152 123 99 118 60 126 107 133 140 100 109 
73 114 71 42 267 58 115 73 0 16 41 62 60 31 15 55 56 142 59 49 116 57 138 74 20 50 117 25 29 79 73 26 45 67 74 34 60 67 27 36 
68 120 77 58 283 74 99 89 16 0 57 78 76 47 31 71 72 143 75 65 122 73 140 63 36 66 133 41 45 95 75 42 61 70 58 50 76 83 43 52 
91 97 54 25 286 49 114 114 41 57 0 52 51 72 56 46 39 158 42 40 99 46 121 89 61 80 108 16 12 62 56 15 36 90 73 25 54 86 18 27 
70 98 55 53 307 56 111 118 62 78 52 0 72 93 71 67 67 155 10 61 100 69 118 65 76 87 129 37 40 90 53 38 57 58 70 46 61 107 39 26 
113 124 81 52 287 68 141 95 60 76 51 72 0 91 75 65 66 107 69 59 126 67 127 108 80 99 57 35 39 89 83 36 55 115 100 26 73 87 37 46 
76 145 102 73 298 50 146 104 31 47 72 93 91 0 46 86 87 111 90 59 147 85 169 71 51 19 128 56 60 110 104 57 76 78 105 65 55 98 58 67 
64 129 86 57 252 50 130 88 15 31 56 71 75 46 0 70 71 157 61 59 131 72 153 59 5 65 128 40 44 94 88 41 60 52 89 49 45 52 42 51 
108 93 50 47 300 63 106 128 55 71 46 67 65 86 70 0 61 150 64 54 95 62 113 103 75 94 122 30 34 84 48 31 10 110 65 39 68 100 32 41 
52 58 15 40 301 64 75 124 56 72 39 67 66 87 71 61 0 119 57 55 60 54 82 57 76 95 123 31 27 77 17 30 51 64 34 40 69 101 33 42 
149 147 104 159 379 123 126 202 142 143 158 155 107 111 157 150 119 0 165 119 149 143 167 144 162 92 50 142 146 196 102 143 140 151 85 133 128 194 144 153 
60 108 65 43 304 66 121 108 59 75 42 10 69 90 61 64 57 165 0 58 110 64 128 55 66 97 126 34 30 80 63 33 54 48 80 43 71 104 36 36 
97 113 70 41 294 9 130 122 49 65 40 61 59 59 59 54 55 119 58 0 115 44 137 92 54 40 69 24 28 78 72 25 44 99 89 33 14 94 26 35 
108 88 45 100 361 119 105 170 116 122 99 100 126 147 131 95 60 149 110 115 0 84 112 103 136 150 183 91 87 137 47 90 85 110 64 100 114 161 93 102 
102 82 39 47 302 35 99 130 57 73 46 69 67 85 72 62 54 143 64 44 84 0 106 97 70 66 113 32 34 84 41 31 52 104 58 41 30 102 34 43 
122 110 67 122 315 141 90 184 138 140 121 118 127 169 153 113 82 167 128 137 112 106 0 117 158 169 184 113 109 159 65 112 103 124 82 122 136 115 115 124 
5 101 58 90 311 83 113 67 74 63 89 65 108 71 59 103 57 144 55 92 103 97 117 0 64 52 161 73 77 127 56 74 93 7 73 82 88 111 71 84 
69 134 91 62 257 45 135 93 20 36 61 76 80 51 5 75 76 162 66 54 136 70 158 64 0 70 123 45 49 94 93 46 65 57 94 54 40 57 47 56 
57 148 105 80 317 31 127 119 50 66 80 87 99 19 65 94 95 92 97 40 150 66 169 52 70 0 109 64 68 118 107 65 84 59 124 73 36 117 66 61 
166 181 138 109 344 78 176 152 117 133 108 129 57 128 128 122 123 50 126 69 183 113 184 161 123 109 0 92 96 146 140 93 112 168 135 83 83 144 94 103 
78 89 46 17 270 33 106 98 25 41 16 37 35 56 40 30 31 142 34 24 91 32 113 73 45 64 92 0 4 54 48 1 20 80 65 9 38 70 2 11 
79 85 42 13 274 37 102 102 29 45 12 40 39 60 44 34 27 146 30 28 87 34 109 77 49 68 96 4 0 50 44 3 24 78 61 13 42 74 6 15 
129 135 92 63 324 87 152 152 79 95 62 90 89 110 94 84 77 196 80 78 137 84 159 127 94 118 146 54 50 0 94 53 74 128 111 63 92 124 56 65 
61 45 2 57 318 76 58 123 73 75 56 53 83 104 88 48 17 102 63 72 47 41 65 56 93 107 140 48 44 94 0 47 38 63 17 57 71 118 50 59 
79 88 45 16 271 34 105 99 26 42 15 38 36 57 41 31 30 143 33 25 90 31 112 74 46 65 93 1 3 53 47 0 21 81 64 10 39 71 3 12 
98 83 40 37 290 53 96 118 45 61 36 57 55 76 60 10 51 140 54 44 85 52 103 93 65 84 112 20 24 74 38 21 0 100 55 29 58 90 22 31 
12 108 65 91 304 90 106 60 67 70 90 58 115 78 52 110 64 151 48 99 110 104 124 7 57 59 168 80 78 128 63 81 100 0 80 89 95 104 78 84 
78 62 19 74 335 93 41 126 74 58 73 70 100 105 89 65 34 85 80 89 64 58 82 73 94 124 135 65 61 111 17 64 55 80 0 74 88 135 67 76 
87 98 55 26 261 42 115 107 34 50 25 46 26 65 49 39 40 133 43 33 100 41 122 82 54 73 83 9 13 63 57 10 29 89 74 0 47 61 11 20 
93 112 69 44 297 5 129 133 60 76 54 61 73 55 45 68 69 128 71 14 114 30 136 88 40 36 83 38 42 92 71 39 58 95 88 47 0 97 40 35 
116 159 116 87 200 102 176 140 67 83 86 107 87 98 52 100 101 194 104 94 161 102 115 111 57 117 144 70 74 124 118 71 90 104 135 61 97 0 72 81 
76 91 48 19 272 35 108 100 27 43 18 39 37 58 42 32 33 144 36 26 93 34 115 71 47 66 94 2 6 56 50 3 22 78 67 11 40 72 0 13 
89 100 57 28 281 30 117 109 36 52 27 26 46 67 51 41 42 153 36 35 102 43 124 84 56 61 103 11 15 65 59 12 31 84 76 20 35 81 13 0 
73
12
92
38
24
67
56
14
26
83
5
26
62
40
18
83
41
81
85
43
84
71
57
6
43
89
1
62
60
26
78
21
13
31
20
95
4
81
91
