55
0 52 80 66 69 56 105 91 50 122 97 39 36 67 68 44 55 64 35 76 75 52 60 109 34 58 51 83 59 69 8 93 99 121 80 49 59 123 90 89 70 87 92 43 101 79 72 42 7 37 94 62 59 112 14 
52 0 54 50 53 30 80 65 34 106 74 13 16 42 42 67 62 48 87 50 62 26 65 83 18 56 74 59 33 56 46 67 73 96 72 56 33 106 95 65 57 65 130 29 100 53 110 20 45 15 101 36 58 94 66 
80 54 0 48 81 24 53 53 32 132 89 41 44 15 12 65 60 76 93 45 60 54 56 91 46 44 72 53 61 54 74 55 61 69 66 54 21 92 86 57 55 93 128 57 97 76 121 48 73 43 99 24 52 40 85 
66 50 48 0 67 54 64 86 16 126 41 37 34 33 60 37 32 62 45 63 12 50 15 76 32 44 44 38 57 6 60 88 65 87 22 26 54 78 45 26 7 85 100 47 67 77 102 40 59 35 71 57 82 58 61 
69 53 81 67 0 57 106 92 51 129 98 40 37 68 69 84 79 65 104 77 79 53 82 110 35 83 91 86 60 73 63 94 91 122 89 73 60 134 112 92 74 88 93 50 119 80 71 43 62 38 116 63 85 43 83 
56 30 24 54 57 0 77 35 38 110 78 17 20 39 12 65 60 52 91 54 53 30 52 67 22 26 72 29 37 59 50 37 43 93 48 54 3 77 82 39 60 69 128 33 79 57 112 24 49 19 82 6 28 64 67 
105 80 53 64 106 77 0 106 55 79 93 68 71 38 65 88 83 101 97 68 52 77 67 128 71 91 95 90 84 58 99 100 108 92 74 77 74 115 97 38 59 120 148 84 119 104 140 75 98 70 122 71 105 93 112 
91 65 53 86 92 35 106 0 73 145 111 52 55 68 41 94 89 87 126 89 82 65 87 85 57 55 101 64 72 88 85 66 72 122 77 83 32 106 90 68 89 104 157 68 108 55 141 59 84 54 117 35 63 93 96 
50 34 32 16 51 38 55 73 0 110 57 21 18 17 44 33 28 46 61 47 28 34 31 91 16 60 40 54 41 22 44 75 81 71 38 22 41 94 61 42 23 69 96 31 74 61 108 24 43 19 67 44 66 72 57 
122 106 132 126 129 110 79 145 110 0 141 93 92 117 122 143 138 124 157 123 131 106 141 163 94 136 150 139 113 132 122 147 153 113 148 132 113 159 171 117 133 41 206 105 146 133 186 86 121 91 177 116 138 172 108 
97 74 89 41 98 78 93 111 57 141 0 61 61 74 88 66 61 80 74 98 41 74 44 105 63 56 73 67 81 35 91 113 94 59 34 55 79 107 74 55 36 100 129 74 26 100 131 55 90 60 100 76 106 87 90 
39 13 41 37 40 17 68 52 21 93 61 0 3 30 29 54 49 35 74 37 49 13 52 70 5 43 61 46 20 43 33 54 60 84 59 43 20 94 82 52 44 52 117 16 87 40 97 7 32 2 88 23 45 81 53 
36 16 44 34 37 20 71 55 18 92 61 3 0 33 32 51 46 32 71 40 46 16 49 73 2 46 58 49 23 40 30 57 63 87 56 40 23 97 79 55 41 51 114 13 86 43 94 6 29 1 85 26 48 80 50 
67 42 15 33 68 39 38 68 17 117 74 30 33 0 27 50 45 63 78 30 45 43 41 100 33 59 57 64 50 39 61 62 76 54 55 39 36 77 71 59 40 82 113 46 87 70 125 37 60 32 84 39 67 55 74 
68 42 12 60 69 12 65 41 44 122 88 29 32 27 0 71 66 64 103 57 59 42 64 79 34 32 78 41 49 65 62 43 49 81 54 60 9 83 94 45 66 81 134 45 85 64 118 36 61 31 94 12 40 52 73 
44 67 65 37 84 65 88 94 33 143 66 54 51 50 71 0 17 54 70 74 37 67 22 83 49 69 7 45 62 31 36 96 90 96 47 11 62 85 52 51 32 102 63 64 63 94 100 57 37 52 56 65 87 74 46 
55 62 60 32 79 60 83 89 28 138 61 49 46 45 66 17 0 49 65 75 32 62 17 78 44 64 24 40 69 26 53 91 85 91 42 6 57 80 47 46 27 97 80 59 58 89 117 52 54 47 39 57 88 57 41 
64 48 76 62 65 52 101 87 46 124 80 35 32 63 64 54 49 0 99 72 69 48 54 105 30 78 61 77 55 63 58 89 78 87 67 43 55 117 84 83 64 83 117 45 54 75 122 38 57 33 88 58 80 73 78 
35 87 93 45 104 91 97 126 61 157 74 74 71 78 103 70 65 99 0 108 45 87 48 109 69 77 77 71 94 39 43 128 98 132 55 59 94 111 78 59 38 122 127 78 100 114 107 77 42 72 104 92 94 91 49 
76 50 45 63 77 54 68 89 47 123 98 37 40 30 57 74 75 72 108 0 75 50 71 107 42 80 70 83 57 69 70 91 97 84 85 69 57 107 101 89 70 82 137 53 117 77 134 44 69 39 114 60 82 85 90 
75 62 60 12 79 53 52 82 28 131 41 49 46 45 59 37 32 69 45 75 0 53 15 76 44 44 44 38 60 6 72 84 65 99 22 26 50 78 45 14 7 97 100 59 67 80 90 52 71 47 71 47 81 58 61 
52 26 54 50 53 30 77 65 34 106 74 13 16 43 42 67 62 48 87 50 53 0 65 57 18 56 74 59 7 56 46 67 73 97 72 56 33 107 95 39 57 65 130 29 100 27 110 20 45 15 101 36 58 94 66 
60 65 56 15 82 52 67 87 31 141 44 52 49 41 64 22 17 54 48 71 15 65 0 61 47 47 29 23 72 9 58 89 68 95 25 11 55 63 30 29 10 100 85 62 63 91 105 55 59 50 56 58 80 61 46 
109 83 91 76 110 67 128 85 91 163 105 70 73 100 79 83 78 105 109 107 76 57 61 0 75 93 90 38 64 70 103 104 110 150 86 72 70 124 91 90 71 122 146 86 124 30 117 77 102 72 117 73 95 122 107 
34 18 46 32 35 22 71 57 16 94 63 5 2 33 34 49 44 30 69 42 44 18 47 75 0 48 56 51 25 38 28 59 65 87 54 38 25 99 77 57 39 53 112 15 84 45 92 8 27 3 83 28 50 78 48 
58 56 44 44 83 26 91 55 60 136 56 43 46 59 32 69 64 78 77 80 44 56 47 93 48 0 76 55 63 38 50 57 57 86 22 58 23 91 77 53 39 95 132 56 53 72 114 50 51 45 103 20 53 84 72 
51 74 72 44 91 72 95 101 40 150 73 61 58 57 78 7 24 61 77 70 44 74 29 90 56 76 0 52 69 38 43 103 97 103 54 18 69 92 59 58 39 109 70 71 70 101 107 64 44 59 63 72 94 81 53 
83 59 53 38 86 29 90 64 54 139 67 46 49 64 41 45 40 77 71 83 38 59 23 38 51 55 52 0 66 32 79 66 72 118 48 34 32 86 53 52 33 98 108 62 86 68 128 53 78 48 79 35 57 84 69 
59 33 61 57 60 37 84 72 41 113 81 20 23 50 49 62 69 55 94 57 60 7 72 64 25 63 69 66 0 63 53 74 80 104 79 63 40 114 102 46 64 72 125 36 107 34 117 27 52 22 108 43 65 101 73 
69 56 54 6 73 59 58 88 22 132 35 43 40 39 65 31 26 63 39 69 6 56 9 70 38 38 38 32 63 0 66 89 59 93 16 20 56 72 39 20 1 91 94 53 61 83 96 46 65 41 65 53 87 52 55 
8 46 74 60 63 50 99 85 44 122 91 33 30 61 62 36 53 58 43 70 72 46 58 103 28 50 43 79 53 66 0 87 93 115 72 47 53 121 88 85 67 81 84 43 99 73 64 36 1 31 92 56 51 106 22 
93 67 55 88 94 37 100 66 75 147 113 54 57 62 43 96 91 89 128 91 84 67 89 104 59 57 103 66 74 89 87 0 30 116 79 85 34 108 119 70 90 106 159 70 110 89 143 61 86 56 119 37 65 78 98 
99 73 61 65 91 43 108 72 81 153 94 60 63 76 49 90 85 78 98 97 65 73 68 110 65 57 97 72 80 59 93 30 0 130 75 79 40 108 98 70 60 112 153 76 110 89 129 67 92 62 124 37 71 48 98 
121 96 69 87 122 93 92 122 71 113 59 84 87 54 81 96 91 87 132 84 99 97 95 150 87 86 103 118 104 93 115 116 130 0 93 85 90 131 125 113 94 72 159 100 33 124 179 91 114 86 130 93 121 109 120 
80 72 66 22 89 48 74 77 38 148 34 59 56 55 54 47 42 67 55 85 22 72 25 86 54 22 54 48 79 16 72 79 75 93 0 36 45 88 55 36 17 107 110 69 60 94 112 62 73 57 81 42 75 68 71 
49 56 54 26 73 54 77 83 22 132 55 43 40 39 60 11 6 43 59 69 26 56 11 72 38 58 18 34 63 20 47 85 79 85 36 0 51 74 41 40 21 91 74 53 52 83 111 46 48 41 45 54 82 63 35 
59 33 21 54 60 3 74 32 41 113 79 20 23 36 9 62 57 55 94 57 50 33 55 70 25 23 69 32 40 56 53 34 40 90 45 51 0 74 85 36 57 72 125 36 76 55 109 27 52 22 85 3 31 61 64 
123 106 92 78 134 77 115 106 94 159 107 94 97 77 83 85 80 117 111 107 78 107 63 124 99 91 92 86 114 72 121 108 108 131 88 74 74 0 33 92 73 118 148 110 126 123 168 101 122 96 119 71 105 108 109 
90 95 86 45 112 82 97 90 61 171 74 82 79 71 94 52 47 84 78 101 45 95 30 91 77 77 59 53 102 39 88 119 98 125 55 41 85 33 0 59 40 130 115 92 93 121 135 85 89 80 86 88 110 91 76 
89 65 57 26 92 39 38 68 42 117 55 52 55 59 45 51 46 83 59 89 14 39 29 90 57 53 58 52 46 20 85 70 70 113 36 40 36 92 59 0 21 104 110 68 81 66 102 59 84 54 85 33 67 72 75 
70 57 55 7 74 60 59 89 23 133 36 44 41 40 66 32 27 64 38 70 7 57 10 71 39 39 39 33 64 1 67 90 60 94 17 21 57 73 40 21 0 92 95 54 62 84 97 47 66 42 66 54 88 53 56 
87 65 93 85 88 69 120 104 69 41 100 52 51 82 81 102 97 83 122 82 97 65 100 122 53 95 109 98 72 91 81 106 112 72 107 91 72 118 130 104 92 0 165 64 105 92 145 45 80 50 136 75 97 131 101 
92 130 128 100 93 128 148 157 96 206 129 117 114 113 134 63 80 117 127 137 100 130 85 146 112 132 70 108 125 94 84 159 153 159 110 74 125 148 115 110 95 165 0 127 126 157 148 120 85 115 119 128 135 136 106 
43 29 57 47 50 33 84 68 31 105 74 16 13 46 45 64 59 45 78 53 59 29 62 86 15 56 71 62 36 53 43 70 76 100 69 53 36 110 92 68 54 64 127 0 99 56 107 19 42 14 98 39 61 93 57 
101 100 97 67 119 79 119 108 74 146 26 87 86 87 85 63 58 54 100 117 67 100 63 124 84 53 70 86 107 61 99 110 110 33 60 52 76 126 93 81 62 105 126 99 0 125 157 81 100 86 97 73 106 113 87 
79 53 76 77 80 57 104 55 61 133 100 40 43 70 64 94 89 75 114 77 80 27 91 30 45 72 101 68 34 83 73 89 89 124 94 83 55 123 121 66 84 92 157 56 125 0 137 47 72 42 128 52 85 116 93 
72 110 121 102 71 112 140 141 108 186 131 97 94 125 118 100 117 122 107 134 90 110 105 117 92 114 107 128 117 96 64 143 129 179 112 111 109 168 135 102 97 145 148 107 157 137 0 100 65 95 156 112 115 81 86 
42 20 48 40 43 24 75 59 24 86 55 7 6 37 36 57 52 38 77 44 52 20 55 77 8 50 64 53 27 46 36 61 67 91 62 46 27 101 85 59 47 45 120 19 81 47 100 0 35 5 91 30 52 86 56 
7 45 73 59 62 49 98 84 43 121 90 32 29 60 61 37 54 57 42 69 71 45 59 102 27 51 44 78 52 65 1 86 92 114 73 48 52 122 89 84 66 80 85 42 100 72 65 35 0 30 93 55 52 105 21 
37 15 43 35 38 19 70 54 19 91 60 2 1 32 31 52 47 33 72 39 47 15 50 72 3 45 59 48 22 41 31 56 62 86 57 41 22 96 80 54 42 50 115 14 86 42 95 5 30 0 86 25 47 81 51 
94 101 99 71 116 82 122 117 67 177 100 88 85 84 94 56 39 88 104 114 71 101 56 117 83 103 63 79 108 65 92 119 124 130 81 45 85 119 86 85 66 136 119 98 97 128 156 91 93 86 0 88 54 96 80 
62 36 24 57 63 6 71 35 44 116 76 23 26 39 12 65 57 58 92 60 47 36 58 73 28 20 72 35 43 53 56 37 37 93 42 54 3 71 88 33 54 75 128 39 73 52 112 30 55 25 88 0 34 64 61 
59 58 52 82 85 28 105 63 66 138 106 45 48 67 40 87 88 80 94 82 81 58 80 95 50 53 94 57 65 87 51 65 71 121 75 82 31 105 110 67 88 97 135 61 106 85 115 52 52 47 54 34 0 92 73 
112 94 40 58 43 64 93 93 72 172 87 81 80 55 52 74 57 73 91 85 58 94 61 122 78 84 81 84 101 52 106 78 48 109 68 63 61 108 91 72 53 131 136 93 113 116 81 86 105 81 96 64 92 0 98 
14 66 85 61 83 67 112 96 57 108 90 53 50 74 73 46 41 78 49 90 61 66 46 107 48 72 53 69 73 55 22 98 98 120 71 35 64 109 76 75 56 101 106 57 87 93 86 56 21 51 80 61 73 98 0 
66
95
97
68
32
19
54
3
89
25
4
93
83
37
19
81
39
7
78
94
22
82
8
33
83
62
62
93
42
73
61
96
2
78
46
88
77
65
48
69
54
98
93
83
44
26
82
96
69
48
52
59
29
15
