50
0 153 126 97 159 185 137 175 159 133 124 148 116 157 140 167 155 119 66 160 84 154 110 128 101 166 127 147 154 137 111 174 177 159 128 83 140 26 155 148 155 169 197 124 126 149 150 102 99 136 
153 0 66 121 120 118 111 155 110 141 104 150 143 143 45 139 129 119 97 114 85 113 43 64 68 102 101 132 117 81 154 64 131 92 110 126 140 137 170 122 118 142 142 29 106 149 83 136 119 135 
126 66 0 55 54 98 76 122 67 75 84 107 78 85 53 135 98 99 105 71 65 93 23 2 48 40 81 70 97 15 92 130 65 72 91 64 120 100 144 91 98 122 108 37 86 129 63 123 53 115 
97 121 55 0 70 124 48 110 67 44 35 107 27 103 108 190 66 105 93 63 88 87 78 57 71 94 38 112 74 40 117 144 90 99 36 119 84 117 89 59 125 145 100 92 37 75 117 134 2 92 
159 120 54 70 0 54 22 110 121 110 35 123 93 97 107 189 60 116 93 121 82 134 77 56 65 94 32 112 74 69 91 184 112 79 106 118 137 133 123 53 105 139 129 91 37 144 113 117 68 66 
185 118 98 124 54 0 76 138 71 131 89 111 114 151 90 229 114 149 147 67 114 91 75 96 100 98 86 164 128 113 121 175 163 124 160 149 170 187 177 107 113 159 104 89 91 179 115 138 122 120 
137 111 76 48 22 76 0 88 111 88 13 101 71 75 98 178 38 94 71 107 60 112 68 78 43 116 10 90 52 84 69 167 90 77 84 97 115 111 101 31 103 117 114 82 15 122 91 95 46 44 
175 155 122 110 110 138 88 0 67 127 75 27 110 143 132 213 106 103 109 71 128 69 131 124 111 94 78 148 110 137 112 171 158 135 135 140 82 149 112 99 161 135 108 126 73 91 99 134 108 128 
159 110 67 67 121 71 111 67 0 60 98 40 43 148 65 172 125 111 122 4 128 28 86 65 111 27 101 130 103 82 71 104 128 91 103 99 132 133 142 118 117 148 41 81 100 141 58 67 65 96 
133 141 75 44 110 131 88 127 60 0 75 100 17 143 125 162 106 77 133 64 112 88 98 77 111 87 78 145 114 80 85 100 130 108 80 113 98 107 128 99 134 185 101 112 77 107 118 121 42 110 
124 104 84 35 35 89 13 75 98 75 0 88 58 68 91 171 31 87 58 94 53 114 61 82 36 120 3 77 39 71 82 168 83 64 71 110 108 98 94 24 90 110 101 75 2 110 84 108 33 57 
148 150 107 107 123 111 101 27 40 100 88 0 83 156 105 212 119 123 82 44 141 68 126 105 124 67 91 165 127 122 111 144 168 131 143 139 102 122 132 112 157 108 81 121 90 111 98 107 105 136 
116 143 78 27 93 114 71 110 43 17 58 83 0 126 108 179 89 94 116 47 111 71 101 80 94 70 61 135 97 63 102 117 113 122 63 130 111 90 116 82 148 168 84 114 60 102 101 110 25 115 
157 143 85 103 97 151 75 143 148 143 68 156 126 0 130 103 37 149 126 144 115 120 100 87 98 125 65 132 94 70 101 199 20 119 121 129 144 131 114 44 118 172 169 114 70 135 90 127 101 76 
140 45 53 108 107 90 98 132 65 125 91 105 108 130 0 184 116 106 84 69 72 93 30 51 55 89 88 119 104 68 136 109 118 79 97 113 127 124 157 109 105 129 106 16 93 136 70 132 106 122 
167 139 135 190 189 229 178 213 172 162 171 212 179 103 184 0 140 187 229 168 196 144 154 133 179 171 168 159 155 150 112 203 123 180 194 84 166 193 196 147 206 170 205 168 173 175 174 188 188 137 
155 129 98 66 60 114 38 106 125 106 31 119 89 37 116 140 0 112 89 121 78 97 86 100 61 138 28 103 65 83 72 170 57 90 102 100 107 129 77 7 81 135 132 100 33 98 67 98 64 47 
119 119 99 105 116 149 94 103 111 77 87 123 94 149 106 187 112 0 137 115 35 139 76 97 51 135 84 98 113 114 120 116 151 125 131 148 21 120 51 105 151 125 152 90 89 30 116 44 107 95 
66 97 105 93 93 147 71 109 122 133 58 82 116 126 84 229 89 137 0 126 111 150 82 103 94 141 61 135 97 120 140 125 141 122 129 149 116 40 128 82 148 168 159 68 60 107 122 116 91 115 
160 114 71 63 121 67 107 71 4 64 94 44 47 144 69 168 121 115 126 0 132 24 90 69 115 31 97 126 99 86 67 108 124 87 99 95 136 137 146 114 113 152 37 85 96 138 54 71 61 92 
84 85 65 88 82 114 60 128 128 112 53 141 111 115 72 196 78 35 111 132 0 112 42 63 17 101 50 63 92 80 129 145 130 91 124 125 56 110 86 71 117 91 141 56 55 65 82 79 86 104 
154 113 93 87 134 91 112 69 28 88 114 68 71 120 93 144 97 139 150 24 112 0 70 91 95 55 111 120 86 108 43 132 100 111 123 71 151 161 142 90 121 157 61 84 116 160 30 95 85 68 
110 43 23 78 77 75 68 131 86 98 61 126 101 100 30 154 86 76 82 90 42 70 0 21 25 59 58 89 74 38 111 107 88 49 95 83 97 116 127 79 75 99 99 14 63 106 40 120 76 92 
128 64 2 57 56 96 78 124 65 77 82 105 80 87 51 133 100 97 103 69 63 91 21 0 46 38 79 68 95 17 90 128 67 70 93 62 118 102 146 93 96 120 106 35 84 127 61 125 55 113 
101 68 48 71 65 100 43 111 111 111 36 124 94 98 55 179 61 51 94 115 17 95 25 46 0 84 33 80 75 63 112 132 113 74 107 108 72 127 102 54 100 74 124 39 38 81 65 95 69 87 
166 102 40 94 94 98 116 94 27 87 120 67 70 125 89 171 138 135 141 31 101 55 59 38 84 0 117 106 130 55 98 131 105 108 130 100 156 140 169 131 134 158 68 73 122 165 85 94 92 123 
127 101 81 38 32 86 10 78 101 78 3 91 61 65 88 168 28 84 61 97 50 111 58 79 33 117 0 80 42 74 79 165 80 67 74 107 105 101 91 21 93 107 104 72 5 112 81 105 36 54 
147 132 70 112 112 164 90 148 130 145 77 165 135 132 119 159 103 98 135 126 63 120 89 68 80 106 80 0 38 85 81 179 112 63 77 109 119 170 149 96 89 154 89 103 75 128 129 107 110 56 
154 117 97 74 74 128 52 110 103 114 39 127 97 94 104 155 65 113 97 99 92 86 74 95 75 130 42 38 0 110 43 141 74 25 39 71 134 137 119 58 51 149 75 88 37 140 114 69 72 18 
137 81 15 40 69 113 84 137 82 80 71 122 63 70 68 150 83 114 120 86 80 108 38 17 63 55 74 85 110 0 107 145 50 87 76 79 124 115 129 76 113 137 113 52 73 115 78 108 38 106 
111 154 92 117 91 121 69 112 71 85 82 111 102 101 136 112 72 120 140 67 129 43 111 90 112 98 79 81 43 107 0 148 81 68 82 28 117 137 99 65 94 114 104 125 80 120 73 76 115 25 
174 64 130 144 184 175 167 171 104 100 168 144 117 199 109 203 170 116 125 108 145 132 107 128 132 131 165 179 141 145 148 0 179 156 121 176 104 148 116 163 182 206 145 93 170 95 147 72 142 123 
177 131 65 90 112 163 90 158 128 130 83 168 113 20 118 123 57 151 141 124 130 100 88 67 113 105 80 112 74 50 81 179 0 99 113 109 159 151 129 59 125 187 149 102 85 150 70 107 88 56 
159 92 72 99 79 124 77 135 91 108 64 131 122 119 79 180 90 125 122 87 91 111 49 70 74 108 67 63 25 87 68 156 99 0 64 96 146 162 144 83 26 148 50 63 62 155 89 94 97 43 
128 110 91 36 106 160 84 135 103 80 71 143 63 121 97 194 102 131 129 99 124 123 95 93 107 130 74 77 39 76 82 121 113 64 0 110 110 153 80 95 90 181 114 81 73 101 135 108 38 57 
83 126 64 119 118 149 97 140 99 113 110 139 130 129 113 84 100 148 149 95 125 71 83 62 108 100 107 109 71 79 28 176 109 96 110 0 145 109 127 93 122 86 132 97 108 148 101 104 117 53 
140 140 120 84 137 170 115 82 132 98 108 102 111 144 127 166 107 21 116 136 56 151 97 118 72 156 105 119 134 124 117 104 159 146 110 145 0 141 30 100 172 146 173 111 110 9 137 65 86 116 
26 137 100 117 133 187 111 149 133 107 98 122 90 131 124 193 129 120 40 137 110 161 116 102 127 140 101 170 137 115 137 148 151 162 153 109 141 0 151 122 181 195 174 108 100 147 156 76 115 127 
155 170 144 89 123 177 101 112 142 128 94 132 116 114 157 196 77 51 128 146 86 142 127 146 102 169 91 149 119 129 99 116 129 144 80 127 30 151 0 70 158 176 183 141 96 21 130 75 91 110 
148 122 91 59 53 107 31 99 118 99 24 112 82 44 109 147 7 105 82 114 71 90 79 93 54 131 21 96 58 76 65 163 59 83 95 93 100 122 70 0 88 128 125 93 26 91 60 91 57 40 
155 118 98 125 105 113 103 161 117 134 90 157 148 118 105 206 81 151 148 113 117 121 75 96 100 134 93 89 51 113 94 182 125 26 90 122 172 181 158 88 0 174 76 89 88 179 115 120 123 69 
169 142 122 145 139 159 117 135 148 185 110 108 168 172 129 170 135 125 168 152 91 157 99 120 74 158 107 154 149 137 114 206 187 148 181 86 146 195 176 128 174 0 189 113 112 155 139 169 143 139 
197 142 108 100 129 104 114 108 41 101 101 81 84 169 106 205 132 152 159 37 141 61 99 106 124 68 104 89 75 113 104 145 149 50 114 132 173 174 183 125 76 189 0 113 99 175 91 108 98 93 
124 29 37 92 91 89 82 126 81 112 75 121 114 114 16 168 100 90 68 85 56 84 14 35 39 73 72 103 88 52 125 93 102 63 81 97 111 108 141 93 89 113 113 0 77 120 54 134 90 106 
126 106 86 37 37 91 15 73 100 77 2 90 60 70 93 173 33 89 60 96 55 116 63 84 38 122 5 75 37 73 80 170 85 62 73 108 110 100 96 26 88 112 99 77 0 112 86 106 35 55 
149 149 129 75 144 179 122 91 141 107 110 111 102 135 136 175 98 30 107 138 65 160 106 127 81 165 112 128 140 115 120 95 150 155 101 148 9 147 21 91 179 155 175 120 112 0 146 74 77 125 
150 83 63 117 113 115 91 99 58 118 84 98 101 90 70 174 67 116 122 54 82 30 40 61 65 85 81 129 114 78 73 147 70 89 135 101 137 156 130 60 115 139 91 54 86 146 0 125 115 98 
102 136 123 134 117 138 95 134 67 121 108 107 110 127 132 188 98 44 116 71 79 95 120 125 95 94 105 107 69 108 76 72 107 94 108 104 65 76 75 91 120 169 108 134 106 74 125 0 132 51 
99 119 53 2 68 122 46 108 65 42 33 105 25 101 106 188 64 107 91 61 86 85 76 55 69 92 36 110 72 38 115 142 88 97 38 117 86 115 91 57 123 143 98 90 35 77 115 132 0 90 
136 135 115 92 66 120 44 128 96 110 57 136 115 76 122 137 47 95 115 92 104 68 92 113 87 123 54 56 18 106 25 123 56 43 57 53 116 127 110 40 69 139 93 106 55 125 98 51 90 0 
49
71
17
46
14
12
62
25
89
57
28
53
34
15
30
1
91
88
19
69
97
7
92
35
74
79
16
22
87
95
19
50
7
25
62
67
5
71
24
27
50
75
78
78
82
99
16
93
2
