90
0 89 80 103 41 72 67 75 106 63 78 15 83 67 89 78 47 39 86 79 65 65 80 69 97 69 26 57 89 73 75 10 44 41 69 40 32 74 77 110 79 47 75 23 54 56 61 31 88 43 80 83 81 95 61 56 64 96 81 91 12 40 72 55 81 28 13 33 61 54 102 95 68 104 79 58 31 53 46 61 64 104 79 44 70 83 41 93 83 77 
89 0 22 36 68 17 22 56 44 31 62 74 80 22 14 42 47 80 46 10 24 56 26 31 31 88 63 80 36 52 24 80 52 68 25 67 57 15 29 43 49 72 23 68 46 35 38 60 13 47 54 41 40 60 41 78 36 40 75 44 82 52 24 58 13 69 76 65 60 59 57 15 45 39 10 49 59 77 46 38 30 40 44 47 26 7 49 28 98 85 
80 22 0 58 66 18 16 67 66 17 73 65 91 25 36 55 46 78 62 15 17 65 4 41 53 95 54 86 54 63 5 71 49 67 11 65 49 15 7 65 63 73 37 61 49 24 20 49 34 43 68 56 54 77 47 84 17 61 86 62 75 48 35 64 30 64 67 61 66 64 76 37 55 61 22 55 52 82 43 44 16 62 58 36 36 15 45 50 106 94 
103 36 58 0 70 44 49 42 8 59 47 88 64 42 22 29 56 80 25 43 51 49 62 34 6 79 79 76 16 41 59 94 60 70 55 70 72 44 65 8 35 70 28 81 51 61 67 81 24 60 38 24 26 34 44 74 66 12 59 20 93 63 31 56 29 77 90 72 54 57 26 21 39 3 36 49 72 74 57 42 59 4 30 69 33 43 62 10 83 70 
41 68 66 70 0 53 51 35 69 52 37 30 44 46 63 41 22 12 49 60 49 25 68 39 65 33 29 21 54 33 63 33 17 1 56 1 26 56 67 75 39 8 48 23 22 46 56 37 63 25 40 46 44 55 28 20 57 59 41 54 29 20 46 15 57 14 32 10 20 14 62 70 31 69 58 21 22 17 23 31 53 69 42 40 43 65 23 61 47 40 
72 17 18 44 53 0 5 50 51 15 56 57 74 7 23 38 31 65 45 8 7 47 21 24 38 77 46 68 39 46 16 63 36 53 12 52 40 3 22 52 46 59 20 51 33 18 23 43 21 31 51 39 37 60 29 66 22 46 69 47 65 36 18 46 15 53 59 49 48 47 61 28 38 46 9 37 42 65 30 26 15 47 41 30 19 13 33 35 88 76 
67 22 16 49 51 5 0 53 56 10 59 52 77 10 28 41 30 63 50 12 2 50 18 27 43 79 41 70 44 49 13 58 34 52 7 50 36 7 19 57 49 58 25 48 33 13 18 38 26 28 54 44 41 65 32 68 17 51 72 52 62 33 22 48 20 50 54 46 51 48 66 33 41 51 14 40 39 66 28 29 10 52 44 25 22 16 30 40 91 79 
75 56 67 42 35 50 53 0 39 60 7 62 25 43 44 14 36 42 17 55 53 10 71 26 38 37 58 34 26 4 66 66 36 34 60 35 52 52 72 46 7 32 33 55 28 56 67 64 45 43 5 18 17 20 23 33 67 30 20 22 63 41 34 20 43 47 64 42 15 21 27 49 12 40 49 19 49 34 39 25 61 40 12 59 31 58 43 35 43 30 
106 44 66 8 69 51 56 39 0 66 44 91 60 48 30 28 59 78 22 51 58 46 70 38 13 76 83 73 17 38 67 97 63 69 63 69 76 52 73 7 32 68 34 84 53 67 74 87 32 65 35 23 26 28 46 71 73 10 55 17 94 66 37 55 36 78 93 73 51 56 19 29 38 5 44 48 75 71 61 45 66 4 29 75 39 51 66 16 79 67 
63 31 17 59 52 15 10 60 66 0 66 48 83 20 38 51 32 64 60 21 9 56 17 36 53 83 37 72 54 56 12 54 35 53 6 51 32 17 15 67 58 59 35 44 37 7 8 32 36 28 63 54 51 75 38 71 7 61 78 62 58 33 32 52 30 48 50 46 56 52 76 43 48 61 24 46 36 68 29 35 1 62 54 19 32 24 30 50 96 84 
78 62 73 47 37 56 59 7 44 66 0 65 18 49 50 21 41 43 22 61 59 13 77 32 44 32 62 31 32 10 72 69 41 37 66 38 57 58 78 51 13 33 39 58 33 62 73 69 51 48 9 24 23 20 29 30 73 35 13 27 66 46 40 23 49 50 67 45 17 24 29 56 18 45 55 24 53 31 44 31 67 45 18 64 37 64 48 41 37 24 
15 74 65 88 30 57 52 62 91 48 65 0 74 52 74 64 32 33 73 64 50 52 65 54 82 62 11 50 74 60 60 6 29 31 54 29 17 59 62 95 66 38 60 8 39 41 46 17 73 28 67 69 66 82 46 49 49 82 71 77 10 25 57 42 66 16 2 20 48 41 89 80 55 89 64 45 16 46 31 46 49 89 66 29 55 68 26 78 76 70 
83 80 91 64 44 74 77 25 60 83 18 74 0 67 68 39 54 44 39 79 76 27 95 50 61 20 73 27 49 28 90 76 52 43 83 45 68 76 95 67 31 36 57 67 47 79 90 80 69 60 26 42 41 33 45 27 90 52 5 44 71 57 58 33 67 58 76 54 28 34 43 74 36 61 73 38 64 30 57 48 84 61 36 76 55 82 59 58 19 8 
67 22 25 42 46 7 10 43 48 20 49 52 67 0 22 31 25 58 40 14 11 40 28 17 36 70 42 61 34 39 23 58 30 47 17 45 35 10 29 50 39 52 15 46 26 19 28 42 21 25 44 34 31 55 22 59 27 41 62 42 60 30 12 39 14 47 54 43 41 40 56 28 31 44 12 30 37 58 24 19 20 45 34 29 12 19 27 32 81 69 
89 14 36 22 63 23 28 44 30 38 50 74 68 22 0 30 43 75 32 21 30 47 40 24 17 79 64 74 22 42 37 80 48 63 33 62 57 22 43 29 37 66 15 67 41 41 46 64 2 46 42 27 27 46 35 72 44 26 63 30 81 50 17 52 8 65 76 61 52 53 43 7 36 25 14 43 58 71 44 32 38 26 32 51 20 21 48 14 87 74 
78 42 55 29 41 38 41 14 28 51 21 64 39 31 30 0 32 51 9 42 42 20 59 15 25 50 56 47 13 12 54 69 35 41 48 41 49 40 60 34 8 41 19 56 25 49 59 60 31 38 13 5 3 24 18 45 58 18 34 13 66 39 21 27 29 50 66 45 25 28 25 35 10 28 35 20 48 45 34 18 51 28 3 52 19 44 39 22 57 44 
47 47 46 56 22 31 30 36 59 32 41 32 54 25 43 32 0 34 41 39 29 28 47 22 50 52 24 41 42 32 42 38 5 22 35 21 17 34 47 63 36 28 29 25 8 26 37 28 43 7 40 37 34 54 14 39 38 50 50 45 38 7 26 21 36 22 34 18 26 21 57 50 25 57 37 17 16 37 3 14 33 57 34 23 24 44 7 46 65 53 
39 80 78 80 12 65 63 42 78 64 43 33 44 58 75 51 34 0 56 72 61 32 80 51 75 30 36 18 64 40 75 34 29 12 68 13 36 68 78 85 46 10 60 28 34 57 67 44 75 36 47 56 54 62 40 17 68 69 43 61 28 31 58 24 69 19 34 19 27 23 69 82 41 79 70 32 31 14 35 43 64 79 51 50 55 77 34 72 44 38 
86 46 62 25 49 45 50 17 22 60 22 73 39 40 32 9 41 56 0 48 51 24 66 24 22 54 65 51 10 16 61 77 44 48 57 49 58 47 67 29 10 46 25 65 34 58 68 69 33 47 13 6 9 15 27 49 67 13 34 5 74 48 28 34 34 58 75 53 29 35 16 36 18 23 41 28 57 49 43 27 60 23 7 61 28 50 48 19 58 45 
79 10 15 43 60 8 12 55 51 21 61 64 79 14 21 42 39 72 48 0 14 54 19 29 38 84 53 75 39 51 16 70 44 61 15 59 47 5 22 50 50 66 23 59 40 25 28 50 19 39 55 42 40 63 36 73 26 46 74 47 73 44 22 53 15 61 66 57 55 54 61 24 43 46 7 44 50 72 38 33 20 47 45 37 24 5 41 35 95 83 
65 24 17 51 49 7 2 53 58 9 59 50 76 11 30 42 29 61 51 14 0 49 19 28 45 78 39 69 45 49 14 56 32 50 7 48 34 9 19 59 50 56 26 46 32 11 17 36 28 26 55 45 42 66 31 67 16 52 71 53 60 31 23 47 22 48 52 44 50 47 67 35 41 53 16 39 37 65 26 28 9 54 45 23 23 18 28 42 90 78 
65 56 65 49 25 47 50 10 46 56 13 52 27 40 47 20 28 32 24 54 49 0 68 25 45 32 49 27 33 8 63 56 28 24 56 25 44 50 68 53 14 22 33 45 20 52 63 56 48 35 15 25 23 30 18 25 63 37 22 29 53 33 33 10 43 37 54 32 5 11 37 53 11 47 48 11 40 25 31 21 57 47 19 51 30 57 35 42 42 29 
80 26 4 62 68 21 18 71 70 17 77 65 95 28 40 59 47 80 66 19 19 68 0 45 57 97 54 88 58 67 5 71 51 69 12 67 49 19 4 69 67 75 41 61 51 24 19 49 38 44 72 60 58 81 50 86 16 65 90 66 75 49 39 66 34 65 67 62 69 66 80 41 59 65 26 58 53 84 45 47 16 66 62 36 40 19 46 54 109 97 
69 31 41 34 39 24 27 26 38 36 32 54 50 17 24 15 22 51 24 29 28 25 45 0 28 57 46 50 21 22 40 60 26 39 34 38 39 26 46 42 22 42 9 47 17 34 44 49 24 27 27 18 15 39 11 48 43 29 45 26 59 29 8 28 18 43 56 38 29 29 40 31 14 35 23 19 38 47 24 8 36 36 18 39 5 32 29 24 67 54 
97 31 53 6 65 38 43 38 13 53 44 82 61 36 17 25 50 75 22 38 45 45 57 28 0 75 73 72 12 37 54 88 54 65 50 65 66 39 60 14 31 65 22 75 45 55 61 75 19 54 35 20 22 33 38 70 60 11 56 18 87 57 25 51 23 71 84 66 50 52 28 17 34 8 31 44 66 70 51 36 53 9 26 63 27 38 56 4 80 67 
69 88 95 79 33 77 79 37 76 83 32 62 20 70 79 50 52 30 54 84 78 32 97 57 75 0 62 12 63 38 92 64 49 32 85 34 59 80 97 83 44 25 65 55 46 78 88 70 80 57 41 55 53 50 48 13 90 67 22 59 58 53 65 31 75 46 64 43 29 31 60 85 43 77 80 40 55 16 55 51 84 77 49 73 62 89 56 72 14 12 
26 63 54 79 29 46 41 58 83 37 62 11 73 42 64 56 24 36 65 53 39 49 54 46 73 62 0 50 66 54 49 17 22 30 43 28 7 48 51 87 59 37 51 9 31 30 36 8 63 19 62 61 58 77 38 49 38 74 70 69 21 17 48 40 56 17 13 19 46 39 81 70 48 81 54 39 9 46 22 38 38 81 58 18 46 57 17 69 76 69 
57 80 86 76 21 68 70 34 73 72 31 50 27 61 74 47 41 18 51 75 69 27 88 50 72 12 50 0 60 35 83 52 37 20 76 22 47 71 87 80 41 13 59 43 37 66 76 58 74 45 39 52 50 51 39 2 78 64 27 56 46 41 57 22 68 34 52 31 22 22 60 80 38 74 71 31 43 4 43 42 73 74 46 61 54 80 44 69 26 20 
89 36 54 16 54 39 44 26 17 54 32 74 49 34 22 13 42 64 10 39 45 33 58 21 12 63 66 60 0 25 55 80 46 54 51 54 59 40 61 22 19 54 19 67 36 53 62 70 23 48 23 8 10 24 29 58 61 8 44 8 78 49 22 40 25 62 76 57 38 41 22 26 23 15 32 33 58 58 44 28 54 16 14 60 23 41 49 9 68 55 
73 52 63 41 33 46 49 4 38 56 10 60 28 39 42 12 32 40 16 51 49 8 67 22 37 38 54 35 25 0 62 64 32 32 56 33 48 48 68 45 6 30 29 52 24 52 63 60 42 39 8 17 15 23 19 33 63 29 23 21 61 37 30 18 39 45 62 40 13 19 30 47 8 39 45 15 45 33 35 21 57 39 11 55 27 54 39 34 46 33 
75 24 5 59 63 16 13 66 67 12 72 60 90 23 37 54 42 75 61 16 14 63 5 40 54 92 49 83 55 62 0 66 46 64 7 62 44 15 6 66 62 70 36 56 46 19 15 44 35 39 67 55 53 76 45 81 12 62 85 63 70 44 34 61 31 60 62 57 64 61 77 39 54 62 23 53 48 79 40 42 11 63 57 31 35 17 41 51 104 92 
10 80 71 94 33 63 58 66 97 54 69 6 76 58 80 69 38 34 77 70 56 56 71 60 88 64 17 52 80 64 66 0 34 34 60 32 23 65 68 101 70 40 66 13 44 47 52 22 79 34 71 74 71 86 51 51 55 87 74 82 7 31 63 46 72 19 4 24 52 45 93 86 59 95 70 49 22 48 37 52 55 95 70 35 61 74 32 84 78 72 
44 52 49 60 17 36 34 36 63 35 41 29 52 30 48 35 5 29 44 44 32 28 51 26 54 49 22 37 46 32 46 34 0 18 39 16 16 39 50 67 37 24 33 21 10 29 39 28 48 8 40 40 37 55 17 36 41 53 49 48 34 5 31 19 41 18 31 13 25 18 60 55 26 61 42 17 13 33 6 18 36 61 37 24 28 49 7 50 62 51 
41 68 67 70 1 53 52 34 69 53 37 31 43 47 63 41 22 12 48 61 50 24 69 39 65 32 30 20 54 32 64 34 18 0 57 2 27 56 68 75 38 7 48 24 22 47 57 38 63 26 39 46 44 54 28 19 58 59 40 53 29 21 46 14 57 15 33 11 20 13 61 70 31 69 58 21 23 16 24 31 54 69 42 41 43 66 24 61 46 39 
69 25 11 55 56 12 7 60 63 6 66 54 83 17 33 48 35 68 57 15 7 56 12 34 50 85 43 76 51 56 7 60 39 57 0 55 38 11 12 62 56 63 32 50 39 13 13 38 32 32 61 51 48 72 38 74 11 58 78 59 64 37 29 54 27 53 56 50 57 54 73 38 48 58 19 46 41 72 33 35 5 59 51 25 29 18 34 47 97 85 
40 67 65 70 1 52 50 35 69 51 38 29 45 45 62 41 21 13 49 59 48 25 67 38 65 34 28 22 54 33 62 32 16 2 55 0 25 55 66 75 39 9 47 22 21 45 55 36 62 24 40 46 44 55 27 21 56 59 42 54 28 19 45 15 56 13 31 9 21 14 62 69 31 69 57 21 21 18 22 30 52 69 42 39 42 64 22 61 48 41 
32 57 49 72 26 40 36 52 76 32 57 17 68 35 57 49 17 36 58 47 34 44 49 39 66 59 7 47 59 48 44 23 16 27 38 25 0 42 47 80 53 34 44 12 25 25 32 12 56 12 56 54 51 71 31 46 34 67 65 62 26 11 41 35 49 17 19 17 41 34 74 63 42 74 47 33 5 43 15 31 33 74 51 14 39 52 10 62 73 66 
74 15 15 44 56 3 7 52 52 17 58 59 76 10 22 40 34 68 47 5 9 50 19 26 39 80 48 71 40 48 15 65 39 56 11 55 42 0 21 51 48 62 22 54 36 20 24 45 21 34 53 41 39 62 32 69 22 47 71 48 68 39 20 49 16 56 61 52 51 50 62 27 40 47 8 40 45 68 33 29 16 48 43 32 21 10 36 36 91 79 
77 29 7 65 67 22 19 72 73 15 78 62 95 29 43 60 47 78 67 22 19 68 4 46 60 97 51 87 61 68 6 68 50 68 12 66 47 21 0 72 68 74 42 59 51 22 16 46 41 43 73 61 59 82 50 86 13 68 90 69 72 47 40 66 37 63 64 60 69 66 83 44 60 68 29 58 51 83 44 47 14 69 63 33 41 22 44 57 109 97 
110 43 65 8 75 52 57 46 7 67 51 95 67 50 29 34 63 85 29 50 59 53 69 42 14 83 87 80 22 45 66 101 67 75 62 75 80 51 72 0 39 75 36 88 58 69 75 89 31 68 42 29 32 35 51 78 73 16 62 24 100 70 39 61 37 84 97 79 58 62 26 28 44 7 43 54 79 78 65 49 67 6 35 77 41 50 70 18 86 74 
79 49 63 35 39 46 49 7 32 58 13 66 31 39 37 8 36 46 10 50 50 14 67 22 31 44 59 41 19 6 62 70 37 38 56 39 53 48 68 39 0 36 27 58 28 55 66 64 38 42 5 11 10 18 22 39 65 23 26 15 67 42 29 24 36 51 68 46 19 25 24 43 11 33 43 21 50 39 38 24 58 33 5 58 27 52 43 28 50 37 
47 72 73 70 8 59 58 32 68 59 33 38 36 52 66 41 28 10 46 66 56 22 75 42 65 25 37 13 54 30 70 40 24 7 63 9 34 62 74 75 36 0 51 31 26 53 63 45 66 32 37 46 44 52 31 12 65 59 34 51 35 28 49 14 60 22 40 18 17 13 59 73 31 69 62 23 30 9 30 34 60 69 41 48 46 71 31 62 39 32 
75 23 37 28 48 20 25 33 34 35 39 60 57 15 15 19 29 60 25 23 26 33 41 9 22 65 51 59 19 29 36 66 33 48 32 47 44 22 42 36 27 51 0 53 26 34 43 53 15 32 32 19 17 40 20 57 42 26 52 27 66 35 3 37 10 51 62 46 37 38 41 22 22 30 16 28 44 56 29 17 35 31 22 41 5 25 34 18 75 62 
23 68 61 81 23 51 48 55 84 44 58 8 67 46 67 56 25 28 65 59 46 45 61 47 75 55 9 43 67 52 56 13 21 24 50 22 12 54 59 88 58 31 53 0 31 37 44 17 66 21 60 61 58 75 38 42 46 74 64 69 14 18 50 35 59 9 10 13 41 34 81 73 47 82 58 37 9 39 24 39 45 82 58 26 48 64 19 71 69 63 
54 46 49 51 22 33 33 28 53 37 33 39 47 26 41 25 8 34 34 40 32 20 51 17 45 46 31 37 36 24 46 44 10 22 39 21 25 36 51 58 28 26 26 31 0 32 43 36 41 15 32 30 27 46 7 35 44 43 42 38 42 14 24 15 35 26 41 21 19 15 50 48 17 51 36 9 23 33 11 9 38 52 27 31 21 45 15 41 59 47 
56 35 24 61 46 18 13 56 67 7 62 41 79 19 41 49 26 57 58 25 11 52 24 34 55 78 30 66 53 52 19 47 29 47 13 45 25 20 22 69 55 53 34 37 32 0 11 25 39 21 60 52 49 73 34 65 12 60 74 60 51 26 31 47 33 41 43 39 51 47 74 46 44 63 27 41 29 62 23 31 8 64 52 12 30 29 23 51 91 79 
61 38 20 67 56 23 18 67 74 8 73 46 90 28 46 59 37 67 68 28 17 63 19 44 61 88 36 76 62 63 15 52 39 57 13 55 32 24 16 75 66 63 43 44 43 11 0 30 44 31 71 62 59 83 45 75 3 69 85 70 56 36 40 58 38 49 48 48 62 57 84 51 55 69 32 52 37 72 34 42 8 70 62 18 40 31 33 58 101 90 
31 60 49 81 37 43 38 64 87 32 69 17 80 42 64 60 28 44 69 50 36 56 49 49 75 70 8 58 70 60 44 22 28 38 38 36 12 45 46 89 64 45 53 17 36 25 30 0 63 22 68 65 62 82 42 57 33 78 77 73 27 23 50 47 56 25 18 27 53 46 85 70 53 83 52 45 16 54 26 42 33 84 62 13 48 54 21 71 84 77 
88 13 34 24 63 21 26 45 32 36 51 73 69 21 2 31 43 75 33 19 28 48 38 24 19 80 63 74 23 42 35 79 48 63 32 62 56 21 41 31 38 66 15 66 41 39 44 63 0 46 43 29 28 47 35 72 43 28 64 31 80 49 17 52 7 65 75 61 52 53 45 7 37 27 13 43 57 71 43 32 36 28 33 50 20 19 47 16 88 75 
43 47 43 60 25 31 28 43 65 28 48 28 60 25 46 38 7 36 47 39 26 35 44 27 54 57 19 45 48 39 39 34 8 26 32 24 12 34 43 68 42 32 32 21 15 21 31 22 46 0 47 43 40 60 21 44 33 56 57 51 35 5 30 27 39 22 30 18 33 26 63 53 31 62 37 24 12 41 4 20 29 63 41 16 27 44 2 50 70 59 
80 54 68 38 40 51 54 5 35 63 9 67 26 44 42 13 40 47 13 55 55 15 72 27 35 41 62 39 23 8 67 71 40 39 61 40 56 53 73 42 5 37 32 60 32 60 71 68 43 47 0 16 15 15 27 38 70 26 21 18 68 45 34 25 41 52 69 47 20 26 22 48 16 36 48 23 53 39 43 29 63 36 10 63 32 57 47 32 45 32 
83 41 56 24 46 39 44 18 23 54 24 69 42 34 27 5 37 56 6 42 45 25 60 18 20 55 61 52 8 17 55 74 40 46 51 46 54 41 61 29 11 46 19 61 30 52 62 65 29 43 16 0 3 21 23 50 61 13 37 8 71 44 22 32 28 55 71 50 30 33 22 32 15 23 35 25 53 50 39 23 54 23 6 56 22 44 44 17 61 48 
81 40 54 26 44 37 41 17 26 51 23 66 41 31 27 3 34 54 9 40 42 23 58 15 22 53 58 50 10 15 53 71 37 44 48 44 51 39 59 32 10 44 17 58 27 49 59 62 28 40 15 3 0 24 20 48 58 16 36 11 69 41 19 30 27 53 68 48 28 31 25 33 13 25 33 23 50 48 36 20 51 26 5 53 19 42 41 19 60 47 
95 60 77 34 55 60 65 20 28 75 20 82 33 55 46 24 54 62 15 63 66 30 81 39 33 50 77 51 24 23 76 86 55 54 72 55 71 62 82 35 18 52 40 75 46 73 83 82 47 60 15 21 24 0 40 50 82 22 28 16 83 60 43 40 49 67 84 62 35 41 10 50 29 31 56 38 68 51 56 42 75 30 21 76 43 65 61 33 52 40 
61 41 47 44 28 29 32 23 46 38 29 46 45 22 35 18 14 40 27 36 31 18 50 11 38 48 38 39 29 19 45 51 17 28 38 27 31 32 50 51 22 31 20 38 7 34 45 42 35 21 27 23 20 40 0 37 45 36 40 31 49 21 18 17 29 33 48 28 19 18 43 42 11 44 32 8 30 36 17 3 39 45 20 36 15 41 21 34 59 47 
56 78 84 74 20 66 68 33 71 71 30 49 27 59 72 45 39 17 49 73 67 25 86 48 70 13 49 2 58 33 81 51 36 19 74 21 46 69 86 78 39 12 57 42 35 65 75 57 72 44 38 50 48 50 37 0 77 62 27 54 45 40 55 20 66 33 51 30 20 20 59 78 36 72 69 29 42 3 42 40 72 72 44 60 52 78 43 67 27 21 
64 36 17 66 57 22 17 67 73 7 73 49 90 27 44 58 38 68 67 26 16 63 16 43 60 90 38 78 61 63 12 55 41 58 11 56 34 22 13 73 65 65 42 46 44 12 3 33 43 33 70 61 58 82 45 77 0 68 85 69 59 37 39 59 37 51 51 50 63 59 83 49 55 68 30 52 39 74 35 42 7 69 61 20 39 29 34 57 103 91 
96 40 61 12 59 46 51 30 10 61 35 82 52 41 26 18 50 69 13 46 52 37 65 29 11 67 74 64 8 29 62 87 53 59 58 59 67 47 68 16 23 59 26 74 43 60 69 78 28 56 26 13 16 22 36 62 68 0 47 8 84 57 29 45 31 68 84 63 42 46 17 28 28 10 39 38 66 62 52 36 61 10 19 67 31 47 57 12 71 58 
81 75 86 59 41 69 72 20 55 78 13 71 5 62 63 34 50 43 34 74 71 22 90 45 56 22 70 27 44 23 85 74 49 40 78 42 65 71 90 62 26 34 52 64 42 74 85 77 64 57 21 37 36 28 40 27 85 47 0 39 69 54 53 30 62 55 73 51 24 31 38 69 31 56 68 33 61 29 53 43 79 56 31 73 50 77 56 53 24 12 
91 44 62 20 54 47 52 22 17 62 27 77 44 42 30 13 45 61 5 47 53 29 66 26 18 59 69 56 8 21 63 82 48 53 59 54 62 48 69 24 15 51 27 69 38 60 70 73 31 51 18 8 11 16 31 54 69 8 39 0 79 52 30 39 33 63 79 58 34 40 14 34 23 18 40 33 61 54 47 31 62 18 12 64 30 49 52 17 63 50 
12 82 75 93 29 65 62 63 94 58 66 10 71 60 81 66 38 28 74 73 60 53 75 59 87 58 21 46 78 61 70 7 34 29 64 28 26 68 72 100 67 35 66 14 42 51 56 27 80 35 68 71 69 83 49 45 59 84 69 79 0 31 64 43 73 16 10 21 49 42 90 87 56 93 72 46 23 42 37 51 59 94 67 39 61 78 33 83 72 66 
40 52 48 63 20 36 33 41 66 33 46 25 57 30 50 39 7 31 48 44 31 33 49 29 57 53 17 41 49 37 44 31 5 21 37 19 11 39 47 70 42 28 35 18 14 26 36 23 49 5 45 44 41 60 21 40 37 57 54 52 31 0 33 24 42 17 27 13 30 23 64 56 31 64 42 22 9 37 6 21 33 64 41 20 30 49 3 53 67 56 
72 24 35 31 46 18 22 34 37 32 40 57 58 12 17 21 26 58 28 22 23 33 39 8 25 65 48 57 22 30 34 63 31 46 29 45 41 20 40 39 29 49 3 50 24 31 40 50 17 30 34 22 19 43 18 55 39 29 53 30 64 33 0 35 11 48 59 44 37 36 44 24 22 33 15 26 41 54 27 15 32 34 24 38 3 24 31 21 75 62 
55 58 64 56 15 46 48 20 55 52 23 42 33 39 52 27 21 24 34 53 47 10 66 28 51 31 40 22 40 18 61 46 19 14 54 15 35 49 66 61 24 14 37 35 15 47 58 47 52 27 25 32 30 40 17 20 59 45 30 39 43 24 35 0 46 27 44 22 6 1 47 59 17 55 49 9 31 19 24 20 53 55 28 43 32 58 26 48 44 32 
81 13 30 29 57 15 20 43 36 30 49 66 67 14 8 29 36 69 34 15 22 43 34 18 23 75 56 68 25 39 31 72 41 57 27 56 49 16 37 37 36 60 10 59 35 33 38 56 7 39 41 28 27 49 29 66 37 31 62 33 73 42 11 46 0 58 68 54 47 47 47 14 32 31 8 37 50 65 36 26 30 32 31 43 14 17 40 20 85 72 
28 69 64 77 14 53 50 47 78 48 50 16 58 47 65 50 22 19 58 61 48 37 65 43 71 46 17 34 62 45 60 19 18 15 53 13 17 56 63 84 51 22 51 9 26 41 49 25 65 22 52 55 53 67 33 33 51 68 55 63 16 17 48 27 58 0 18 5 33 26 74 72 40 77 59 30 12 30 23 35 49 78 51 31 46 66 20 67 60 54 
13 76 67 90 32 59 54 64 93 50 67 2 76 54 76 66 34 34 75 66 52 54 67 56 84 64 13 52 76 62 62 4 31 33 56 31 19 61 64 97 68 40 62 10 41 43 48 18 75 30 69 71 68 84 48 51 51 84 73 79 10 27 59 44 68 18 0 22 50 43 91 82 57 91 66 47 18 48 33 48 51 91 68 31 57 70 28 80 78 72 
33 65 61 72 10 49 46 42 73 46 45 20 54 43 61 45 18 19 53 57 44 32 62 38 66 43 19 31 57 40 57 24 13 11 50 9 17 52 60 79 46 18 46 13 21 39 48 27 61 18 47 50 48 62 28 30 50 63 51 58 21 13 44 22 54 5 22 0 28 21 69 68 35 72 55 25 12 27 19 30 46 73 46 31 41 62 16 62 57 50 
61 60 66 54 20 48 51 15 51 56 17 48 28 41 52 25 26 27 29 55 50 5 69 29 50 29 46 22 38 13 64 52 25 20 57 21 41 51 69 58 19 17 37 41 19 51 62 53 52 33 20 30 28 35 19 20 63 42 24 34 49 30 37 6 47 33 50 28 0 7 42 58 16 52 51 11 37 20 29 22 57 52 24 49 34 60 32 47 40 28 
54 59 64 57 14 47 48 21 56 52 24 41 34 40 53 28 21 23 35 54 47 11 66 29 52 31 39 22 41 19 61 45 18 13 54 14 34 50 66 62 25 13 38 34 15 47 57 46 53 26 26 33 31 41 18 20 59 46 31 40 42 23 36 1 47 26 43 21 7 0 48 60 18 56 50 10 30 18 24 21 53 56 29 42 33 59 25 49 44 33 
102 57 76 26 62 61 66 27 19 76 29 89 43 56 43 25 57 69 16 61 67 37 80 40 28 60 81 60 22 30 77 93 60 61 73 62 74 62 83 26 24 59 41 81 50 74 84 85 45 63 22 22 25 10 43 59 83 17 38 14 90 64 44 47 47 74 91 69 42 48 0 45 34 23 54 44 73 60 59 43 76 22 23 77 44 63 64 29 62 50 
95 15 37 21 70 28 33 49 29 43 56 80 74 28 7 35 50 82 36 24 35 53 41 31 17 85 70 80 26 47 39 86 55 70 38 69 63 27 44 28 43 73 22 73 48 46 51 70 7 53 48 32 33 50 42 78 49 28 69 34 87 56 24 59 14 72 82 68 58 60 45 0 42 24 19 50 64 78 50 39 43 25 38 57 27 22 54 17 92 79 
68 45 55 39 31 38 41 12 38 48 18 55 36 31 36 10 25 41 18 43 41 11 59 14 34 43 48 38 23 8 54 59 26 31 48 31 42 40 60 44 11 31 22 47 17 44 55 53 37 31 16 15 13 29 11 36 55 28 31 23 56 31 22 17 32 40 57 35 16 18 34 42 0 38 37 10 39 36 27 13 49 38 11 47 19 46 32 31 53 40 
104 39 61 3 69 46 51 40 5 61 45 89 61 44 25 28 57 79 23 46 53 47 65 35 8 77 81 74 15 39 62 95 61 69 58 69 74 47 68 7 33 69 30 82 51 63 69 83 27 62 36 23 25 31 44 72 68 10 56 18 93 64 33 55 31 77 91 72 52 56 23 24 38 0 39 48 73 72 59 43 61 1 28 71 35 46 64 12 80 68 
79 10 22 36 58 9 14 49 44 24 55 64 73 12 14 35 37 70 41 7 16 48 26 23 31 80 54 71 32 45 23 70 42 58 19 57 47 8 29 43 43 62 16 58 36 27 32 52 13 37 48 35 33 56 32 69 30 39 68 40 72 42 15 49 8 59 66 55 51 50 54 19 37 39 0 40 49 68 36 29 24 40 38 39 18 9 39 28 90 77 
58 49 55 49 21 37 40 19 48 46 24 45 38 30 43 20 17 32 28 44 39 11 58 19 44 40 39 31 33 15 53 49 17 21 46 21 33 40 58 54 21 23 28 37 9 41 52 45 43 24 23 25 23 38 8 29 52 38 33 33 46 22 26 9 37 30 47 25 11 10 44 50 10 48 40 0 30 28 20 11 46 48 21 40 23 49 24 40 51 39 
31 59 52 72 22 42 39 49 75 36 53 16 64 37 58 48 16 31 57 50 37 40 53 38 66 55 9 43 58 45 48 22 13 23 41 21 5 45 51 79 50 30 44 9 23 29 37 16 57 12 53 53 50 68 30 42 39 66 61 61 23 9 41 31 50 12 18 12 37 30 73 64 39 73 49 30 0 39 15 30 37 73 50 19 39 55 10 62 69 61 
53 77 82 74 17 65 66 34 71 68 31 46 30 58 71 45 37 14 49 72 65 25 84 47 70 16 46 4 58 33 79 48 33 16 72 18 43 68 83 78 39 9 56 39 33 62 72 54 71 41 39 50 48 51 36 3 74 62 29 54 42 37 54 19 65 30 48 27 20 18 60 78 36 72 68 28 39 0 39 39 69 72 44 57 51 77 40 67 30 24 
46 46 43 57 23 30 28 39 61 29 44 31 57 24 44 34 3 35 43 38 26 31 45 24 51 55 22 43 44 35 40 37 6 24 33 22 15 33 44 65 38 30 29 24 11 23 34 26 43 4 43 39 36 56 17 42 35 52 53 47 37 6 27 24 36 23 33 19 29 24 59 50 27 59 36 20 15 39 0 16 30 59 37 20 24 43 5 47 68 56 
61 38 44 42 31 26 29 25 45 35 31 46 48 19 32 18 14 43 27 33 28 21 47 8 36 51 38 42 28 21 42 52 18 31 35 30 31 29 47 49 24 34 17 39 9 31 42 42 32 20 29 23 20 42 3 40 42 36 43 31 51 21 15 20 26 35 48 30 22 21 43 39 13 43 29 11 30 39 16 0 36 43 21 34 12 38 21 32 62 50 
64 30 16 59 53 15 10 61 66 1 67 49 84 20 38 51 33 64 60 20 9 57 16 36 53 84 38 73 54 57 11 55 36 54 5 52 33 16 14 67 58 60 35 45 38 8 8 33 36 29 63 54 51 75 39 72 7 61 79 62 59 33 32 53 30 49 51 46 57 53 76 43 49 61 24 46 37 69 30 36 0 62 54 20 32 23 30 50 97 85 
104 40 62 4 69 47 52 40 4 62 45 89 61 45 26 28 57 79 23 47 54 47 66 36 9 77 81 74 16 39 63 95 61 69 59 69 74 48 69 6 33 69 31 82 52 64 70 84 28 63 36 23 26 30 45 72 69 10 56 18 94 64 34 55 32 78 91 73 52 56 22 25 38 1 40 48 73 72 59 43 62 0 29 72 36 47 64 13 80 68 
79 44 58 30 42 41 44 12 29 54 18 66 36 34 32 3 34 51 7 45 45 19 62 18 26 49 58 46 14 11 57 70 37 42 51 42 51 43 63 35 5 41 22 58 27 52 62 62 33 41 10 6 5 21 20 44 61 19 31 12 67 41 24 28 31 51 68 46 24 29 23 38 11 28 38 21 50 44 37 21 54 29 0 55 22 47 41 23 55 42 
44 47 36 69 40 30 25 59 75 19 64 29 76 29 51 52 23 50 61 37 23 51 36 39 63 73 18 61 60 55 31 35 24 41 25 39 14 32 33 77 58 48 41 26 31 12 18 13 50 16 63 56 53 76 36 60 20 67 73 64 39 20 38 43 43 31 31 31 49 42 77 57 47 71 39 40 19 57 20 34 20 72 55 0 37 41 17 59 86 75 
70 26 36 33 43 19 22 31 39 32 37 55 55 12 20 19 24 55 28 24 23 30 40 5 27 62 46 54 23 27 35 61 28 43 29 42 39 21 41 41 27 46 5 48 21 30 40 48 20 27 32 22 19 43 15 52 39 31 50 30 61 30 3 32 14 46 57 41 34 33 44 27 19 35 18 23 39 51 24 12 32 36 22 37 0 27 29 23 72 59 
83 7 15 43 65 13 16 58 51 24 64 68 82 19 21 44 44 77 50 5 18 57 19 32 38 89 57 80 41 54 17 74 49 66 18 64 52 10 22 50 52 71 25 64 45 29 31 54 19 44 57 44 42 65 41 78 29 47 77 49 78 49 24 58 17 66 70 62 60 59 63 22 46 46 9 49 55 77 43 38 23 47 47 41 27 0 46 35 99 86 
41 49 45 62 23 33 30 43 66 30 48 26 59 27 48 39 7 34 48 41 28 35 46 29 56 56 17 44 49 39 41 32 7 24 34 22 10 36 44 70 43 31 34 19 15 23 33 21 47 2 47 44 41 61 21 43 34 57 56 52 33 3 31 26 40 20 28 16 32 25 64 54 32 64 39 24 10 40 5 21 30 64 41 17 29 46 0 52 69 58 
93 28 50 10 61 35 40 35 16 50 41 78 58 32 14 22 46 72 19 35 42 42 54 24 4 72 69 69 9 34 51 84 50 61 47 61 62 36 57 18 28 62 18 71 41 51 58 71 16 50 32 17 19 33 34 67 57 12 53 17 83 53 21 48 20 67 80 62 47 49 29 17 31 12 28 40 62 67 47 32 50 13 23 59 23 35 52 0 77 64 
83 98 106 83 47 88 91 43 79 96 37 76 19 81 87 57 65 44 58 95 90 42 109 67 80 14 76 26 68 46 104 78 62 46 97 48 73 91 109 86 50 39 75 69 59 91 101 84 88 70 45 61 60 52 59 27 103 71 24 63 72 67 75 44 85 60 78 57 40 44 62 92 53 80 90 51 69 30 68 62 97 80 55 86 72 99 69 77 0 13 
77 85 94 70 40 76 79 30 67 84 24 70 8 69 74 44 53 38 45 83 78 29 97 54 67 12 69 20 55 33 92 72 51 39 85 41 66 79 97 74 37 32 62 63 47 79 90 77 75 59 32 48 47 40 47 21 91 58 12 50 66 56 62 32 72 54 72 50 28 33 50 79 40 68 77 39 61 24 56 50 85 68 42 75 59 86 58 64 13 0 
53
63
35
52
38
3
61
65
74
65
57
44
36
54
96
29
1
76
58
86
96
75
94
65
19
97
7
67
73
2
46
94
56
11
48
90
6
100
98
39
49
5
4
94
20
16
3
67
50
14
76
30
64
27
9
18
75
2
18
63
26
74
27
48
5
49
27
83
32
61
14
56
1
6
30
1
85
46
8
83
56
31
24
14
56
81
52
61
54
