35
0 217 93 76 99 141 111 131 203 93 109 175 73 178 87 179 132 152 134 142 110 109 13 153 113 168 136 166 120 140 98 168 46 91 157 
217 0 188 147 170 126 176 176 254 197 180 253 144 249 189 155 85 223 205 219 187 180 230 230 211 245 198 195 191 211 169 232 261 162 228 
93 188 0 145 132 178 194 142 223 9 120 91 142 233 6 109 179 204 81 130 130 142 84 139 159 188 66 106 95 195 131 133 139 157 144 
76 147 145 0 23 75 143 153 152 136 33 106 3 108 151 104 62 76 64 107 59 33 89 96 136 117 147 98 50 70 22 92 122 15 81 
99 170 132 23 0 54 158 141 172 123 12 85 26 131 138 81 85 86 51 94 79 12 112 75 123 137 124 118 37 93 1 115 145 25 104 
141 126 178 75 54 0 197 129 210 175 64 137 78 183 184 69 41 140 103 133 133 64 128 127 162 191 112 109 89 145 53 167 187 79 156 
111 176 194 143 158 197 0 177 220 185 146 219 146 218 192 128 198 219 135 64 167 168 124 209 35 225 171 88 121 213 157 73 157 158 62 
131 176 142 153 141 129 177 0 260 151 153 226 150 230 136 60 91 227 184 113 212 153 144 176 142 270 103 100 170 205 142 242 85 166 231 
203 254 223 152 172 210 220 260 0 214 184 251 155 260 229 239 169 106 216 259 93 178 190 136 255 151 209 250 202 222 173 187 249 167 198 
93 197 9 136 123 175 185 151 214 0 111 82 133 224 15 118 188 209 72 121 121 133 80 148 150 179 75 97 86 186 122 142 139 148 153 
109 180 120 33 12 64 146 153 184 111 0 95 36 141 126 93 95 98 39 82 91 22 122 63 111 149 136 106 25 103 11 125 155 37 114 
175 253 91 106 85 137 219 226 251 82 95 0 109 142 97 166 168 171 134 177 164 73 162 158 184 222 157 179 120 104 84 198 221 110 187 
73 144 142 3 26 78 146 150 155 133 36 109 0 105 148 107 59 79 61 104 62 36 86 99 133 120 150 101 47 67 25 95 119 18 84 
178 249 233 108 131 183 218 230 260 224 141 142 105 0 239 170 164 184 166 154 167 141 191 204 183 225 213 130 152 38 130 200 158 123 189 
87 189 6 151 138 184 192 136 229 15 126 97 148 239 0 115 185 198 87 128 136 148 90 145 157 194 72 112 101 201 137 139 133 163 150 
179 155 109 104 81 69 128 60 239 118 93 166 107 170 115 0 70 167 132 64 159 93 192 116 93 217 43 40 118 174 82 196 145 106 185 
132 85 179 62 85 41 198 91 169 188 95 168 59 164 185 70 0 138 120 134 121 95 145 158 163 179 113 110 106 126 84 154 176 77 143 
152 223 204 76 86 140 219 227 106 209 98 171 79 184 198 167 138 0 137 180 135 98 165 161 209 193 210 174 123 146 87 168 198 61 157 
134 205 81 64 51 103 135 184 216 72 39 134 61 166 87 132 120 137 0 71 123 61 147 102 100 181 147 95 14 128 50 156 180 76 145 
142 219 130 107 94 133 64 113 259 121 82 177 104 154 128 64 134 180 71 0 166 104 155 145 29 224 107 24 57 171 93 137 134 119 126 
110 187 130 59 79 133 167 212 93 121 91 164 62 167 136 159 121 135 123 166 0 91 97 43 195 58 116 157 109 129 80 94 156 74 105 
109 180 142 33 12 64 168 153 178 133 22 73 36 141 148 93 95 98 61 104 91 0 122 85 133 149 136 128 47 103 11 125 155 37 114 
13 230 84 89 112 128 124 144 190 80 122 162 86 191 90 192 145 165 147 155 97 122 0 140 126 155 149 177 133 153 111 181 59 104 170 
153 230 139 96 75 127 209 176 136 148 63 158 99 204 145 116 158 161 102 145 43 85 140 0 174 101 73 156 88 166 74 137 199 100 148 
113 211 159 136 123 162 35 142 255 150 111 184 133 183 157 93 163 209 100 29 195 133 126 174 0 253 136 53 86 200 122 108 131 148 97 
168 245 188 117 137 191 225 270 151 179 149 222 120 225 194 217 179 193 181 224 58 149 155 101 253 0 174 206 167 187 138 152 214 132 163 
136 198 66 147 124 112 171 103 209 75 136 157 150 213 72 43 113 210 147 107 116 136 149 73 136 174 0 83 161 217 125 199 182 149 210 
166 195 106 98 118 109 88 100 250 97 106 179 101 130 112 40 110 174 95 24 157 128 177 156 53 206 83 0 81 168 117 161 158 113 150 
120 191 95 50 37 89 121 170 202 86 25 120 47 152 101 118 106 123 14 57 109 47 133 88 86 167 161 81 0 114 36 142 166 62 131 
140 211 195 70 93 145 213 205 222 186 103 104 67 38 201 174 126 146 128 171 129 103 153 166 200 187 217 168 114 0 92 162 120 85 151 
98 169 131 22 1 53 157 142 173 122 11 84 25 130 137 82 84 87 50 93 80 11 111 74 122 138 125 117 36 92 0 114 144 26 103 
168 232 133 92 115 167 73 242 187 142 125 198 95 200 139 196 154 168 156 137 94 125 181 137 108 152 199 161 142 162 114 0 157 107 11 
46 261 139 122 145 187 157 85 249 139 155 221 119 158 133 145 176 198 180 134 156 155 59 199 131 214 182 158 166 120 144 157 0 137 146 
91 162 157 15 25 79 158 166 167 148 37 110 18 123 163 106 77 61 76 119 74 37 104 100 148 132 149 113 62 85 26 107 137 0 96 
157 228 144 81 104 156 62 231 198 153 114 187 84 189 150 185 143 157 145 126 105 114 170 148 97 163 210 150 131 151 103 11 146 96 0 
53
15
58
70
52
68
33
8
2
2
8
53
15
80
7
67
63
92
61
92
67
41
17
54
57
89
69
50
43
3
21
46
83
2
