40
0 110 120 101 51 113 105 86 98 123 117 172 91 123 129 101 104 70 35 96 37 69 109 154 35 82 98 178 68 176 75 70 130 97 104 192 159 91 117 57 
110 0 139 81 59 43 76 66 76 45 7 114 32 101 81 79 14 41 75 15 140 49 83 104 138 62 13 152 42 146 48 48 59 77 78 108 83 71 63 53 
120 139 0 112 124 181 140 97 109 155 146 118 147 91 140 106 125 105 140 130 157 90 107 86 155 77 132 163 129 217 136 91 158 74 165 174 154 68 107 118 
101 81 112 0 75 124 91 15 12 116 88 131 84 37 58 15 67 56 91 82 115 32 75 148 113 45 84 140 75 135 68 33 100 50 111 121 91 44 83 69 
51 59 124 75 0 94 54 67 63 79 66 134 40 82 110 60 73 19 16 45 88 50 58 103 86 63 47 127 17 125 24 49 79 62 53 142 117 56 66 6 
113 43 181 124 94 0 119 109 119 88 50 157 54 113 124 122 57 84 110 58 97 92 118 126 95 105 56 187 77 185 70 91 102 120 113 151 126 114 106 88 
105 76 140 91 54 119 0 83 79 95 83 159 78 98 126 76 90 35 70 61 135 66 90 127 137 79 63 168 59 167 66 65 105 78 95 93 133 72 108 48 
86 66 97 15 67 109 83 0 27 108 73 116 81 52 43 30 52 48 83 74 100 17 60 140 98 30 76 125 72 150 79 18 85 35 108 106 106 29 68 61 
98 76 109 12 63 119 79 27 0 104 83 132 87 25 70 3 62 44 79 70 127 29 72 136 125 42 72 147 68 142 75 28 95 57 104 133 79 51 90 57 
123 45 155 116 79 88 95 108 104 0 38 128 77 123 126 101 59 60 88 60 160 91 115 96 158 104 58 173 84 101 91 90 104 103 120 128 38 97 108 73 
117 7 146 88 66 50 83 73 83 38 0 121 39 108 88 86 21 48 82 22 147 56 90 111 145 69 20 159 49 139 55 55 66 84 85 115 76 78 70 60 
172 114 118 131 134 157 159 116 132 128 121 0 104 157 159 135 128 124 150 99 209 103 120 32 207 90 101 109 117 151 120 104 55 105 153 196 166 99 138 128 
91 32 147 84 40 54 78 81 87 77 39 104 0 106 113 84 46 43 56 17 128 64 64 72 126 77 19 133 23 131 16 63 61 86 59 114 115 80 65 34 
123 101 91 37 82 113 98 52 25 123 108 157 106 0 95 22 87 63 98 89 152 54 97 155 150 67 91 172 87 167 94 53 120 82 123 158 104 76 115 76 
129 81 140 58 110 124 126 43 70 126 88 159 113 95 0 73 95 91 126 96 143 60 103 183 141 73 94 168 115 193 122 61 128 78 151 149 149 72 111 104 
101 79 106 15 60 122 76 30 3 101 86 135 84 22 73 0 65 41 76 67 130 32 75 133 128 45 69 150 65 145 72 31 98 60 101 136 82 54 93 54 
104 14 125 67 73 57 90 52 62 59 21 128 46 87 95 65 0 55 89 29 141 35 78 118 139 48 27 153 56 160 62 34 73 63 92 122 97 57 77 67 
70 41 105 56 19 84 35 48 44 60 48 124 43 63 91 41 55 0 35 26 100 31 55 92 102 44 28 133 24 132 31 30 70 43 60 123 98 37 73 13 
35 75 140 91 16 110 70 83 79 88 82 150 56 98 126 76 89 35 0 61 72 66 74 119 70 79 63 143 33 141 40 65 95 78 69 158 126 72 82 22 
96 15 130 82 45 58 61 74 70 60 22 99 17 89 96 67 29 26 61 0 126 57 81 89 128 70 2 150 40 140 33 56 44 69 76 97 98 63 48 39 
37 140 157 115 88 97 135 100 127 160 147 209 128 152 143 130 141 100 72 126 0 106 146 191 2 119 128 215 105 213 112 107 167 134 141 206 196 128 154 94 
69 49 90 32 50 92 66 17 29 91 56 103 64 54 60 32 35 31 66 57 106 0 43 123 104 13 59 118 55 153 62 1 68 28 91 123 90 22 61 44 
109 83 107 75 58 118 90 60 72 115 90 120 64 97 103 75 78 55 74 81 146 43 0 136 144 30 83 135 41 149 48 44 103 45 77 166 107 39 78 52 
154 104 86 148 103 126 127 140 136 96 111 32 72 155 183 133 118 92 119 89 191 123 136 0 189 122 91 77 95 183 88 122 87 135 131 186 134 129 137 105 
35 138 155 113 86 95 137 98 125 158 145 207 126 150 141 128 139 102 70 128 2 104 144 189 0 117 130 213 103 211 110 105 165 132 139 204 194 126 152 92 
82 62 77 45 63 105 79 30 42 104 69 90 77 67 73 45 48 44 79 70 119 13 30 122 117 0 72 105 68 140 75 14 81 15 104 136 77 9 48 57 
98 13 132 84 47 56 63 76 72 58 20 101 19 91 94 69 27 28 63 2 128 59 83 91 130 72 0 152 42 142 35 58 46 71 78 95 96 65 50 41 
178 152 163 140 127 187 168 125 147 173 159 109 133 172 168 150 153 133 143 150 215 118 135 77 213 105 152 0 110 146 117 119 164 102 74 231 182 96 135 121 
68 42 129 75 17 77 59 72 68 84 49 117 23 87 115 65 56 24 33 40 105 55 41 95 103 68 42 110 0 108 7 54 62 67 36 137 122 61 49 11 
176 146 217 135 125 185 167 150 142 101 139 151 131 167 193 145 160 132 141 140 213 153 149 183 211 140 142 146 108 0 115 154 96 155 72 125 63 149 157 119 
75 48 136 68 24 70 66 79 75 91 55 120 16 94 122 72 62 31 40 33 112 62 48 88 110 75 35 117 7 115 0 61 69 74 43 130 129 68 56 18 
70 48 91 33 49 91 65 18 28 90 55 104 63 53 61 31 34 30 65 56 107 1 44 122 105 14 58 119 54 154 61 0 67 29 90 124 91 23 62 43 
130 59 158 100 79 102 105 85 95 104 66 55 61 120 128 98 73 70 95 44 167 68 103 87 165 81 46 164 62 96 69 67 0 96 98 141 142 90 92 73 
97 77 74 50 62 120 78 35 57 103 84 105 86 82 78 60 63 43 78 69 134 28 45 135 132 15 71 102 67 155 74 29 96 0 103 141 92 6 45 56 
104 78 165 111 53 113 95 108 104 120 85 153 59 123 151 101 92 60 69 76 141 91 77 131 139 104 78 74 36 72 43 90 98 103 0 173 135 97 85 47 
192 108 174 121 142 151 93 106 133 128 115 196 114 158 149 136 122 123 158 97 206 123 166 186 204 136 95 231 137 125 130 124 141 141 173 0 90 135 97 136 
159 83 154 91 117 126 133 106 79 38 76 166 115 104 149 82 97 98 126 98 196 90 107 134 194 77 96 182 122 63 129 91 142 92 135 90 0 86 125 111 
91 71 68 44 56 114 72 29 51 97 78 99 80 76 72 54 57 37 72 63 128 22 39 129 126 9 65 96 61 149 68 23 90 6 97 135 86 0 39 50 
117 63 107 83 66 106 108 68 90 108 70 138 65 115 111 93 77 73 82 48 154 61 78 137 152 48 50 135 49 157 56 62 92 45 85 97 125 39 0 60 
57 53 118 69 6 88 48 61 57 73 60 128 34 76 104 54 67 13 22 39 94 44 52 105 92 57 41 121 11 119 18 43 73 56 47 136 111 50 60 0 
60
38
90
70
49
96
10
70
74
93
46
64
83
31
85
16
30
45
42
7
73
30
16
59
36
90
27
47
66
15
4
7
42
51
3
73
40
70
75
