50
0 101 86 92 74 93 253 204 46 99 125 124 186 106 38 146 66 117 191 85 133 113 128 126 120 135 90 105 97 161 134 133 121 200 140 127 117 32 133 136 69 130 146 76 68 142 122 127 127 140 
101 0 20 138 120 123 299 198 147 135 59 139 171 142 68 155 35 96 150 97 102 145 87 60 93 100 53 133 31 110 95 96 61 201 176 86 78 74 120 97 111 99 115 106 114 121 141 61 107 74 
86 20 0 118 100 103 279 178 132 119 39 144 151 126 48 161 55 76 130 77 82 125 67 40 73 80 73 113 11 90 75 110 41 181 160 66 58 54 100 77 91 119 135 86 94 141 132 41 127 54 
92 138 118 0 120 135 299 188 46 83 112 108 162 76 130 130 132 148 183 113 162 179 159 109 151 146 181 89 129 179 142 146 77 246 124 158 125 124 49 144 161 119 135 152 114 172 152 108 111 120 
74 120 100 120 0 129 191 142 120 37 116 62 160 44 112 84 137 113 169 23 89 133 104 113 110 73 148 43 111 117 148 128 59 138 78 105 131 106 71 128 143 73 89 140 6 126 106 114 65 99 
93 123 103 135 129 0 308 130 89 120 99 95 141 127 55 117 149 64 120 106 40 113 55 96 61 56 119 126 111 68 115 162 125 169 161 56 98 61 154 79 98 156 172 17 123 83 63 97 148 82 
253 299 279 299 191 308 0 321 299 216 295 241 339 223 291 263 316 292 348 202 268 312 283 292 289 252 257 222 290 296 327 300 238 317 257 284 310 285 250 307 262 252 268 319 185 305 285 293 244 278 
204 198 178 188 142 130 321 0 219 105 141 130 271 112 185 152 205 184 250 153 170 189 185 138 187 178 210 99 167 198 171 253 189 268 146 186 154 191 139 173 225 141 157 147 136 194 174 137 133 152 
46 147 132 46 120 89 299 219 0 129 143 154 208 122 84 169 112 153 209 131 129 159 144 140 150 145 136 135 143 157 105 179 123 225 170 145 122 78 95 126 115 113 129 106 114 172 152 139 121 154 
99 135 119 83 37 120 216 105 129 0 82 25 174 7 128 47 100 79 153 48 103 96 90 79 82 98 111 6 108 131 114 153 84 163 41 89 97 131 34 114 120 36 52 103 31 89 69 80 28 93 
125 59 39 112 116 99 295 141 143 82 0 107 150 89 87 124 72 74 129 93 59 122 64 3 72 43 69 76 32 75 38 112 60 158 123 65 21 93 63 40 121 118 119 116 110 117 97 4 110 17 
124 139 144 108 62 95 241 130 154 25 107 0 167 32 116 22 125 104 177 73 128 121 115 104 107 123 86 31 133 156 139 129 109 188 66 114 122 122 59 139 140 61 77 78 56 64 44 105 53 118 
186 171 151 162 160 141 339 271 208 174 150 167 0 167 196 145 180 95 21 167 101 144 86 147 92 117 219 180 140 129 146 237 168 145 215 85 129 202 194 110 175 187 203 158 154 134 154 146 195 143 
106 142 126 76 44 127 223 112 122 7 89 32 167 0 135 54 107 72 146 55 96 103 83 86 75 105 118 13 115 124 120 160 91 170 48 82 103 138 27 107 127 43 59 110 38 96 76 86 35 100 
38 68 48 130 112 55 291 185 84 128 87 116 196 135 0 138 103 119 175 123 95 91 110 88 116 107 64 122 59 123 123 107 89 197 122 111 106 6 138 125 43 128 144 38 106 104 84 89 120 102 
146 155 161 130 84 117 263 152 169 47 124 22 145 54 138 0 120 126 166 95 150 143 137 121 129 145 108 53 150 178 153 151 131 183 88 136 136 144 81 155 162 56 72 100 78 86 66 120 64 135 
66 35 55 132 137 149 316 205 112 100 72 125 180 107 103 120 0 105 159 132 109 152 94 69 102 109 88 106 66 105 68 131 96 188 141 95 51 98 127 70 135 64 80 141 131 86 106 68 72 83 
117 96 76 148 113 64 292 184 153 79 74 104 95 72 119 126 105 0 74 90 24 69 11 71 3 40 143 85 65 52 71 162 93 111 120 10 54 125 99 35 100 115 131 81 107 147 127 71 107 57 
191 150 130 183 169 120 348 250 209 153 129 177 21 146 175 166 159 74 0 146 80 123 65 126 71 96 198 159 119 108 125 216 147 124 194 64 108 181 173 89 154 189 187 137 163 113 133 125 181 122 
85 97 77 113 23 106 202 153 131 48 93 73 167 55 123 95 132 90 146 0 66 139 81 90 87 50 148 54 88 94 125 105 36 149 89 82 108 117 82 105 154 84 100 123 17 137 117 91 76 76 
133 102 82 162 89 40 268 170 129 103 59 128 101 96 95 150 109 24 80 66 0 73 15 56 21 16 128 109 71 28 75 154 85 129 144 16 58 101 116 39 104 118 134 57 83 123 103 57 126 42 
113 145 125 179 133 113 312 189 159 96 122 121 144 103 91 143 152 69 123 139 73 0 58 119 66 89 143 90 114 101 118 186 142 174 137 59 101 85 130 82 122 132 148 129 127 185 165 118 124 110 
128 87 67 159 104 55 283 185 144 90 64 115 86 83 110 137 94 11 65 81 15 58 0 61 8 31 133 96 56 43 60 153 84 116 131 1 43 116 110 24 89 126 122 72 98 138 118 60 118 57 
126 60 40 109 113 96 292 138 140 79 3 104 147 86 88 121 69 71 126 90 56 119 61 0 69 40 72 73 29 72 35 115 57 155 120 62 18 94 60 37 118 115 116 113 107 114 94 1 107 14 
120 93 73 151 110 61 289 187 150 82 72 107 92 75 116 129 102 3 71 87 21 66 8 69 0 37 141 88 62 49 68 159 90 108 123 7 51 122 102 32 97 118 130 78 104 144 124 68 110 60 
135 100 80 146 73 56 252 178 145 98 43 123 117 105 107 145 109 40 96 50 16 89 31 40 37 0 112 104 69 44 75 138 69 145 139 32 58 113 100 55 120 134 150 73 67 139 119 41 126 26 
90 53 73 181 148 119 257 210 136 111 69 86 219 118 64 108 88 143 198 148 128 143 133 72 141 112 0 117 84 144 107 43 112 227 152 134 90 58 132 109 95 147 163 102 142 150 130 73 139 86 
105 133 113 89 43 126 222 99 135 6 76 31 180 13 122 53 106 85 159 54 109 90 96 73 88 104 117 0 102 137 108 159 90 169 47 95 91 128 40 110 126 42 58 109 37 95 75 74 34 87 
97 31 11 129 111 111 290 167 143 108 32 133 140 115 59 150 66 65 119 88 71 114 56 29 62 69 84 102 0 79 64 121 52 170 149 55 47 65 89 66 102 130 145 97 105 143 123 30 136 43 
161 110 90 179 117 68 296 198 157 131 75 156 129 124 123 178 105 52 108 94 28 101 43 72 49 44 144 137 79 0 71 182 113 157 172 44 54 129 130 35 132 146 133 85 111 151 131 71 154 70 
134 95 75 142 148 115 327 171 105 114 38 139 146 120 123 153 68 71 125 125 75 118 60 35 68 75 107 108 64 71 0 150 92 120 155 61 17 129 93 36 117 97 81 132 142 147 127 34 105 49 
133 96 110 146 128 162 300 253 179 153 112 129 237 160 107 151 131 162 216 105 154 186 153 115 159 138 43 159 121 182 150 0 69 224 149 152 133 101 175 152 70 189 205 145 122 193 173 116 181 112 
121 61 41 77 59 125 238 189 123 84 60 109 168 91 89 131 96 93 147 36 85 142 84 57 90 69 112 90 52 113 92 69 0 185 125 83 75 95 117 94 132 120 136 127 53 171 151 58 112 43 
200 201 181 246 138 169 317 268 225 163 158 188 145 170 197 183 188 111 124 149 129 174 116 155 108 145 227 169 170 157 120 224 185 0 204 115 137 191 197 140 154 127 143 186 132 221 232 154 135 168 
140 176 160 124 78 161 257 146 170 41 123 66 215 48 122 88 141 120 194 89 144 137 131 120 123 139 152 47 149 172 155 149 125 204 0 130 138 116 75 155 79 77 93 144 72 130 110 121 69 134 
127 86 66 158 105 56 284 186 145 89 65 114 85 82 111 136 95 10 64 82 16 59 1 62 7 32 134 95 55 44 61 152 83 115 130 0 44 117 109 25 90 125 123 73 99 139 119 61 117 58 
117 78 58 125 131 98 310 154 122 97 21 122 129 103 106 136 51 54 108 108 58 101 43 18 51 58 90 91 47 54 17 133 75 137 138 44 0 112 76 19 100 114 98 115 125 130 110 17 113 32 
32 74 54 124 106 61 285 191 78 131 93 122 202 138 6 144 98 125 181 117 101 85 116 94 122 113 58 128 65 129 129 101 95 191 116 117 112 0 144 131 37 122 138 44 100 110 90 95 114 108 
133 120 100 49 71 154 250 139 95 34 63 59 194 27 138 81 127 99 173 82 116 130 110 60 102 100 132 40 89 130 93 175 117 197 75 109 76 144 0 95 154 70 86 137 65 123 103 59 62 74 
136 97 77 144 128 79 307 173 126 114 40 139 110 107 125 155 70 35 89 105 39 82 24 37 32 55 109 110 66 35 36 152 94 140 155 25 19 131 95 0 113 114 98 96 122 149 129 36 122 51 
69 111 91 161 143 98 262 225 115 120 121 140 175 127 43 162 135 100 154 154 104 122 89 118 97 120 95 126 102 132 117 70 132 154 79 90 100 37 154 113 0 156 172 81 137 147 127 117 148 132 
130 99 119 119 73 156 252 141 113 36 118 61 187 43 128 56 64 115 189 84 118 132 126 115 118 134 147 42 130 146 97 189 120 127 77 125 114 122 70 114 156 0 16 139 67 125 105 116 8 129 
146 115 135 135 89 172 268 157 129 52 119 77 203 59 144 72 80 131 187 100 134 148 122 116 130 150 163 58 145 133 81 205 136 143 93 123 98 138 86 98 172 16 0 155 83 141 121 115 24 130 
76 106 86 152 140 17 319 147 106 103 116 78 158 110 38 100 141 81 137 123 57 129 72 113 78 73 102 109 97 85 132 145 127 186 144 73 115 44 137 96 81 139 155 0 134 66 46 114 131 99 
68 114 94 114 6 123 185 136 114 31 110 56 154 38 106 78 131 107 163 17 83 127 98 107 104 67 142 37 105 111 142 122 53 132 72 99 125 100 65 122 137 67 83 134 0 120 100 108 59 93 
142 121 141 172 126 83 305 194 172 89 117 64 134 96 104 86 86 147 113 137 123 185 138 114 144 139 150 95 143 151 147 193 171 221 130 139 130 110 123 149 147 125 141 66 120 0 20 113 117 128 
122 141 132 152 106 63 285 174 152 69 97 44 154 76 84 66 106 127 133 117 103 165 118 94 124 119 130 75 123 131 127 173 151 232 110 119 110 90 103 129 127 105 121 46 100 20 0 93 97 108 
127 61 41 108 114 97 293 137 139 80 4 105 146 86 89 120 68 71 125 91 57 118 60 1 68 41 73 74 30 71 34 116 58 154 121 61 17 95 59 36 117 116 115 114 108 113 93 0 108 15 
127 107 127 111 65 148 244 133 121 28 110 53 195 35 120 64 72 107 181 76 126 124 118 107 110 126 139 34 136 154 105 181 112 135 69 117 113 114 62 122 148 8 24 131 59 117 97 108 0 121 
140 74 54 120 99 82 278 152 154 93 17 118 143 100 102 135 83 57 122 76 42 110 57 14 60 26 86 87 43 70 49 112 43 168 134 58 32 108 74 51 132 129 130 99 93 128 108 15 121 0 
35
17
69
1
21
76
98
21
39
40
83
87
45
62
18
55
61
69
46
44
53
9
67
6
9
15
55
5
33
98
85
26
65
66
5
64
77
53
78
3
97
42
77
8
59
22
86
94
76
