12
0 389 255 125 78 83 215 186 370 300 69 14 
389 0 502 309 430 435 222 203 64 501 365 403 
255 502 0 215 294 299 445 441 438 519 189 244 
125 309 215 0 203 208 312 311 245 386 56 111 
78 430 294 203 0 5 270 227 421 319 147 92 
83 435 299 208 5 0 275 232 416 314 152 97 
215 222 445 312 270 275 0 401 286 279 256 201 
186 203 441 311 227 232 401 0 267 486 255 200 
370 64 438 245 421 416 286 267 0 565 301 356 
300 501 519 386 319 314 279 486 565 0 330 314 
69 365 189 56 147 152 256 255 301 330 0 55 
14 403 244 111 92 97 201 200 356 314 55 0 
57
70
26
3
24
33
25
74
6
4
18
