60
0 28 39 9 34 99 54 37 96 78 17 94 46 67 61 50 11 21 39 66 55 89 96 45 67 56 54 38 61 66 58 72 32 30 59 36 68 36 57 23 48 73 39 45 24 14 57 44 77 61 78 39 93 11 49 1 67 72 93 47 
28 0 33 35 28 85 67 48 68 77 11 88 18 83 55 22 37 37 57 48 27 66 88 52 47 28 26 54 61 48 66 49 58 2 53 22 40 49 29 49 39 45 63 39 52 30 40 60 49 42 59 19 74 39 60 27 85 60 79 60 
39 33 0 46 5 83 87 64 101 110 22 118 51 106 88 43 48 60 66 81 60 99 86 82 80 61 59 77 94 81 85 82 69 35 64 55 73 63 62 60 72 78 66 50 51 53 73 83 82 75 83 52 98 38 76 38 94 33 112 80 
9 35 46 0 41 106 63 46 92 69 24 103 53 76 70 57 18 30 48 70 51 80 103 36 69 52 61 47 70 72 67 63 39 37 66 45 75 45 64 14 39 74 48 52 33 23 48 53 73 52 83 47 98 20 58 8 76 79 102 56 
34 28 5 41 0 88 82 59 96 105 17 116 46 101 83 38 43 55 61 76 55 94 81 77 75 56 54 72 89 76 80 77 64 30 59 50 68 58 57 55 67 73 61 45 46 48 68 78 77 70 78 47 93 33 71 33 89 38 107 75 
99 85 83 106 88 0 127 133 124 144 96 135 99 140 122 103 88 94 138 116 83 126 158 114 115 84 111 111 117 104 147 109 129 83 134 65 109 134 114 120 95 130 119 124 123 87 102 117 105 98 105 68 90 110 121 98 166 50 122 120 
54 67 87 63 82 127 0 63 116 92 65 79 84 93 70 88 65 47 93 57 88 79 87 89 56 89 41 64 87 92 86 62 86 68 107 62 106 64 38 77 87 60 93 37 78 40 77 70 97 73 87 65 83 65 75 55 121 120 119 7 
37 48 64 46 59 133 63 0 72 48 54 57 66 49 26 67 48 58 54 29 50 53 72 63 30 51 22 75 42 29 23 36 69 50 50 70 88 1 25 52 62 41 54 82 39 51 51 59 53 47 43 67 58 26 12 38 82 83 127 56 
96 68 101 92 96 124 116 72 0 68 79 107 86 119 46 69 105 105 71 74 41 84 120 72 73 42 75 108 56 43 93 67 106 70 48 87 88 71 78 78 53 94 77 86 92 98 60 73 19 56 29 87 44 96 60 95 99 74 144 109 
78 77 110 69 105 144 92 48 68 0 88 105 95 95 22 79 87 99 100 73 71 95 120 77 72 72 51 116 90 77 69 78 82 79 78 99 70 47 54 55 80 70 100 115 85 92 89 107 49 86 39 96 54 72 60 77 128 104 156 85 
17 11 22 24 17 96 65 54 79 88 0 99 29 84 66 33 26 38 56 59 38 77 98 60 58 39 37 55 72 59 75 60 47 13 42 33 51 53 40 38 50 56 56 28 41 31 51 61 60 53 70 30 85 28 66 16 84 55 90 58 
94 88 118 103 116 135 79 57 107 105 99 0 106 106 83 110 105 112 111 84 103 106 129 104 83 104 62 129 99 86 80 89 126 90 107 110 128 58 65 109 115 43 109 82 96 105 92 116 88 88 98 107 113 83 69 95 139 85 167 72 
46 18 51 53 46 99 84 66 86 95 29 106 0 97 73 36 55 51 71 38 45 48 70 58 37 46 44 68 79 66 80 31 76 16 71 40 54 67 47 67 57 63 81 57 70 44 46 74 67 42 76 37 91 57 78 45 99 78 97 77 
67 83 106 76 101 140 93 49 119 95 84 106 97 0 73 70 78 60 88 68 96 87 121 97 69 97 71 29 91 78 26 70 99 81 97 75 91 48 74 90 108 90 74 112 59 53 85 83 100 81 90 78 105 72 61 68 116 99 132 86 
61 55 88 70 83 122 70 26 46 22 66 83 73 73 0 57 72 82 78 51 49 73 98 80 50 50 29 97 68 55 47 56 60 57 56 77 83 25 32 77 61 48 78 93 63 75 68 85 27 64 17 74 32 50 38 62 106 82 134 63 
50 22 43 57 38 103 88 67 69 79 33 110 36 70 57 0 59 55 35 70 49 57 106 70 69 50 48 72 83 70 44 67 80 20 75 44 58 66 51 71 61 67 68 61 53 48 58 78 50 62 40 41 55 61 79 49 63 76 101 81 
11 37 48 18 43 88 65 48 105 87 26 105 55 78 72 59 0 32 50 77 64 98 105 54 78 65 63 49 72 77 69 81 41 39 68 47 77 47 66 32 57 82 50 54 35 25 66 55 86 70 89 49 104 22 60 10 78 81 104 58 
21 37 60 30 55 94 47 58 105 99 38 112 51 60 82 55 32 0 60 79 64 89 117 66 78 65 63 31 54 67 79 72 53 35 80 29 73 57 66 44 69 82 60 66 45 7 73 37 86 77 95 32 110 32 70 22 88 93 86 40 
39 57 66 48 61 138 93 54 71 100 56 111 71 88 78 35 50 60 0 83 84 92 126 84 84 85 76 77 96 83 75 90 71 55 98 75 93 53 79 62 87 95 56 84 41 53 92 83 85 96 75 76 90 28 66 40 28 99 132 86 
66 48 81 70 76 116 57 29 74 73 59 84 38 68 51 70 77 79 83 0 33 24 101 34 1 34 22 48 67 54 42 7 44 50 77 70 88 30 19 56 45 41 58 80 68 72 22 84 55 18 65 67 80 55 41 67 111 66 99 50 
55 27 60 51 55 83 88 50 41 71 38 103 45 96 49 49 64 64 84 33 0 43 98 31 32 1 53 67 34 21 73 26 75 29 51 49 67 51 50 37 12 72 36 62 51 57 19 51 22 15 32 46 47 64 38 54 112 33 106 81 
89 66 99 80 94 126 79 53 84 95 77 106 48 87 73 57 98 89 92 24 43 0 118 44 23 44 44 58 77 64 66 17 66 64 94 88 102 54 41 66 55 63 68 102 83 82 32 94 65 28 75 85 90 79 65 88 120 76 123 72 
96 88 86 103 81 158 87 72 120 120 98 129 70 121 98 106 105 117 126 101 98 118 0 128 102 99 94 134 90 77 95 101 64 86 107 110 124 73 97 117 110 113 115 110 111 110 116 107 120 112 115 107 130 98 60 95 154 108 167 80 
45 52 82 36 77 114 89 63 72 77 60 104 58 97 80 70 54 66 84 34 31 44 128 0 33 32 54 68 65 52 76 27 75 50 82 74 88 64 51 22 43 73 48 88 63 59 12 79 53 16 63 71 78 56 69 44 112 64 124 82 
67 47 80 69 75 115 56 30 73 72 58 83 37 69 50 69 78 78 84 1 32 23 102 33 0 33 21 47 66 53 43 6 43 49 76 69 87 31 18 55 44 40 57 79 69 71 21 83 54 17 64 66 79 56 42 68 112 65 100 49 
56 28 61 52 56 84 89 51 42 72 39 104 46 97 50 50 65 65 85 34 1 44 99 32 33 0 54 68 35 22 74 27 76 30 52 50 68 52 51 38 13 73 35 63 50 58 20 52 23 16 33 47 48 63 39 55 113 34 107 82 
54 26 59 61 54 111 41 22 75 51 37 62 44 71 29 48 63 63 76 22 53 44 94 54 21 54 0 68 64 51 45 27 64 28 72 48 66 23 3 74 65 19 76 64 61 56 42 81 56 38 46 45 61 48 34 53 104 86 105 34 
38 54 77 47 72 111 64 75 108 116 55 129 68 29 97 72 49 31 77 48 67 58 134 68 47 68 68 0 70 83 55 41 70 52 97 46 90 74 65 61 79 87 77 83 62 24 56 54 89 52 99 49 114 49 87 39 105 100 103 57 
61 61 94 70 89 117 87 42 56 90 72 99 79 91 68 83 72 54 96 67 34 77 90 65 66 35 64 70 0 13 65 60 93 63 85 57 101 43 67 71 46 83 70 83 81 47 53 17 56 49 66 60 81 68 30 62 124 67 114 80 
66 48 81 72 76 104 92 29 43 77 59 86 66 78 55 70 77 67 83 54 21 64 77 52 53 22 51 83 13 0 52 47 96 50 72 44 88 30 54 58 33 70 57 83 68 60 40 30 43 36 53 47 68 55 17 67 111 54 101 85 
58 66 85 67 80 147 86 23 93 69 75 80 80 26 47 44 69 79 75 42 73 66 95 76 43 74 45 55 65 52 0 49 86 64 71 88 65 22 48 75 85 64 75 103 60 72 64 82 74 60 64 85 79 47 35 59 103 105 141 79 
72 49 82 63 77 109 62 36 67 78 60 89 31 70 56 67 81 72 90 7 26 17 101 27 6 27 27 41 60 47 49 0 49 47 77 71 85 37 24 49 38 46 51 85 66 65 15 77 48 11 58 68 73 62 48 71 118 59 106 55 
32 58 69 39 64 129 86 69 106 82 47 126 76 99 60 80 41 53 71 44 75 66 64 75 43 76 64 70 93 96 86 49 0 60 89 68 98 68 61 53 78 83 71 75 56 46 64 76 87 60 77 70 92 43 81 31 99 102 125 79 
30 2 35 37 30 83 68 50 70 79 13 90 16 81 57 20 39 35 55 50 29 64 86 50 49 30 28 52 63 50 64 47 60 0 55 24 38 51 31 51 41 47 65 41 54 28 38 58 51 42 60 21 75 41 62 29 83 62 81 61 
59 53 64 66 59 134 107 50 48 78 42 107 71 97 56 75 68 80 98 77 51 94 107 82 76 52 72 97 85 72 71 77 89 55 0 75 93 49 75 80 63 91 87 70 83 73 70 102 29 66 39 72 54 70 62 58 126 84 132 100 
36 22 55 45 50 65 62 70 87 99 33 110 40 75 77 44 47 29 75 70 49 88 110 74 69 50 48 46 57 44 88 71 68 24 75 0 62 71 51 59 61 67 75 61 60 22 62 52 71 64 81 3 96 47 61 37 103 82 57 55 
68 40 73 75 68 109 106 88 88 70 51 128 54 91 83 58 77 73 93 88 67 102 124 88 87 68 66 90 101 88 65 85 98 38 93 62 0 87 69 89 79 85 103 79 92 66 76 96 76 80 66 59 51 79 100 67 101 100 119 99 
36 49 63 45 58 134 64 1 71 47 53 58 67 48 25 66 47 57 53 30 51 54 73 64 31 52 23 74 43 30 22 37 68 51 49 71 87 0 26 53 63 42 53 81 38 50 52 60 52 48 42 68 57 25 13 37 81 84 128 57 
57 29 62 64 57 114 38 25 78 54 40 65 47 74 32 51 66 66 79 19 50 41 97 51 18 51 3 65 67 54 48 24 61 31 75 51 69 26 0 73 62 22 75 61 64 59 39 84 59 35 49 48 64 51 37 56 107 83 108 31 
23 49 60 14 55 120 77 52 78 55 38 109 67 90 77 71 32 44 62 56 37 66 117 22 55 38 74 61 71 58 75 49 53 51 80 59 89 53 73 0 25 88 62 66 47 37 34 67 59 38 69 61 84 34 64 22 90 70 116 70 
48 39 72 39 67 95 87 62 53 80 50 115 57 108 61 61 57 69 87 45 12 55 110 43 44 13 65 79 46 33 85 38 78 41 63 61 79 63 62 25 0 84 48 50 63 62 31 63 34 27 44 58 59 59 50 47 115 45 118 80 
73 45 78 74 73 130 60 41 94 70 56 43 63 90 48 67 82 82 95 41 72 63 113 73 40 73 19 87 83 70 64 46 83 47 91 67 85 42 22 88 84 0 66 83 80 75 61 100 75 57 65 64 80 67 53 72 123 105 124 53 
39 63 66 48 61 119 93 54 77 100 56 109 81 74 78 68 50 60 56 58 36 68 115 48 57 35 76 77 70 57 75 51 71 65 87 75 103 53 75 62 48 66 0 84 15 53 36 83 58 40 68 78 83 28 55 40 84 69 76 86 
45 39 50 52 45 124 37 82 86 115 28 82 57 112 93 61 54 66 84 80 62 102 110 88 79 63 64 83 83 83 103 85 75 41 70 61 79 81 61 66 50 83 84 0 69 59 79 66 67 77 77 58 92 56 94 44 112 83 118 30 
24 52 51 33 46 123 78 39 92 85 41 96 70 59 63 53 35 45 41 68 51 83 111 63 69 50 61 62 81 68 60 66 56 54 83 60 92 38 64 47 63 80 15 69 0 38 51 68 73 55 80 63 95 13 51 25 69 84 91 71 
14 30 53 23 48 87 40 51 98 92 31 105 44 53 75 48 25 7 53 72 57 82 110 59 71 58 56 24 47 60 72 65 46 28 73 22 66 50 59 37 62 75 53 59 38 0 66 30 79 70 88 25 103 25 63 15 81 86 79 33 
57 40 73 48 68 102 77 51 60 89 51 92 46 85 68 58 66 73 92 22 19 32 116 12 21 20 42 56 53 40 64 15 64 38 70 62 76 52 39 34 31 61 36 79 51 66 0 67 41 4 51 59 66 64 57 56 114 52 112 70 
44 60 83 53 78 117 70 59 73 107 61 116 74 83 85 78 55 37 83 84 51 94 107 79 83 52 81 54 17 30 82 77 76 58 102 52 96 60 84 67 63 100 83 66 68 30 67 0 73 66 83 55 98 55 47 45 111 84 109 63 
77 49 82 73 77 105 97 53 19 49 60 88 67 100 27 50 86 86 85 55 22 65 120 53 54 23 56 89 56 43 74 48 87 51 29 71 76 52 59 59 34 75 58 67 73 79 41 73 0 37 10 68 25 77 60 76 113 55 128 90 
61 42 75 52 70 98 73 47 56 86 53 88 42 81 64 62 70 77 96 18 15 28 112 16 17 16 38 52 49 36 60 11 60 42 66 64 80 48 35 38 27 57 40 77 55 70 4 66 37 0 47 61 62 68 53 60 118 48 116 66 
78 59 83 83 78 105 87 43 29 39 70 98 76 90 17 40 89 95 75 65 32 75 115 63 64 33 46 99 66 53 64 58 77 60 39 81 66 42 49 69 44 65 68 77 80 88 51 83 10 47 0 78 15 67 55 79 103 65 138 80 
39 19 52 47 47 68 65 67 87 96 30 107 37 78 74 41 49 32 76 67 46 85 107 71 66 47 45 49 60 47 85 68 70 21 72 3 59 68 48 61 58 64 78 58 63 25 59 55 68 61 78 0 93 50 64 39 104 79 60 58 
93 74 98 98 93 90 83 58 44 54 85 113 91 105 32 55 104 110 90 80 47 90 130 78 79 48 61 114 81 68 79 73 92 75 54 96 51 57 64 84 59 80 83 92 95 103 66 98 25 62 15 93 0 82 70 94 118 80 153 76 
11 39 38 20 33 110 65 26 96 72 28 83 57 72 50 61 22 32 28 55 64 79 98 56 56 63 48 49 68 55 47 62 43 41 70 47 79 25 51 34 59 67 28 56 13 25 64 55 77 68 67 50 82 0 38 12 56 71 104 58 
49 60 76 58 71 121 75 12 60 60 66 69 78 61 38 79 60 70 66 41 38 65 60 69 42 39 34 87 30 17 35 48 81 62 62 61 100 13 37 64 50 53 55 94 51 63 57 47 60 53 55 64 70 38 0 50 94 71 118 68 
1 27 38 8 33 98 55 38 95 77 16 95 45 68 62 49 10 22 40 67 54 88 95 44 68 55 53 39 62 67 59 71 31 29 58 37 67 37 56 22 47 72 40 44 25 15 56 45 76 60 79 39 94 12 50 0 68 71 94 48 
67 85 94 76 89 166 121 82 99 128 84 139 99 116 106 63 78 88 28 111 112 120 154 112 112 113 104 105 124 111 103 118 99 83 126 103 101 81 107 90 115 123 84 112 69 81 114 111 113 118 103 104 118 56 94 68 0 127 160 114 
72 60 33 79 38 50 120 83 74 104 55 85 78 99 82 76 81 93 99 66 33 76 108 64 65 34 86 100 67 54 105 59 102 62 84 82 100 84 83 70 45 105 69 83 84 86 52 84 55 48 65 79 80 71 71 71 127 0 139 113 
93 79 112 102 107 122 119 127 144 156 90 167 97 132 134 101 104 86 132 99 106 123 167 124 100 107 105 103 114 101 141 106 125 81 132 57 119 128 108 116 118 124 76 118 91 79 112 109 128 116 138 60 153 104 118 94 160 139 0 112 
47 60 80 56 75 120 7 56 109 85 58 72 77 86 63 81 58 40 86 50 81 72 80 82 49 82 34 57 80 85 79 55 79 61 100 55 99 57 31 70 80 53 86 30 71 33 70 63 90 66 80 58 76 58 68 48 114 113 112 0 
47
9
71
59
51
6
21
58
61
100
63
17
8
45
56
88
13
54
7
10
49
98
84
94
9
48
82
5
46
48
93
51
30
3
70
11
5
68
9
3
40
87
18
1
13
29
16
56
48
79
30
8
50
22
51
100
32
96
53
