50
0 87 59 88 82 101 32 39 106 100 68 138 93 86 55 89 52 40 51 32 82 81 40 141 18 53 39 109 36 78 83 78 93 55 55 15 76 124 19 101 60 49 96 145 60 107 58 44 57 86 
87 0 115 145 155 188 119 96 181 179 130 195 150 159 123 146 111 122 110 119 139 158 121 214 105 126 126 179 123 100 164 157 159 112 104 72 83 181 106 187 119 121 175 183 117 189 131 117 105 93 
59 115 0 86 61 124 76 44 85 102 78 125 86 65 42 80 31 27 30 55 87 140 19 120 41 32 43 122 23 65 62 80 72 46 108 68 126 115 78 124 39 108 98 132 51 122 37 23 44 116 
88 145 86 0 73 172 116 49 63 119 83 50 28 105 76 99 64 75 63 103 6 146 67 132 89 54 91 144 71 113 110 97 14 65 113 73 134 128 107 152 72 122 107 180 70 64 49 63 92 138 
82 155 61 73 0 147 91 59 108 46 93 123 73 39 58 95 46 50 45 78 79 145 42 107 64 29 66 93 46 88 85 24 59 61 119 83 98 113 83 85 54 128 42 155 66 85 24 38 67 108 
101 188 124 172 147 0 133 130 171 188 164 203 172 151 120 166 117 105 116 97 173 182 105 206 83 118 104 174 101 143 148 166 158 132 156 116 177 201 120 166 125 150 177 199 137 172 123 109 111 187 
32 119 76 116 91 133 0 71 123 94 62 163 116 87 73 110 61 65 60 64 114 75 57 150 50 62 71 78 61 103 82 72 102 76 87 47 72 145 13 86 69 81 90 170 81 133 67 53 82 62 
39 96 44 49 59 130 71 0 85 100 34 99 77 63 27 50 15 33 14 61 43 118 25 118 47 30 49 104 29 71 68 78 63 16 64 24 85 85 58 112 23 81 96 138 21 113 35 21 50 89 
106 181 85 63 108 171 123 85 0 128 119 113 91 112 89 127 78 74 77 102 57 187 66 167 88 79 90 81 70 112 109 127 77 93 149 109 170 162 125 89 86 155 145 179 98 127 84 70 91 166 
100 179 102 119 46 188 94 100 128 0 117 143 119 37 99 81 87 91 86 119 125 119 83 153 105 75 107 47 87 129 126 22 105 96 117 115 96 109 81 39 95 134 40 196 91 65 70 79 108 106 
68 130 78 83 93 164 62 34 119 117 0 133 111 97 61 84 49 67 48 95 77 111 59 152 81 64 83 70 63 72 102 96 97 50 91 58 112 119 49 78 57 74 78 172 55 112 69 55 84 122 
138 195 125 50 123 203 163 99 113 143 133 0 78 152 121 149 114 106 113 134 56 196 106 182 120 104 122 96 102 144 149 147 64 115 163 123 184 178 157 104 122 172 157 211 120 114 99 110 123 188 
93 150 86 28 73 172 116 77 91 119 111 78 0 105 83 120 71 75 70 103 34 146 67 132 89 54 91 162 71 113 110 97 14 86 118 78 139 138 112 158 63 122 107 180 91 64 49 63 92 149 
86 159 65 105 39 151 87 63 112 37 97 152 105 0 62 99 50 54 49 82 99 136 46 139 68 51 70 84 50 92 89 15 91 65 110 87 89 134 74 76 58 127 33 159 70 76 56 42 71 99 
55 123 42 76 58 120 73 27 89 99 61 121 83 62 0 63 12 23 13 51 70 107 23 117 37 29 39 119 19 61 66 77 69 29 87 51 108 98 74 120 22 70 95 115 34 119 34 20 40 102 
89 146 80 99 95 166 110 50 127 81 84 149 120 99 63 0 51 69 50 97 93 168 61 154 83 66 77 128 65 107 104 103 106 34 114 74 117 103 108 120 59 131 121 126 39 141 71 57 86 107 
52 111 31 64 46 117 61 15 78 87 49 114 71 50 12 51 0 20 1 48 58 119 12 105 34 17 36 107 16 58 55 65 57 17 79 39 100 86 71 115 10 82 83 125 22 107 22 8 37 90 
40 122 27 75 50 105 65 33 74 91 67 106 75 54 23 69 20 0 19 36 76 121 8 109 22 21 16 111 4 46 51 69 61 35 95 55 116 104 59 105 28 89 72 105 40 109 26 12 17 108 
51 110 30 63 45 116 60 14 77 86 48 113 70 49 13 50 1 19 0 47 57 120 11 104 33 16 35 106 15 57 54 64 56 16 78 38 99 85 70 114 9 83 82 124 21 106 21 7 36 89 
32 119 55 103 78 97 64 61 102 119 95 134 103 82 51 97 48 36 47 0 104 113 36 137 14 49 35 105 32 74 79 97 89 63 87 47 108 132 51 97 56 81 108 141 68 75 54 40 53 118 
82 139 87 6 79 173 114 43 57 125 77 56 34 99 70 93 58 76 57 104 0 152 68 138 90 55 92 138 72 114 111 103 20 59 107 67 128 122 101 146 66 124 113 181 64 70 55 64 93 132 
81 158 140 146 145 182 75 118 187 119 111 196 146 136 107 168 119 121 120 113 152 0 121 218 99 134 120 129 117 159 131 121 132 134 54 94 75 189 62 137 129 37 125 175 139 82 135 125 138 85 
40 121 19 67 42 105 57 25 66 83 59 106 67 46 23 61 12 8 11 36 68 121 0 101 22 13 24 103 4 46 43 61 53 27 89 49 110 96 59 105 20 89 79 113 32 103 18 4 25 100 
141 214 120 132 107 206 150 118 167 153 152 182 132 139 117 154 105 109 104 137 138 218 101 0 123 88 125 196 105 147 144 131 118 120 182 142 203 172 156 192 113 187 149 214 125 168 83 97 126 193 
18 105 41 89 64 83 50 47 88 105 81 120 89 68 37 83 34 22 33 14 90 99 22 123 0 35 21 91 18 60 65 83 75 49 73 33 94 118 37 83 42 67 94 127 54 89 40 26 39 104 
53 126 32 54 29 118 62 30 79 75 64 104 54 51 29 66 17 21 16 49 55 134 13 88 35 0 37 108 17 59 56 53 40 32 94 54 115 84 72 114 25 99 71 126 37 90 5 9 38 105 
39 126 43 91 66 104 71 49 90 107 83 122 91 70 39 77 36 16 35 35 92 120 24 125 21 37 0 112 20 62 67 85 77 43 94 54 115 112 58 104 44 88 88 121 38 110 42 28 33 116 
109 179 122 144 93 174 78 104 81 47 70 96 162 84 119 128 107 111 106 105 138 129 103 196 91 108 112 0 107 142 146 69 148 120 75 115 96 156 91 8 115 92 87 196 125 108 113 99 128 106 
36 123 23 71 46 101 61 29 70 87 63 102 71 50 19 65 16 4 15 32 72 117 4 105 18 17 20 107 0 42 47 65 57 31 91 51 112 100 55 101 24 85 76 109 36 107 22 8 21 104 
78 100 65 113 88 143 103 71 112 129 72 144 113 92 61 107 58 46 57 74 114 159 46 147 60 59 62 142 42 0 89 107 99 73 133 93 154 142 97 143 66 127 118 151 78 149 64 50 63 146 
83 164 62 110 85 148 82 68 109 126 102 149 110 89 66 104 55 51 54 79 111 131 43 144 65 56 67 146 47 89 0 104 96 70 132 92 153 139 69 148 63 132 122 156 75 146 61 47 68 143 
78 157 80 97 24 166 72 78 127 22 96 147 97 15 77 103 65 69 64 97 103 121 61 131 83 53 85 69 65 107 104 0 83 80 95 93 74 131 59 61 73 112 18 174 85 61 48 57 86 84 
93 159 72 14 59 158 102 63 77 105 97 64 14 91 69 106 57 61 56 89 20 132 53 118 75 40 77 148 57 99 96 83 0 72 125 87 146 124 108 144 65 108 93 166 77 50 35 49 78 145 
55 112 46 65 61 132 76 16 93 96 50 115 86 65 29 34 17 35 16 63 59 134 27 120 49 32 43 120 31 73 70 80 72 0 80 40 83 69 74 128 25 97 98 140 5 107 37 23 52 73 
55 104 108 113 119 156 87 64 149 117 91 163 118 110 87 114 79 95 78 87 107 54 89 182 73 94 94 75 91 133 132 95 125 80 0 40 21 149 74 83 87 17 113 121 85 89 99 85 112 31 
15 72 68 73 83 116 47 24 109 115 58 123 78 87 51 74 39 55 38 47 67 94 49 142 33 54 54 115 51 93 92 93 87 40 40 0 61 109 34 116 47 57 111 160 45 122 59 45 72 71 
76 83 126 134 98 177 72 85 170 96 112 184 139 89 108 117 100 116 99 108 128 75 110 203 94 115 115 96 112 154 153 74 146 83 21 61 0 147 85 104 108 38 92 100 88 110 120 106 133 10 
124 181 115 128 113 201 145 85 162 109 119 178 138 134 98 103 86 104 85 132 122 189 96 172 118 84 112 156 100 142 139 131 124 69 149 109 147 0 143 148 94 166 139 123 74 174 89 92 121 137 
19 106 78 107 83 120 13 58 125 81 49 157 112 74 74 108 71 59 70 51 101 62 59 156 37 72 58 91 55 97 69 59 108 74 74 34 85 143 0 99 79 68 77 164 79 120 73 63 76 75 
101 187 124 152 85 166 86 112 89 39 78 104 158 76 120 120 115 105 114 97 146 137 105 192 83 114 104 8 101 143 148 61 144 128 83 116 104 148 99 0 123 100 79 204 130 100 109 107 122 114 
60 119 39 72 54 125 69 23 86 95 57 122 63 58 22 59 10 28 9 56 66 129 20 113 42 25 44 115 24 66 63 73 65 25 87 47 108 94 79 123 0 92 91 133 30 115 30 16 45 98 
49 121 108 122 128 150 81 81 155 134 74 172 122 127 70 131 82 89 83 81 124 37 89 187 67 99 88 92 85 127 132 112 108 97 17 57 38 166 68 100 92 0 130 138 102 106 104 90 106 48 
96 175 98 107 42 177 90 96 145 40 78 157 107 33 95 121 83 72 82 108 113 125 79 149 94 71 88 87 76 118 122 18 93 98 113 111 92 139 77 79 91 130 0 177 103 43 66 75 89 102 
145 183 132 180 155 199 170 138 179 196 172 211 180 159 115 126 125 105 124 141 181 175 113 214 127 126 121 196 109 151 156 174 166 140 121 160 100 123 164 204 133 138 177 0 145 180 131 117 88 110 
60 117 51 70 66 137 81 21 98 91 55 120 91 70 34 39 22 40 21 68 64 139 32 125 54 37 38 125 36 78 75 85 77 5 85 45 88 74 79 130 30 102 103 145 0 112 42 28 57 78 
107 189 122 64 85 172 133 113 127 65 112 114 64 76 119 141 107 109 106 75 70 82 103 168 89 90 110 108 107 149 146 61 50 107 89 122 110 174 120 100 115 106 43 180 112 0 85 99 92 120 
58 131 37 49 24 123 67 35 84 70 69 99 49 56 34 71 22 26 21 54 55 135 18 83 40 5 42 113 22 64 61 48 35 37 99 59 120 89 73 109 30 104 66 131 42 85 0 14 43 110 
44 117 23 63 38 109 53 21 70 79 55 110 63 42 20 57 8 12 7 40 64 125 4 97 26 9 28 99 8 50 47 57 49 23 85 45 106 92 63 107 16 90 75 117 28 99 14 0 29 96 
57 105 44 92 67 111 82 50 91 108 84 123 92 71 40 86 37 17 36 53 93 138 25 126 39 38 33 128 21 63 68 86 78 52 112 72 133 121 76 122 45 106 89 88 57 92 43 29 0 125 
86 93 116 138 108 187 62 89 166 106 122 188 149 99 102 107 90 108 89 118 132 85 100 193 104 105 116 106 104 146 143 84 145 73 31 71 10 137 75 114 98 48 102 110 78 120 110 96 125 0 
35
55
48
20
69
12
70
64
31
90
58
78
24
66
35
79
24
22
23
26
16
88
19
40
92
30
78
61
27
16
52
94
92
69
42
21
71
31
2
11
47
43
14
64
4
98
5
14
43
