65
0 35 83 39 136 46 75 57 64 79 86 34 65 56 82 8 68 49 80 69 48 61 100 18 42 18 90 89 37 68 42 39 78 132 67 66 62 65 82 55 47 55 83 83 66 14 54 80 97 79 56 125 105 11 64 1 40 36 87 76 50 127 68 114 42 
35 0 102 51 101 11 40 26 67 57 76 40 59 73 70 27 33 57 45 38 56 26 89 21 45 24 55 72 2 33 58 55 61 97 32 59 40 54 47 51 59 44 49 72 44 30 19 69 62 72 34 90 108 46 29 34 5 62 62 41 58 92 51 105 45 
83 102 0 120 168 113 78 128 131 61 121 104 131 114 140 75 105 130 87 140 131 76 103 85 109 88 107 94 104 85 98 101 83 135 82 119 91 68 72 122 114 58 145 86 95 97 120 33 100 132 126 128 133 94 131 82 107 119 104 77 131 130 83 133 109 
39 51 120 0 105 60 84 77 36 101 70 57 60 51 54 45 84 40 65 89 39 50 109 38 14 41 74 50 53 77 68 71 39 117 44 38 85 74 59 27 8 64 86 92 89 53 32 89 99 51 17 134 98 50 80 38 56 31 48 85 41 104 81 86 61 
136 101 168 105 0 112 90 127 141 107 175 141 145 136 159 128 119 111 109 139 110 127 164 122 119 125 119 155 103 97 134 131 144 33 133 112 141 129 124 132 113 119 150 147 145 131 103 135 112 99 88 140 169 147 130 135 106 122 119 91 112 142 141 134 132 
46 11 113 60 112 0 51 37 78 68 65 51 70 84 81 38 44 68 56 49 67 37 100 32 56 35 66 61 13 44 69 66 50 108 43 70 51 65 58 62 68 55 60 83 55 41 30 80 73 83 45 101 119 57 40 45 16 73 73 52 69 103 62 100 56 
75 40 78 84 90 51 0 66 103 17 111 76 55 55 72 67 29 68 19 78 67 47 74 57 81 60 29 65 38 7 44 41 54 57 49 90 62 39 34 91 85 29 79 57 66 66 52 45 22 103 67 50 86 81 69 74 45 75 36 1 69 52 51 90 81 
57 26 128 77 127 37 66 0 89 83 102 62 82 65 96 53 59 40 71 12 41 52 115 43 67 46 81 98 28 59 71 68 87 123 58 83 66 80 73 77 85 70 75 98 70 43 45 95 88 96 60 76 88 68 55 58 31 53 88 67 41 118 77 131 19 
64 67 131 36 141 78 103 89 0 113 78 65 68 59 62 56 94 52 101 101 51 86 145 46 22 49 94 86 65 96 76 79 75 121 80 68 93 110 95 35 44 100 94 122 97 78 68 116 125 55 53 153 134 64 96 63 72 39 84 104 53 140 114 90 70 
79 57 61 101 107 68 17 83 113 0 116 93 70 54 89 84 44 79 36 95 80 63 91 74 91 77 46 82 55 24 37 40 71 74 57 78 79 56 42 104 93 46 84 74 83 65 69 28 39 91 84 67 103 90 86 80 62 74 53 16 80 69 68 105 98 
86 76 121 70 175 65 111 102 78 116 0 99 101 92 96 90 109 85 114 114 84 100 127 80 56 83 127 118 78 109 109 112 107 168 106 102 115 92 121 43 78 82 125 110 119 100 88 88 133 115 87 161 157 97 105 85 81 72 118 112 86 163 107 150 104 
34 40 104 57 141 51 76 62 65 93 99 0 89 80 70 29 73 64 81 74 65 66 129 19 43 16 91 105 38 69 76 73 94 133 72 90 60 94 87 56 65 84 89 112 64 48 59 89 98 103 60 126 139 45 69 33 45 60 91 77 65 128 87 100 43 
65 59 131 60 145 70 55 82 68 70 101 89 0 29 86 73 26 42 74 94 41 85 129 70 46 73 84 110 61 62 46 49 99 112 91 59 99 94 89 59 68 84 64 99 98 74 78 98 77 72 63 105 116 54 73 66 54 29 66 54 43 107 106 60 63 
56 73 114 51 136 84 55 65 59 54 92 80 29 0 77 64 55 25 74 77 26 74 101 61 37 64 67 92 73 62 17 20 81 112 80 50 89 66 73 50 59 56 35 84 93 45 63 81 77 63 48 105 129 45 44 57 68 20 79 56 26 107 81 89 46 
82 70 140 54 159 81 72 96 62 89 96 70 86 77 0 74 93 70 53 108 69 89 110 64 40 67 87 104 72 65 71 74 93 129 83 87 110 75 68 53 62 85 109 113 109 96 86 107 94 100 71 122 120 82 89 81 65 57 70 73 71 124 90 135 88 
8 27 75 45 128 38 67 53 56 84 90 29 73 64 74 0 60 55 72 65 56 53 108 10 34 13 82 95 29 60 50 47 84 124 59 74 57 73 74 47 53 63 76 91 61 22 46 80 89 87 51 117 113 19 56 7 32 44 82 68 56 119 76 122 34 
68 33 105 84 119 44 29 59 94 44 109 73 26 55 93 60 0 68 48 71 67 59 103 54 72 57 58 94 35 36 71 68 83 86 65 85 73 68 63 74 92 58 72 86 72 63 52 72 51 98 67 79 90 79 52 67 28 55 40 28 69 81 80 86 78 
49 57 130 40 111 68 68 40 52 79 85 64 42 25 70 55 68 0 71 52 1 83 118 45 30 48 42 90 59 61 42 45 79 122 79 43 92 91 86 43 48 81 60 96 96 40 38 106 80 56 23 116 104 38 69 50 62 13 54 69 1 120 106 91 21 
80 45 87 65 109 56 19 71 101 36 114 81 74 74 53 72 48 71 0 83 70 36 57 62 79 65 34 68 43 12 63 60 57 76 30 79 65 22 15 85 66 32 94 60 69 71 33 54 41 92 48 69 67 86 74 79 50 82 17 20 72 71 37 107 86 
69 38 140 89 139 49 78 12 101 95 114 74 94 77 108 65 71 52 83 0 53 64 127 55 79 58 93 110 40 71 83 80 99 135 70 95 78 92 85 89 97 82 87 110 82 55 57 107 100 108 72 64 97 80 67 70 43 65 100 79 53 130 89 143 31 
48 56 131 39 110 67 67 41 51 80 84 65 41 26 69 56 67 1 70 53 0 82 119 46 29 49 43 89 58 60 43 46 78 121 78 42 93 92 85 42 47 82 61 95 97 41 37 107 81 55 22 117 103 37 70 49 61 12 53 68 2 119 107 90 22 
61 26 76 50 127 37 47 52 86 63 100 66 85 74 89 53 59 83 36 64 82 0 63 47 64 50 70 54 28 48 77 74 43 104 6 43 51 28 21 77 42 18 75 46 55 56 45 43 61 56 60 97 82 72 55 60 31 72 53 48 84 99 43 91 71 
100 89 103 109 164 100 74 115 145 91 127 129 129 101 110 108 103 118 57 127 119 63 0 110 123 113 91 81 91 69 85 82 70 131 69 106 78 35 72 136 101 45 126 73 82 86 90 70 79 119 105 124 120 111 118 101 94 121 74 75 119 126 50 120 134 
18 21 85 38 122 32 57 43 46 74 80 19 70 61 64 10 54 45 62 55 46 47 110 0 24 3 72 88 19 50 60 57 77 114 53 71 47 75 68 37 46 65 70 93 51 32 40 70 79 84 41 107 122 29 50 17 26 41 72 58 46 109 68 119 24 
42 45 109 14 119 56 81 67 22 91 56 43 46 37 40 34 72 30 79 79 29 64 123 24 0 27 72 64 43 74 54 57 53 126 58 47 71 88 73 13 22 78 72 100 75 56 46 94 103 60 31 131 112 42 74 41 50 17 62 82 31 118 92 95 48 
18 24 88 41 125 35 60 46 49 77 83 16 73 64 67 13 57 48 65 58 49 50 113 3 27 0 75 89 22 53 60 57 78 117 56 74 44 78 71 40 49 68 73 96 48 32 43 73 82 87 44 110 123 29 53 17 29 44 75 61 49 112 71 116 27 
90 55 107 74 119 66 29 81 94 46 127 91 84 67 87 82 58 42 34 93 43 70 91 72 72 75 0 94 53 22 73 70 83 86 64 85 91 56 49 85 82 58 102 86 95 81 67 74 51 98 65 79 101 80 84 89 60 55 51 30 43 81 71 119 63 
89 72 94 50 155 61 65 98 86 82 118 105 110 92 104 95 94 90 68 110 89 54 81 88 64 89 94 0 74 72 105 102 11 122 60 72 69 46 75 77 42 36 121 64 73 77 82 61 87 85 67 115 111 100 101 88 77 81 85 66 91 117 61 61 111 
37 2 104 53 103 13 38 28 65 55 78 38 61 73 72 29 35 59 43 40 58 28 91 19 43 22 53 74 0 31 56 53 63 95 34 57 38 56 49 53 61 46 51 74 42 28 21 71 60 70 36 88 110 48 31 36 7 60 60 39 60 90 49 105 43 
68 33 85 77 97 44 7 59 96 24 109 69 62 62 65 60 36 61 12 71 60 48 69 50 74 53 22 72 31 0 51 48 61 64 42 88 69 34 27 84 78 36 82 64 73 59 45 52 29 101 60 57 79 74 62 67 38 72 29 8 62 59 49 97 74 
42 58 98 68 134 69 44 71 76 37 109 76 46 17 71 50 71 42 63 83 43 77 85 60 54 60 73 105 56 51 0 3 94 101 71 67 94 79 56 67 76 69 47 97 98 28 77 65 66 80 65 94 130 53 61 43 63 37 80 43 43 96 94 106 63 
39 55 101 71 131 66 41 68 79 40 112 73 49 20 74 47 68 45 60 80 46 74 82 57 57 57 70 102 53 48 3 0 91 98 68 70 91 76 53 70 79 66 44 94 95 25 74 68 63 83 68 91 127 50 64 40 60 40 77 40 46 93 91 109 66 
78 61 83 39 144 50 54 87 75 71 107 94 99 81 93 84 83 79 57 99 78 43 70 77 53 78 83 11 63 61 94 91 0 111 49 61 58 35 64 66 31 25 110 53 62 66 71 50 76 74 56 104 100 89 90 77 66 70 74 55 80 106 50 50 100 
132 97 135 117 33 108 57 123 121 74 168 133 112 112 129 124 86 122 76 135 121 104 131 114 126 117 86 122 95 64 101 98 111 0 106 79 119 96 91 139 109 86 136 114 123 123 109 102 79 66 101 107 143 134 126 131 102 109 93 58 123 109 108 101 138 
67 32 82 44 133 43 49 58 80 57 106 72 91 80 83 59 65 79 30 70 78 6 69 53 58 56 64 60 34 42 71 68 49 106 0 49 57 34 15 71 36 24 69 52 61 62 51 49 55 62 61 99 76 78 61 66 37 66 47 50 80 101 49 97 77 
66 59 119 38 112 70 90 83 68 78 102 90 59 50 87 74 85 43 79 95 42 43 106 71 47 74 85 72 57 88 67 70 61 79 49 0 94 71 64 60 30 61 85 89 98 80 70 86 104 13 55 140 125 55 88 67 64 30 86 91 44 126 86 48 64 
62 40 91 85 141 51 62 66 93 79 115 60 99 89 110 57 73 92 65 78 93 51 78 47 71 44 91 69 38 69 94 91 58 119 57 94 0 43 72 84 89 33 67 61 4 66 59 58 84 107 74 112 108 73 69 61 45 88 82 63 93 114 58 108 71 
65 54 68 74 129 65 39 80 110 56 92 94 94 66 75 73 68 91 22 92 92 28 35 75 88 78 56 46 56 34 79 76 35 96 34 71 43 0 37 101 66 10 101 38 47 51 55 35 44 84 70 89 85 76 83 66 59 86 39 40 92 91 15 85 99 
82 47 72 59 124 58 34 73 95 42 121 87 89 73 68 74 63 86 15 85 85 21 72 68 73 71 49 75 49 27 56 53 64 91 15 64 72 37 0 86 51 39 84 67 76 77 48 39 56 77 63 84 82 93 76 81 52 81 32 35 87 86 52 108 92 
55 51 122 27 132 62 91 77 35 104 43 56 59 50 53 47 74 43 85 89 42 77 136 37 13 40 85 77 53 84 67 70 66 139 71 60 84 101 86 0 35 91 85 113 88 69 59 107 113 73 44 141 125 55 70 54 46 30 75 92 44 131 102 108 61 
47 59 114 8 113 68 85 85 44 93 78 65 68 59 62 53 92 48 66 97 47 42 101 46 22 49 82 42 61 78 76 79 31 109 36 30 89 66 51 35 0 56 94 84 93 61 40 81 91 43 25 135 106 58 88 46 64 39 56 86 49 96 81 78 69 
55 44 58 64 119 55 29 70 100 46 82 84 84 56 85 63 58 81 32 82 82 18 45 65 78 68 58 36 46 36 69 66 25 86 24 61 33 10 39 91 56 0 91 28 37 41 63 25 51 74 78 79 75 66 73 56 49 76 49 30 82 81 25 75 89 
83 49 145 86 150 60 79 75 94 84 125 89 64 35 109 76 72 60 94 87 61 75 126 70 72 73 102 121 51 82 47 44 110 136 69 85 67 101 84 85 94 91 0 81 71 69 68 112 57 98 83 129 128 80 68 83 44 55 111 80 61 131 86 80 81 
83 72 86 92 147 83 57 98 122 74 110 112 99 84 113 91 86 96 60 110 95 46 73 93 100 96 86 64 74 64 97 94 53 114 52 89 61 38 67 113 84 28 81 0 65 69 91 53 79 102 106 107 47 94 101 84 77 83 77 58 97 109 53 103 117 
66 44 95 89 145 55 66 70 97 83 119 64 98 93 109 61 72 96 69 82 97 55 82 51 75 48 95 73 42 73 98 95 62 123 61 98 4 47 76 88 93 37 71 65 0 70 63 62 88 111 78 116 112 77 68 65 44 92 86 67 97 118 62 112 75 
14 30 97 53 131 41 66 43 78 65 100 48 74 45 96 22 63 40 71 55 41 56 86 32 56 32 81 77 28 59 28 25 66 123 62 80 66 51 77 69 61 41 69 69 70 0 49 66 88 93 63 116 116 25 59 15 35 50 88 65 41 118 66 116 56 
54 19 120 32 103 30 52 45 68 69 88 59 78 63 86 46 52 38 33 57 37 45 90 40 46 43 67 82 21 45 77 74 71 109 51 70 59 55 48 59 40 63 68 91 63 49 0 87 74 83 15 102 96 65 48 53 24 49 46 53 39 104 70 118 59 
80 69 33 89 135 80 45 95 116 28 88 89 98 81 107 80 72 106 54 107 107 43 70 70 94 73 74 61 71 52 65 68 50 102 49 86 58 35 39 107 81 25 112 53 62 66 87 0 67 99 102 95 100 76 98 81 74 101 71 44 107 97 50 100 94 
97 62 100 99 112 73 22 88 125 39 133 98 77 77 94 89 51 80 41 100 81 61 79 79 103 82 51 87 60 29 66 63 76 79 55 104 84 44 56 113 91 51 57 79 88 88 74 67 0 117 89 72 108 103 91 96 67 93 58 23 79 74 29 112 101 
79 72 132 51 99 83 103 96 55 91 115 103 72 63 100 87 98 56 92 108 55 56 119 84 60 87 98 85 70 101 80 83 74 66 62 13 107 84 77 73 43 74 98 102 111 93 83 99 117 0 68 153 138 68 101 80 77 43 99 104 57 139 99 35 77 
56 34 126 17 88 45 67 60 53 84 87 60 63 48 71 51 67 23 48 72 22 60 105 41 31 44 65 67 36 60 65 68 56 101 61 55 74 70 63 44 25 78 83 106 78 63 15 102 89 68 0 117 81 59 63 55 39 34 31 68 24 119 85 103 44 
125 90 128 134 140 101 50 76 153 67 161 126 105 105 122 117 79 116 69 64 117 97 124 107 131 110 79 115 88 57 94 91 104 107 99 140 112 89 84 141 135 79 129 107 116 116 102 95 72 153 117 0 136 131 119 124 95 125 86 51 117 102 101 140 95 
105 108 133 98 169 119 86 88 134 103 157 139 116 129 120 113 90 104 67 97 103 82 120 122 112 123 101 111 110 79 130 127 100 143 76 125 108 85 82 125 106 75 128 47 112 116 96 100 108 138 81 136 0 94 137 106 113 115 50 87 105 138 100 150 107 
11 46 94 50 147 57 81 68 64 90 97 45 54 45 82 19 79 38 86 80 37 72 111 29 42 29 80 100 48 74 53 50 89 134 78 55 73 76 93 55 58 66 80 94 77 25 65 76 103 68 59 131 94 0 75 12 51 25 90 82 39 133 79 103 53 
64 29 131 80 130 40 69 55 96 86 105 69 73 44 89 56 52 69 74 67 70 55 118 50 74 53 84 101 31 62 61 64 90 126 61 88 69 83 76 70 88 73 68 101 68 59 48 98 91 101 63 119 137 75 0 63 24 64 91 70 70 121 80 76 74 
1 34 82 38 135 45 74 58 63 80 85 33 66 57 81 7 67 50 79 70 49 60 101 17 41 17 89 88 36 67 43 40 77 131 66 67 61 66 81 54 46 56 83 84 65 15 53 81 96 80 55 124 106 12 63 0 39 37 86 75 51 126 69 115 41 
40 5 107 56 106 16 45 31 72 62 81 45 54 68 65 32 28 62 50 43 61 31 94 26 50 29 60 77 7 38 63 60 66 102 37 64 45 59 52 46 64 49 44 77 44 35 24 74 67 77 39 95 113 51 24 39 0 67 67 46 63 97 56 100 50 
36 62 119 31 122 73 75 53 39 74 72 60 29 20 57 44 55 13 82 65 12 72 121 41 17 44 55 81 60 72 37 40 70 109 66 30 88 86 81 30 39 76 55 83 92 50 49 101 93 43 34 125 115 25 64 37 67 0 65 76 14 127 101 78 34 
87 62 104 48 119 73 36 88 84 53 118 91 66 79 70 82 40 54 17 100 53 53 74 72 62 75 51 85 60 29 80 77 74 93 47 86 82 39 32 75 56 49 111 77 86 88 46 71 58 99 31 86 50 90 91 86 67 65 0 37 55 88 54 124 75 
76 41 77 85 91 52 1 67 104 16 112 77 54 56 73 68 28 69 20 79 68 48 75 58 82 61 30 66 39 8 43 40 55 58 50 91 63 40 35 92 86 30 80 58 67 65 53 44 23 104 68 51 87 82 70 75 46 76 37 0 70 53 52 89 82 
50 58 131 41 112 69 69 41 53 80 86 65 43 26 71 56 69 1 72 53 2 84 119 46 31 49 43 91 60 62 43 46 80 123 80 44 93 92 87 44 49 82 61 97 97 41 39 107 79 57 24 117 105 39 70 51 63 14 55 70 0 121 107 92 22 
127 92 130 104 142 103 52 118 140 69 163 128 107 107 124 119 81 120 71 130 119 99 126 109 118 112 81 117 90 59 96 93 106 109 101 126 114 91 86 131 96 81 131 109 118 118 104 97 74 139 119 102 138 133 121 126 97 127 88 53 121 0 103 142 133 
68 51 83 81 141 62 51 77 114 68 107 87 106 81 90 76 80 106 37 89 107 43 50 68 92 71 71 61 49 49 94 91 50 108 49 86 58 15 52 102 81 25 86 53 62 66 70 50 29 99 85 101 100 79 80 69 56 101 54 52 107 103 0 100 92 
114 105 133 86 134 100 90 131 90 105 150 100 60 89 135 122 86 91 107 143 90 91 120 119 95 116 119 61 105 97 106 109 50 101 97 48 108 85 108 108 78 75 80 103 112 116 118 100 112 35 103 140 150 103 76 115 100 78 124 89 92 142 100 0 112 
42 45 109 61 132 56 81 19 70 98 104 43 63 46 88 34 78 21 86 31 22 71 134 24 48 27 63 111 43 74 63 66 100 138 77 64 71 99 92 61 69 89 81 117 75 56 59 94 101 77 44 95 107 53 74 41 50 34 75 82 22 133 92 112 0 
83
62
40
92
45
14
68
69
99
11
16
27
8
47
34
76
83
74
52
38
32
48
14
85
91
38
94
20
5
67
79
48
16
45
84
83
51
67
66
49
89
99
60
87
86
95
50
77
55
61
89
77
64
6
89
38
51
28
34
88
29
9
10
29
