45
0 75 85 78 25 108 52 73 68 79 75 14 82 133 64 116 83 88 64 116 38 158 77 78 95 113 86 108 95 84 69 125 23 44 89 87 94 51 60 5 47 117 76 92 100 
75 0 114 113 72 128 99 110 115 54 150 61 102 174 72 91 38 135 39 159 85 125 59 50 89 104 92 94 81 131 24 116 52 91 136 93 42 98 92 80 94 135 123 92 120 
85 114 0 96 82 98 109 39 104 92 160 71 91 131 100 55 118 106 107 148 74 77 113 82 104 28 102 107 120 106 104 161 62 80 107 103 130 98 117 90 65 90 112 101 73 
78 113 96 0 75 30 102 57 70 84 153 64 109 169 66 117 127 65 99 118 40 104 54 128 109 100 70 76 63 86 114 127 73 46 73 71 71 101 110 83 31 144 78 112 127 
25 72 82 75 0 105 27 70 65 79 100 11 79 151 61 116 80 85 81 113 35 155 74 75 73 110 83 105 92 81 66 122 20 41 86 84 91 48 35 30 44 114 73 76 97 
108 128 98 30 105 0 132 87 100 114 183 94 139 182 96 97 118 95 119 148 70 134 84 110 139 70 100 106 93 116 104 157 103 76 103 101 101 131 140 113 61 141 108 142 134 
52 99 109 102 27 132 0 97 83 106 121 38 59 131 88 134 107 112 108 116 62 167 101 85 46 137 110 132 119 83 93 140 47 68 113 111 118 75 8 57 71 94 75 49 77 
73 110 39 57 70 87 97 0 65 79 148 59 104 164 61 94 100 67 94 113 35 116 74 112 91 67 65 105 92 81 86 122 68 41 68 66 91 96 103 78 26 129 73 94 112 
68 115 104 70 65 100 83 65 0 72 127 54 39 111 56 67 116 80 87 96 30 107 69 91 52 94 78 98 85 16 102 57 63 34 81 79 86 70 90 73 39 74 8 49 57 
79 54 92 84 79 114 106 79 72 0 154 68 66 122 70 37 44 94 15 122 44 95 83 56 79 64 84 102 89 88 30 122 76 38 95 85 96 97 114 84 53 81 80 76 84 
75 150 160 153 100 183 121 148 127 154 0 89 88 160 139 167 154 163 139 145 113 196 130 114 75 168 161 165 152 127 140 184 98 119 164 162 147 119 113 80 122 123 119 78 106 
14 61 71 64 11 94 38 59 54 68 89 0 68 140 50 105 69 74 70 102 24 144 63 64 81 99 72 94 81 70 55 111 9 30 75 73 80 37 46 19 33 103 62 78 86 
82 102 91 109 79 139 59 104 39 66 88 68 0 72 81 79 92 119 81 57 69 128 68 52 13 82 117 103 90 39 78 96 77 73 120 118 85 31 51 87 78 35 31 10 18 
133 174 131 169 151 182 131 164 111 122 160 140 72 0 153 85 164 179 137 129 141 143 140 124 85 112 129 175 162 111 150 168 149 145 180 130 157 103 123 128 138 41 103 82 58 
64 72 100 66 61 96 88 61 56 70 139 50 81 153 0 107 110 76 85 104 26 146 13 107 68 127 74 48 35 72 96 113 59 32 77 75 30 87 96 69 35 116 64 71 99 
116 91 55 117 116 97 134 94 67 37 167 105 79 85 107 0 81 127 52 136 81 58 120 81 92 27 47 94 107 51 67 124 113 75 128 48 133 97 130 121 86 44 59 89 61 
83 38 118 127 80 118 107 100 116 44 154 69 92 164 110 81 0 138 29 149 88 87 97 40 79 94 82 129 119 131 14 78 60 82 139 83 80 106 115 88 97 125 123 82 110 
88 135 106 65 85 95 112 67 80 94 163 74 119 179 76 127 138 0 109 128 50 152 89 138 132 134 80 112 107 96 124 137 83 56 83 80 106 111 120 93 41 154 88 129 137 
64 39 107 99 81 119 108 94 87 15 139 70 81 137 85 52 29 109 0 137 59 105 98 41 80 79 83 117 104 103 15 107 61 53 110 84 81 107 116 69 68 96 95 83 99 
116 159 148 118 113 148 116 113 96 122 145 102 57 129 104 136 149 128 137 0 78 185 117 109 70 139 126 148 135 96 135 153 111 84 129 127 134 88 108 121 87 92 88 67 75 
38 85 74 40 35 70 62 35 30 44 113 24 69 141 26 81 88 50 59 78 0 120 39 88 82 102 48 70 57 46 74 87 33 6 51 49 56 61 70 43 9 104 38 79 87 
158 125 77 104 155 134 167 116 107 95 196 144 128 143 146 58 87 152 105 185 120 0 158 127 121 85 105 152 165 91 101 113 139 126 153 106 167 155 159 163 111 102 99 118 119 
77 59 113 54 74 84 101 74 69 83 130 63 68 140 13 120 97 89 98 117 39 158 0 94 55 114 82 35 22 85 83 126 72 45 90 83 17 99 93 82 48 103 77 58 86 
78 50 82 128 75 110 85 112 91 56 114 64 52 124 107 81 40 138 41 109 88 127 94 0 39 54 94 129 116 91 26 118 55 94 139 95 92 83 77 83 97 87 83 42 70 
95 89 104 109 73 139 46 91 52 79 75 81 13 85 68 92 79 132 80 70 82 121 55 39 0 93 130 90 77 52 65 109 90 86 133 131 72 44 38 100 91 48 44 3 31 
113 104 28 100 110 70 137 67 94 64 168 99 82 112 127 27 94 134 79 139 102 85 114 54 93 0 74 79 92 78 80 151 90 102 135 75 131 70 131 118 93 71 86 92 64 
86 92 102 70 83 100 110 65 78 84 161 72 117 129 74 47 82 80 83 126 48 105 82 94 130 74 0 47 60 94 68 135 81 54 81 1 99 109 118 91 39 88 86 127 105 
108 94 107 76 105 106 132 105 98 102 165 94 103 175 48 94 129 112 117 148 70 152 35 129 90 79 47 0 13 101 115 155 103 64 121 48 52 113 128 113 79 135 106 93 121 
95 81 120 63 92 93 119 92 85 89 152 81 90 162 35 107 119 107 104 135 57 165 22 116 77 92 60 13 0 88 105 142 90 51 108 61 39 118 115 100 66 125 93 80 108 
84 131 106 86 81 116 83 81 16 88 127 70 39 111 72 51 131 96 103 96 46 91 85 91 52 78 94 101 88 0 117 73 79 50 97 95 102 70 90 89 55 74 8 49 57 
69 24 104 114 66 104 93 86 102 30 140 55 78 150 96 67 14 124 15 135 74 101 83 26 65 80 68 115 105 117 0 92 46 68 125 69 66 92 101 74 83 111 109 68 96 
125 116 161 127 122 157 140 122 57 122 184 111 96 168 113 124 78 137 107 153 87 113 126 118 109 151 135 155 142 73 92 0 120 91 138 136 143 127 147 130 96 131 65 106 114 
23 52 62 73 20 103 47 68 63 76 98 9 77 149 59 113 60 83 61 111 33 139 72 55 90 90 81 103 90 79 46 120 0 39 84 82 89 46 55 28 42 112 71 87 95 
44 91 80 46 41 76 68 41 34 38 119 30 73 145 32 75 82 56 53 84 6 126 45 94 86 102 54 64 51 50 68 91 39 0 57 55 62 67 76 49 15 108 42 83 91 
89 136 107 73 86 103 113 68 81 95 164 75 120 180 77 128 139 83 110 129 51 153 90 139 133 135 81 121 108 97 125 138 84 57 0 82 107 112 121 94 42 155 89 130 138 
87 93 103 71 84 101 111 66 79 85 162 73 118 130 75 48 83 80 84 127 49 106 83 95 131 75 1 48 61 95 69 136 82 55 82 0 100 110 119 92 40 89 87 128 106 
94 42 130 71 91 101 118 91 86 96 147 80 85 157 30 133 80 106 81 134 56 167 17 92 72 131 99 52 39 102 66 143 89 62 107 100 0 116 110 99 65 120 94 75 103 
51 98 98 101 48 131 75 96 70 97 119 37 31 103 87 97 106 111 107 88 61 155 99 83 44 70 109 113 118 70 92 127 46 67 112 110 116 0 82 56 70 66 62 41 49 
60 92 117 110 35 140 8 103 90 114 113 46 51 123 96 130 115 120 116 108 70 159 93 77 38 131 118 128 115 90 101 147 55 76 121 119 110 82 0 65 79 86 82 41 69 
5 80 90 83 30 113 57 78 73 84 80 19 87 128 69 121 88 93 69 121 43 163 82 83 100 118 91 113 100 89 74 130 28 49 94 92 99 56 65 0 52 122 81 97 105 
47 94 65 31 44 61 71 26 39 53 122 33 78 138 35 86 97 41 68 87 9 111 48 97 91 93 39 79 66 55 83 96 42 15 42 40 65 70 79 52 0 113 47 88 96 
117 135 90 144 114 141 94 129 74 81 123 103 35 41 116 44 125 154 96 92 104 102 103 87 48 71 88 135 125 74 111 131 112 108 155 89 120 66 86 122 113 0 66 45 17 
76 123 112 78 73 108 75 73 8 80 119 62 31 103 64 59 123 88 95 88 38 99 77 83 44 86 86 106 93 8 109 65 71 42 89 87 94 62 82 81 47 66 0 41 49 
92 92 101 112 76 142 49 94 49 76 78 78 10 82 71 89 82 129 83 67 79 118 58 42 3 92 127 93 80 49 68 106 87 83 130 128 75 41 41 97 88 45 41 0 28 
100 120 73 127 97 134 77 112 57 84 106 86 18 58 99 61 110 137 99 75 87 119 86 70 31 64 105 121 108 57 96 114 95 91 138 106 103 49 69 105 96 17 49 28 0 
31
96
62
39
86
46
60
25
98
54
5
91
94
92
100
64
64
21
97
94
78
73
3
48
96
14
38
92
67
12
73
30
98
67
11
76
12
20
25
44
6
84
4
81
