25
0 180 165 99 112 145 222 205 46 159 360 257 186 196 148 272 66 117 134 151 192 113 186 95 362 
180 0 107 261 111 127 219 287 208 282 398 214 321 244 32 276 114 155 138 72 327 68 168 159 304 
165 107 0 178 74 20 262 180 125 226 291 222 214 137 75 169 153 48 31 35 220 175 61 122 197 
99 261 178 0 150 158 207 262 53 258 373 206 285 219 229 285 165 130 147 189 291 197 199 102 375 
112 111 74 150 0 94 266 254 97 256 365 210 288 211 79 243 161 122 105 39 294 179 135 48 271 
145 127 20 158 94 0 245 160 105 206 271 242 194 117 95 149 173 28 11 55 200 195 41 142 217 
222 219 262 207 266 245 0 109 260 63 309 169 342 271 187 293 269 241 256 227 336 287 204 294 459 
205 287 180 262 254 160 109 0 209 46 375 261 260 162 255 276 271 132 149 215 254 318 201 258 377 
46 208 125 53 97 105 260 209 0 205 320 211 232 166 176 232 112 77 94 136 238 144 146 49 322 
159 282 226 258 256 206 63 46 205 0 372 232 279 208 250 230 225 178 195 261 273 272 247 254 423 
360 398 291 373 365 271 309 375 320 372 0 478 385 332 366 398 426 243 260 326 391 464 312 369 488 
257 214 222 206 210 242 169 261 211 232 478 0 399 359 182 391 250 270 253 187 405 282 283 162 297 
186 321 214 285 288 194 342 260 232 279 385 399 0 123 289 321 226 166 183 249 6 299 235 281 191 
196 244 137 219 211 117 271 162 166 208 332 359 123 0 212 244 130 89 106 172 129 299 158 215 314 
148 32 75 229 79 95 187 255 176 250 366 182 289 212 0 244 82 123 106 40 295 100 136 127 272 
272 276 169 285 243 149 293 276 232 230 398 391 321 244 244 0 322 155 138 204 327 344 190 281 366 
66 114 153 165 161 173 269 271 112 225 426 250 226 130 82 322 0 183 184 122 220 179 214 161 350 
117 155 48 130 122 28 241 132 77 178 243 270 166 89 123 155 183 0 17 83 172 221 69 126 245 
134 138 31 147 105 11 256 149 94 195 260 253 183 106 106 138 184 17 0 66 189 206 52 143 228 
151 72 35 189 39 55 227 215 136 261 326 187 249 172 40 204 122 83 66 0 255 140 96 87 232 
192 327 220 291 294 200 336 254 238 273 391 405 6 129 295 327 220 172 189 255 0 305 241 287 197 
113 68 175 197 179 195 287 318 144 272 464 282 299 299 100 344 179 221 206 140 305 0 236 193 372 
186 168 61 199 135 41 204 201 146 247 312 283 235 158 136 190 214 69 52 96 241 236 0 183 257 
95 159 122 102 48 142 294 258 49 254 369 162 281 215 127 281 161 126 143 87 287 193 183 0 319 
362 304 197 375 271 217 459 377 322 423 488 297 191 314 272 366 350 245 228 232 197 372 257 319 0 
58
55
23
37
51
36
60
67
48
87
20
38
45
52
27
13
12
67
19
100
37
57
13
49
