55
0 340 902 919 568 570 931 998 568 566 268 497 813 450 1058 799 693 401 300 992 627 755 613 993 177 181 588 357 471 686 584 796 686 610 1015 562 596 247 712 402 421 50 356 482 411 889 1066 535 898 577 412 471 1080 962 935 
340 0 582 580 437 350 701 658 345 355 90 277 474 526 726 471 377 279 84 654 387 417 328 762 192 317 531 365 158 353 400 456 366 505 675 431 441 233 372 356 276 340 93 247 71 611 727 306 565 239 132 308 746 649 707 
902 582 0 158 540 696 374 231 406 423 636 448 297 831 473 119 477 577 656 364 675 316 305 399 727 802 667 903 537 396 766 280 217 587 266 542 500 804 252 654 757 886 624 654 513 198 366 672 387 408 598 516 459 78 381 
919 580 158 0 649 610 532 92 499 519 652 523 172 923 315 148 373 648 642 206 578 214 380 557 752 847 781 857 495 305 678 167 260 705 123 650 613 780 208 734 700 911 600 590 509 356 218 594 236 363 562 598 303 219 539 
568 437 540 649 0 769 389 741 157 135 401 180 658 302 926 501 695 176 511 822 793 624 280 448 417 397 134 781 549 625 829 632 403 71 772 6 42 634 520 174 713 527 530 673 426 417 862 726 779 522 558 129 928 560 391 
570 350 696 610 769 0 949 649 645 662 426 593 442 873 585 580 242 626 311 565 61 396 574 1002 501 633 876 306 222 306 70 444 532 839 648 764 764 328 445 706 158 598 263 103 343 811 651 44 457 305 218 642 619 774 955 
931 701 374 532 389 949 0 602 368 367 708 440 642 675 847 431 778 532 785 738 947 640 382 62 762 776 462 1066 740 693 1018 618 423 388 637 395 350 932 540 561 952 897 780 875 654 176 737 913 749 645 780 461 833 334 7 
998 658 231 92 741 649 602 0 591 611 732 614 209 1014 252 240 407 739 715 153 610 264 472 622 835 933 872 914 559 354 713 216 351 795 35 742 704 846 286 825 753 992 669 641 587 428 135 639 223 431 626 689 232 273 609 
568 345 406 499 157 645 368 591 0 22 340 72 501 427 769 351 545 183 427 666 661 467 123 430 395 427 291 708 423 471 709 475 247 224 621 157 132 569 363 249 614 538 432 555 312 329 709 603 622 375 446 113 772 440 373 
566 355 423 519 135 662 367 611 22 0 346 78 523 408 791 371 566 174 436 687 679 489 145 429 395 420 269 717 440 493 725 497 268 202 642 135 111 575 385 234 627 534 444 571 326 338 730 620 644 395 460 102 793 455 371 
268 90 636 652 401 426 708 732 340 346 0 268 556 447 813 531 467 229 120 737 468 500 356 770 104 227 478 380 248 441 470 537 419 464 751 395 413 233 446 291 328 260 163 323 151 639 809 382 651 324 213 276 832 698 713 
497 277 448 523 180 593 440 614 72 78 268 0 500 402 771 377 516 129 358 674 614 459 145 502 323 363 304 639 371 450 655 474 263 251 642 177 171 497 362 211 550 469 367 499 252 394 724 551 619 342 386 77 779 491 445 
813 474 297 172 658 442 642 209 501 523 556 500 0 898 272 211 202 612 520 182 407 58 378 678 660 772 792 705 357 145 508 26 260 722 214 658 629 644 138 704 544 814 470 432 406 470 253 430 121 236 424 577 283 371 649 
450 526 831 923 302 873 675 1014 427 408 447 402 898 0 1170 775 877 286 565 1074 912 852 543 730 388 279 217 772 679 826 916 873 663 287 1042 298 344 627 761 194 767 400 610 770 556 719 1126 829 1013 708 657 325 1179 859 676 
1058 726 473 315 926 585 847 252 769 791 813 771 272 1170 0 441 372 884 758 109 531 320 646 870 917 1035 1060 886 587 373 633 297 523 988 219 926 895 860 409 976 725 1065 703 618 662 671 133 593 162 489 650 848 38 524 854 
799 471 119 148 501 580 431 240 351 371 531 377 211 775 441 0 368 504 542 332 561 214 232 468 627 712 634 785 418 284 650 188 118 558 271 502 466 688 135 587 638 786 508 535 401 260 362 555 321 289 480 450 437 196 438 
693 377 477 373 695 242 778 407 545 566 467 516 202 877 372 368 0 596 393 330 205 162 440 824 568 694 820 522 224 85 306 206 356 765 406 692 677 488 239 688 360 705 337 249 326 620 416 235 224 174 281 585 400 555 785 
401 279 577 648 176 626 532 739 183 174 229 129 612 286 884 504 596 0 344 789 658 566 274 593 242 246 252 608 415 541 679 587 388 235 766 170 197 459 476 93 552 365 372 525 288 511 845 582 727 424 409 72 894 619 535 
300 84 656 642 511 311 785 715 427 436 120 358 520 565 758 542 393 344 0 695 358 462 411 846 191 323 596 281 171 387 351 505 442 576 728 505 518 151 434 411 208 312 57 209 144 694 772 268 599 285 113 382 781 725 791 
992 654 364 206 822 565 738 153 666 687 737 674 182 1074 109 332 330 789 695 0 516 237 543 763 841 954 956 852 526 308 620 205 419 883 126 822 790 810 313 881 690 994 642 579 586 562 86 564 108 415 592 751 106 419 745 
627 387 675 578 793 61 947 610 661 679 468 614 407 912 531 561 205 658 358 516 0 366 580 998 549 681 904 366 244 279 104 411 525 864 606 789 784 387 427 741 218 652 306 149 371 802 602 92 409 302 255 668 565 753 954 
755 417 316 214 624 396 640 264 467 489 500 459 58 852 320 214 162 566 462 237 366 0 347 681 604 717 757 650 299 91 464 48 237 691 271 623 598 586 108 658 490 757 412 378 349 474 311 380 161 178 366 535 335 394 647 
613 328 305 380 280 574 382 472 123 145 356 145 378 543 646 232 440 274 411 543 580 347 0 441 436 498 414 688 359 362 642 352 124 344 501 280 251 561 241 355 570 591 399 494 273 284 587 536 499 280 398 218 649 353 389 
993 762 399 557 448 1002 62 622 430 429 770 502 678 730 870 468 824 593 846 763 998 681 441 0 824 837 515 1127 796 739 1072 656 473 443 657 454 410 993 585 621 1011 958 839 931 713 208 757 968 782 697 839 522 854 349 58 
177 192 727 752 417 501 762 835 395 395 104 323 660 388 917 627 568 242 191 841 549 604 436 824 0 132 466 390 345 545 536 641 512 470 854 411 439 241 549 271 381 159 246 400 255 712 913 459 755 428 301 306 936 785 766 
181 317 802 847 397 633 776 933 427 420 227 363 772 279 1035 712 694 246 323 954 681 717 498 837 132 0 407 495 474 665 666 750 594 433 956 391 430 354 651 225 508 134 378 532 373 756 1021 591 873 546 433 318 1052 851 779 
588 531 667 781 134 876 462 872 291 269 478 304 792 217 1060 634 820 252 596 956 904 757 414 515 466 407 0 850 660 753 930 766 537 82 904 134 168 700 654 195 804 541 624 775 533 528 996 832 913 646 659 237 1062 681 463 
357 365 903 857 781 306 1066 914 708 717 380 639 705 772 886 785 522 608 281 852 366 650 688 1127 390 495 850 0 367 560 283 698 701 843 919 775 793 150 659 657 162 402 289 273 415 966 937 293 746 499 305 656 918 978 1072 
471 158 537 495 549 222 740 559 423 440 248 371 357 679 587 418 224 415 171 526 244 299 359 796 345 474 660 367 0 218 286 344 341 620 568 545 542 287 292 500 222 481 116 135 127 617 606 180 429 132 67 424 611 612 747 
686 353 396 305 625 306 693 354 471 493 441 450 145 826 373 284 85 541 387 308 279 91 362 739 545 665 753 560 218 0 374 139 272 694 359 623 603 503 154 634 399 692 334 287 292 535 388 289 212 120 284 522 394 474 700 
584 400 766 678 829 70 1018 713 709 725 470 655 508 916 633 650 306 679 351 620 104 464 642 1072 536 666 930 283 286 374 0 511 602 898 710 824 826 338 515 756 163 616 309 156 403 881 706 106 513 375 271 701 668 844 1025 
796 456 280 167 632 444 618 216 475 497 537 474 26 873 297 188 206 587 505 205 411 48 352 656 641 750 766 698 344 139 511 0 234 696 224 632 603 631 112 679 538 795 456 426 387 448 272 428 147 220 411 551 307 356 625 
686 366 217 260 403 532 423 351 247 268 419 263 260 663 523 118 356 388 442 419 525 237 124 473 512 594 537 701 341 272 602 234 0 465 379 403 372 592 129 474 563 671 415 470 298 279 463 500 381 227 396 338 525 283 430 
610 505 587 705 71 839 388 795 224 202 464 251 722 287 988 558 765 235 576 883 864 691 344 443 470 433 82 843 620 694 898 696 465 0 828 75 93 694 585 208 781 566 598 742 496 446 920 796 843 593 627 197 989 599 389 
1015 675 266 123 772 648 637 35 621 642 751 642 214 1042 219 271 406 766 728 126 606 271 501 657 854 956 904 919 568 359 710 224 379 828 0 773 736 855 305 853 758 1011 680 646 604 463 100 640 208 443 635 717 198 308 644 
562 431 542 650 6 764 395 742 157 135 395 177 658 298 926 502 692 170 505 822 789 623 280 454 411 391 134 775 545 623 824 632 403 75 773 0 47 628 520 168 707 521 524 668 421 422 863 721 779 519 553 123 928 563 397 
596 441 500 613 42 764 350 704 132 111 413 171 629 344 895 466 677 197 518 790 784 598 251 410 439 430 168 793 542 603 826 603 372 93 736 47 0 646 492 211 717 558 534 670 423 375 828 722 750 505 557 137 896 518 352 
247 233 804 780 634 328 932 846 569 575 233 497 644 627 860 688 488 459 151 810 387 586 561 993 241 354 700 150 287 503 338 631 592 694 855 628 646 0 574 507 175 281 181 251 294 844 891 297 708 417 220 509 888 874 937 
712 372 252 208 520 445 540 286 363 385 446 362 138 761 409 135 239 476 434 313 427 108 241 585 549 651 654 659 292 154 515 112 129 585 305 520 492 574 0 568 508 706 393 403 301 381 372 420 259 160 358 439 418 330 547 
402 356 654 734 174 706 561 825 249 234 291 211 704 194 976 587 688 93 411 881 741 658 355 621 271 225 195 657 500 634 756 679 474 208 853 168 211 507 568 0 619 358 447 603 374 567 934 662 819 517 488 138 986 689 563 
421 276 757 700 713 158 952 753 614 627 328 550 544 767 725 638 360 552 208 690 218 490 570 1011 381 508 804 162 222 399 163 538 563 781 758 707 717 175 508 619 0 453 183 112 303 838 775 135 584 349 172 584 756 833 959 
50 340 886 911 527 598 897 992 538 534 260 469 814 400 1065 786 705 365 312 994 652 757 591 958 159 134 541 402 481 692 616 795 671 566 1011 521 558 281 706 358 453 0 369 505 408 863 1067 560 904 579 425 436 1086 943 900 
356 93 624 600 530 263 780 669 432 444 163 367 470 610 703 508 337 372 57 642 306 412 399 839 246 378 624 289 116 334 309 456 415 598 680 524 534 181 393 447 183 369 0 160 126 677 721 219 545 238 56 401 727 696 786 
482 247 654 590 673 103 875 641 555 571 323 499 432 770 618 535 249 525 209 579 149 378 494 931 400 532 775 273 135 287 156 426 470 742 646 668 670 251 403 603 112 505 160 0 247 748 664 59 473 247 116 545 648 731 881 
411 71 513 509 426 343 654 587 312 326 151 252 406 556 662 401 326 288 144 586 371 349 273 713 255 373 533 415 127 292 403 387 298 496 604 421 423 294 301 374 303 408 126 247 0 552 659 300 500 173 134 299 681 581 660 
889 611 198 356 417 811 176 428 329 338 639 394 470 719 671 260 620 511 694 562 802 474 284 208 712 756 528 966 617 535 881 448 279 446 463 422 375 844 381 567 838 863 677 748 552 0 563 779 575 506 667 440 657 169 183 
1066 727 366 218 862 651 737 135 709 730 809 724 253 1126 133 362 416 845 772 86 602 311 587 757 913 1021 996 937 606 388 706 272 463 920 100 863 828 891 372 934 775 1067 721 664 659 563 0 649 194 489 672 801 104 408 744 
535 306 672 594 726 44 913 639 603 620 382 551 430 829 593 555 235 582 268 564 92 380 536 968 459 591 832 293 180 289 106 428 500 796 640 721 722 297 420 662 135 560 219 59 300 779 649 0 456 273 174 599 625 750 920 
898 565 387 236 779 457 749 223 622 644 651 619 121 1013 162 321 224 727 599 108 409 161 499 782 755 873 913 746 429 212 513 147 381 843 208 779 750 708 259 819 584 904 545 473 500 575 194 456 0 327 493 696 182 454 756 
577 239 408 363 522 305 645 431 375 395 324 342 236 708 489 289 174 424 285 415 302 178 280 697 428 546 646 499 132 120 375 220 227 593 443 519 505 417 160 517 349 579 238 247 173 506 489 273 327 0 199 411 508 484 652 
412 132 598 562 558 218 780 626 446 460 213 386 424 657 650 480 281 409 113 592 255 366 398 839 301 433 659 305 67 284 271 411 396 627 635 553 557 220 358 488 172 425 56 116 134 667 672 174 493 199 0 430 675 673 787 
471 308 516 598 129 642 461 689 113 102 276 77 577 325 848 450 585 72 382 751 668 535 218 522 306 318 237 656 424 522 701 551 338 197 717 123 137 509 439 138 584 436 401 545 299 440 801 599 696 411 430 0 856 553 464 
1080 746 459 303 928 619 833 232 772 793 832 779 283 1179 38 437 400 894 781 106 565 335 649 854 936 1052 1062 918 611 394 668 307 525 989 198 928 896 888 418 986 756 1086 727 648 681 657 104 625 182 508 675 856 0 505 840 
962 649 78 219 560 774 334 273 440 455 698 491 371 859 524 196 555 619 725 419 753 394 353 349 785 851 681 978 612 474 844 356 283 599 308 563 518 874 330 689 833 943 696 731 581 169 408 750 454 484 673 553 505 0 341 
935 707 381 539 391 955 7 609 373 371 713 445 649 676 854 438 785 535 791 745 954 647 389 58 766 779 463 1072 747 700 1025 625 430 389 644 397 352 937 547 563 959 900 786 881 660 183 744 920 756 652 787 464 840 341 0 
38
60
62
76
97
49
42
10
86
62
68
83
79
100
78
64
84
6
91
55
48
33
83
58
18
11
1
55
58
96
58
24
16
21
84
51
83
34
66
45
45
21
22
98
54
42
60
50
49
95
76
71
32
22
