40
0 657 740 920 683 980 492 345 779 281 221 702 727 594 823 443 213 853 1050 955 781 294 543 464 646 529 319 219 480 556 101 365 389 616 423 221 1172 1074 570 971 
657 0 466 688 26 534 740 323 123 513 437 401 870 474 488 681 598 647 764 374 460 396 280 391 147 764 373 438 708 488 637 373 300 632 363 437 933 801 201 572 
740 466 0 229 468 265 483 466 484 464 567 65 491 160 89 454 556 181 334 386 53 468 248 276 319 484 448 579 456 204 659 387 598 275 326 568 489 366 295 238 
920 688 229 0 686 296 554 683 689 639 772 294 455 330 206 551 717 67 136 515 228 673 475 477 543 539 656 786 536 364 829 593 825 337 533 773 263 155 524 228 
683 26 468 686 0 522 758 348 97 535 463 404 882 484 484 699 621 648 758 353 458 420 292 408 150 781 397 464 726 500 662 395 326 644 382 463 927 795 213 562 
980 534 265 296 522 0 745 668 486 715 785 281 716 424 178 719 810 311 284 242 213 692 443 518 415 743 668 795 719 468 908 615 763 530 557 786 449 321 447 68 
492 740 483 554 758 745 0 488 825 290 480 492 235 337 567 65 291 492 688 845 536 419 472 350 631 37 426 494 32 297 391 389 648 221 379 481 761 698 548 705 
345 323 466 683 348 668 488 0 442 211 126 411 676 363 536 423 281 621 799 612 494 77 226 214 302 520 62 132 459 345 314 108 167 470 156 126 946 830 230 673 
779 123 484 689 97 486 825 442 0 620 559 424 929 529 483 768 710 657 743 285 464 512 353 475 195 846 487 560 793 552 756 479 423 691 459 559 913 781 277 535 
281 513 464 639 535 715 290 211 620 0 191 434 503 314 551 226 98 572 769 728 510 135 305 198 445 326 149 205 265 275 195 141 362 345 175 192 892 793 358 700 
221 437 567 772 463 785 480 126 559 191 0 519 694 443 644 416 215 708 895 738 602 99 342 295 428 516 119 14 455 416 208 180 197 518 241 1 1034 923 356 787 
702 401 65 294 404 281 492 411 424 434 519 0 529 156 125 455 529 246 394 356 83 422 188 238 254 499 400 531 463 197 628 342 538 300 281 520 552 427 230 269 
727 870 491 455 882 716 235 676 929 503 694 529 0 400 554 287 522 412 571 877 538 618 590 491 737 198 619 708 248 382 626 568 843 238 538 695 597 569 669 660 
594 474 160 330 484 424 337 363 529 314 443 156 400 0 249 300 401 265 458 509 211 344 198 150 337 345 329 457 307 44 508 265 519 162 208 444 591 484 274 397 
823 488 89 206 484 178 567 536 483 551 644 125 554 249 0 541 644 182 279 332 42 546 311 359 345 566 525 656 541 293 746 466 658 353 405 645 445 315 343 149 
443 681 454 551 699 719 65 423 768 226 416 455 287 300 541 0 235 487 687 804 507 354 417 293 576 100 361 430 39 258 342 324 583 214 318 417 773 701 491 684 
213 598 556 717 621 810 291 281 710 98 215 529 522 401 644 235 0 650 851 826 603 204 403 296 540 328 225 227 274 360 114 234 409 403 273 216 964 872 454 793 
853 647 181 67 648 311 492 621 657 572 708 246 412 265 182 487 650 0 202 510 193 609 419 413 500 480 593 722 473 297 762 529 767 273 470 709 326 222 474 250 
1050 764 334 136 758 284 688 799 743 769 895 394 571 458 279 687 851 202 0 525 315 796 582 600 623 671 778 909 671 494 963 715 932 473 655 896 170 38 621 218 
955 374 386 515 353 242 845 612 285 728 738 356 877 509 332 804 826 510 525 0 340 662 423 539 312 854 636 744 815 548 904 600 657 656 553 738 691 562 385 307 
781 460 53 228 458 213 536 494 464 510 602 83 538 211 42 507 603 193 315 340 0 504 270 317 315 537 483 614 509 255 704 424 618 327 363 603 478 349 306 190 
294 396 468 673 420 692 419 77 512 135 99 422 618 344 546 354 204 609 796 662 504 0 251 196 357 453 26 113 392 319 247 81 229 428 142 100 935 824 277 690 
543 280 248 475 292 443 472 226 353 305 342 188 590 198 311 417 403 419 582 423 270 251 0 125 159 493 226 352 440 208 484 179 350 353 130 343 737 614 79 447 
464 391 276 477 408 518 350 214 475 198 295 238 491 150 359 293 296 413 600 539 317 196 125 0 283 373 180 309 318 131 390 116 375 266 58 296 739 628 198 507 
646 147 319 543 150 415 631 302 195 445 428 254 737 337 345 576 540 500 623 312 315 357 159 283 0 651 331 433 599 357 604 306 355 499 273 428 790 660 87 443 
529 764 484 539 781 743 37 520 846 326 516 499 198 345 566 100 328 480 671 854 537 453 493 373 651 0 459 530 61 308 428 419 682 214 406 517 737 680 570 699 
319 373 448 656 397 668 426 62 487 149 119 400 619 329 525 361 225 593 778 636 483 26 226 180 331 459 0 131 398 306 273 64 224 421 123 120 919 806 251 668 
219 438 579 786 464 795 494 132 560 205 14 531 708 457 656 430 227 722 909 744 614 113 352 309 433 530 131 0 469 430 213 194 189 532 254 13 1048 937 362 798 
480 708 456 536 726 719 32 459 793 265 455 463 248 307 541 39 274 473 671 815 509 392 440 318 599 61 398 469 0 267 379 358 621 200 347 456 750 683 516 680 
556 488 204 364 500 468 297 345 552 275 416 197 382 44 293 258 360 297 494 548 255 319 208 131 357 308 306 430 267 0 469 242 506 145 189 417 621 518 287 441 
101 637 659 829 662 908 391 314 756 195 208 628 626 508 746 342 114 762 963 904 704 247 484 390 604 428 273 213 379 469 0 305 401 517 356 208 1078 984 522 894 
365 373 387 593 395 615 389 108 479 141 180 342 568 265 466 324 234 529 715 600 424 81 179 116 306 419 64 194 358 242 305 0 275 362 61 181 855 743 220 611 
389 300 598 825 326 763 648 167 423 362 197 538 843 519 658 583 409 767 932 657 618 229 350 375 355 682 224 189 621 506 401 275 0 636 317 196 1087 964 318 781 
616 632 275 337 644 530 221 470 691 345 518 300 238 162 353 214 403 273 473 656 327 428 353 266 499 214 421 532 200 145 517 362 636 0 319 519 565 487 431 485 
423 363 326 533 382 557 379 156 459 175 241 281 538 208 405 318 273 470 655 553 363 142 130 58 273 406 123 254 347 189 356 61 317 319 0 242 796 683 186 550 
221 437 568 773 463 786 481 126 559 192 1 520 695 444 645 417 216 709 896 738 603 100 343 296 428 517 120 13 456 417 208 181 196 519 242 0 1035 924 356 787 
1172 933 489 263 927 449 761 946 913 892 1034 552 597 591 445 773 964 326 170 691 478 935 737 739 790 737 919 1048 750 621 1078 855 1087 565 796 1035 0 132 782 386 
1074 801 366 155 795 321 698 830 781 793 923 427 569 484 315 701 872 222 38 562 349 824 614 628 660 680 806 937 683 518 984 743 964 487 683 924 132 0 655 256 
570 201 295 524 213 447 548 230 277 358 356 230 669 274 343 491 454 474 621 385 306 277 79 198 87 570 251 362 516 287 522 220 318 431 186 356 782 655 0 463 
971 572 238 228 562 68 705 673 535 700 787 269 660 397 149 684 793 250 218 307 190 690 447 507 443 699 668 798 680 441 894 611 781 485 550 787 386 256 463 0 
3
44
48
66
38
90
96
81
37
75
33
57
7
63
29
41
91
38
71
99
40
39
23
89
22
43
20
90
63
84
40
59
67
22
17
21
69
74
76
