80
0 21 50 30 33 17 45 20 30 19 33 66 45 49 29 58 65 49 71 80 71 17 76 73 65 23 64 10 42 60 57 61 76 63 67 44 70 47 67 23 38 26 61 23 81 67 12 61 20 64 48 68 43 40 48 69 56 69 41 11 39 12 21 68 67 45 21 39 60 69 53 75 41 60 49 33 83 53 69 59 
21 0 34 29 37 16 28 19 33 16 26 51 27 46 22 37 45 48 50 60 56 12 55 53 44 4 49 17 28 40 36 48 55 42 46 26 53 26 47 6 17 29 46 16 60 52 21 40 11 43 27 47 28 25 27 48 39 48 26 10 35 23 24 51 52 30 19 18 39 54 32 54 26 39 40 18 68 46 48 38 
50 34 0 61 45 35 44 35 66 49 54 17 7 34 51 31 42 40 38 52 25 46 44 24 32 30 16 42 11 39 14 24 31 34 39 40 20 21 43 37 23 62 19 48 32 22 43 16 30 36 20 23 12 46 13 38 6 24 9 41 29 57 57 18 24 49 51 18 16 21 18 43 13 19 24 17 34 29 29 21 
30 29 61 0 62 42 28 45 10 14 9 77 54 74 10 50 51 76 60 66 85 18 65 75 57 33 77 37 57 47 59 77 73 54 56 30 77 46 54 24 38 8 75 13 82 81 41 62 39 54 47 68 57 21 51 58 65 69 55 29 63 19 9 75 81 25 11 43 61 82 52 64 55 59 69 47 92 75 64 57 
33 37 45 62 0 21 65 19 63 48 60 58 43 22 56 68 78 19 78 91 56 44 84 68 72 35 54 25 34 73 57 41 76 72 77 62 63 54 80 43 48 59 45 50 76 52 21 61 27 74 54 68 33 62 50 78 50 69 37 33 18 45 54 62 49 67 51 46 60 58 56 83 32 62 28 31 73 29 72 62 
17 16 35 42 21 0 44 3 43 28 40 51 31 33 36 49 58 34 60 72 54 24 66 59 54 14 48 7 26 53 45 44 64 53 58 41 55 35 60 22 28 39 44 30 67 50 8 49 6 55 36 56 26 41 36 59 41 57 26 13 22 27 34 53 50 46 31 27 48 53 41 65 24 48 32 18 67 36 57 47 
45 28 44 28 65 44 0 46 38 27 19 58 38 70 20 23 23 72 32 38 68 28 37 53 30 30 58 44 47 19 37 68 46 27 28 4 56 24 26 23 22 36 63 23 58 66 48 40 38 26 25 44 49 7 32 30 46 44 43 36 59 39 33 54 68 5 27 27 39 63 30 36 47 35 62 40 71 68 37 32 
20 19 35 45 19 3 46 0 46 31 43 50 31 30 39 51 60 31 62 74 53 27 68 59 56 16 47 10 25 55 45 42 64 55 60 43 55 37 62 25 30 42 43 33 67 49 8 49 8 57 38 56 25 44 36 61 41 57 26 16 20 30 37 53 49 49 34 29 48 52 42 67 23 48 29 18 66 34 58 48 
30 33 66 10 63 43 38 46 0 17 19 83 59 76 19 60 61 77 70 76 89 21 75 83 67 37 82 38 61 57 67 81 83 64 66 40 84 54 64 29 46 4 79 19 90 85 42 70 42 64 55 76 61 31 58 68 71 77 59 30 65 18 9 82 85 35 15 49 69 87 60 74 59 67 73 51 99 78 74 66 
19 16 49 14 48 28 27 31 17 0 14 66 42 60 10 46 50 62 59 65 72 4 64 66 53 20 65 23 44 46 50 64 66 51 55 28 67 37 53 12 29 13 62 4 73 68 27 53 25 52 38 59 44 21 41 57 54 60 42 15 49 12 8 65 68 26 3 32 52 70 43 63 42 50 56 34 82 62 59 49 
33 26 54 9 60 40 19 43 19 14 0 70 47 72 4 41 42 74 51 57 79 16 56 67 48 30 70 36 53 38 51 74 64 45 47 21 70 38 45 20 31 17 72 10 74 76 40 54 37 45 39 60 54 12 44 49 58 61 50 27 61 25 15 68 78 16 12 36 53 75 44 55 52 51 66 44 85 72 55 49 
66 51 17 77 58 51 58 50 83 66 70 0 24 40 67 41 52 46 43 57 12 63 47 14 39 47 4 58 26 49 22 21 28 42 46 54 6 34 51 54 39 79 14 65 20 11 58 20 46 44 33 22 25 61 26 44 12 22 25 57 40 73 74 7 15 63 68 34 21 6 29 46 27 26 30 33 17 32 32 29 
45 27 7 54 43 31 38 31 59 42 47 24 0 36 44 27 38 41 36 50 32 39 42 28 30 23 23 37 11 34 14 30 33 31 36 34 26 15 39 30 16 55 25 41 36 29 39 18 25 33 14 25 13 39 8 36 12 26 7 35 28 50 50 24 31 43 44 11 17 28 14 41 12 19 26 13 41 32 29 20 
49 46 34 74 22 33 70 30 76 60 72 40 36 0 68 63 74 6 72 86 37 56 78 53 66 42 36 40 25 70 48 21 63 67 72 66 46 50 75 52 48 72 26 62 60 33 37 49 35 69 50 55 23 69 44 72 37 56 29 46 11 60 67 46 30 74 63 44 50 39 50 77 24 53 10 30 54 8 62 55 
29 22 51 10 56 36 20 39 19 10 4 67 44 68 0 41 43 70 52 58 76 12 57 65 48 26 67 32 49 39 49 70 64 45 48 21 68 36 46 16 29 16 68 6 72 73 36 52 33 46 37 58 50 13 42 50 55 59 47 23 57 21 13 66 74 17 8 33 51 72 42 56 48 49 62 40 83 68 55 47 
58 37 31 50 68 49 23 51 60 46 41 41 27 63 41 0 11 68 13 23 53 45 18 32 7 36 43 53 38 8 19 55 23 5 9 20 37 14 12 36 21 57 49 42 36 51 57 21 43 6 14 22 40 29 19 11 31 22 34 47 55 58 52 35 54 28 46 22 20 47 13 17 39 15 53 37 51 59 14 12 
65 45 42 51 78 58 23 60 61 50 42 52 38 74 43 11 0 79 11 15 64 49 15 41 13 45 54 62 49 5 30 66 28 10 7 22 48 25 3 42 30 59 60 46 43 62 66 32 52 8 25 31 51 30 30 9 42 31 45 54 66 62 56 46 65 27 50 33 31 58 24 14 50 26 64 48 60 70 21 23 
49 48 40 76 19 34 72 31 77 62 74 46 41 6 70 68 79 0 77 91 43 58 83 59 71 44 42 40 30 75 54 27 69 72 77 69 52 55 80 54 51 73 32 64 66 39 37 55 37 74 55 61 29 72 49 77 43 62 34 47 13 60 68 52 36 76 65 47 56 45 55 82 29 59 16 33 60 14 68 61 
71 50 38 60 78 60 32 62 70 59 51 43 36 72 52 13 11 77 0 15 54 58 6 31 6 48 46 65 47 13 24 61 17 8 4 31 38 25 9 49 33 68 54 55 32 54 68 24 54 7 24 21 49 39 28 2 36 21 43 60 64 71 65 36 57 37 59 33 23 48 22 5 48 19 62 47 50 67 11 17 
80 60 52 66 91 72 38 74 76 65 57 57 50 86 58 23 15 91 15 0 68 64 10 45 20 59 60 76 61 20 38 75 31 19 14 37 52 37 13 57 44 74 68 61 46 68 80 39 66 17 37 36 63 45 42 14 50 35 57 69 78 77 71 50 72 41 65 45 38 62 36 11 62 33 76 60 64 81 26 31 
71 56 25 85 56 54 68 53 89 72 79 12 32 37 76 53 64 43 54 68 0 68 58 25 51 52 10 61 30 61 34 16 39 54 58 64 17 44 63 62 48 85 11 72 29 4 61 32 51 56 43 33 28 71 36 56 22 33 31 62 38 78 80 18 7 73 75 43 33 6 40 57 30 38 28 38 17 29 43 41 
17 12 46 18 44 24 28 27 21 4 16 63 39 56 12 45 49 58 58 64 68 0 63 63 52 16 61 20 40 45 47 60 63 50 54 28 64 34 52 9 26 17 58 6 70 64 24 50 21 51 35 56 40 23 38 56 51 57 38 11 45 13 12 62 64 28 7 29 49 66 40 62 38 47 52 30 79 58 56 46 
76 55 44 65 84 66 37 68 75 64 56 47 42 78 57 18 15 83 6 10 58 63 0 35 12 54 50 71 53 18 30 66 21 13 9 36 42 31 12 54 39 73 59 60 36 58 74 29 60 12 30 26 55 44 34 7 41 25 49 65 70 76 70 40 62 42 64 39 29 52 28 1 54 25 68 53 54 73 16 23 
73 53 24 75 68 59 53 59 83 66 67 14 28 53 65 32 41 59 31 45 25 63 35 0 28 51 18 65 35 39 17 35 14 31 35 49 8 29 40 54 38 79 28 64 8 25 67 13 53 33 28 10 35 57 26 33 18 10 33 63 51 76 74 7 29 58 68 35 14 19 23 34 37 18 43 41 19 46 20 21 
65 44 32 57 72 54 30 56 67 53 48 39 30 66 48 7 13 71 6 20 51 52 12 28 0 42 41 59 41 11 18 55 17 3 7 27 35 19 12 43 27 64 48 49 31 49 62 19 48 5 18 18 43 36 22 6 30 18 37 54 58 65 59 33 52 35 53 27 18 45 16 11 42 13 56 41 47 61 8 11 
23 4 30 33 35 14 30 16 37 20 30 47 23 42 26 36 45 44 48 59 52 16 54 51 42 0 45 17 24 40 34 44 53 41 45 27 49 24 47 10 15 33 42 20 58 48 21 38 8 42 25 45 24 28 25 47 35 46 22 12 31 27 28 47 48 33 23 16 37 50 30 53 22 37 36 14 64 42 46 36 
64 49 16 77 54 48 58 47 82 65 70 4 23 36 67 43 54 42 46 60 10 61 50 18 41 45 0 55 23 51 24 17 32 44 48 54 10 34 53 53 39 78 10 64 24 8 55 22 44 46 33 25 22 61 26 47 12 25 23 55 36 71 73 11 12 63 67 34 23 5 30 49 24 28 26 31 19 28 35 31 
10 17 42 37 25 7 44 10 38 23 36 58 37 40 32 53 62 40 65 76 61 20 71 65 59 17 55 0 33 57 51 51 70 58 62 42 62 41 64 21 32 34 51 26 73 57 4 55 12 59 42 62 33 40 42 64 48 63 33 9 29 20 29 60 57 45 26 33 54 60 47 70 31 54 39 25 74 43 63 53 
42 28 11 57 34 26 47 25 61 44 53 26 11 25 49 38 49 30 47 61 30 40 53 35 41 24 23 33 0 45 25 22 42 42 47 43 30 25 50 34 25 57 20 44 43 26 33 27 22 44 25 34 2 48 19 47 17 35 4 34 18 50 52 29 26 52 47 20 27 28 25 52 2 30 15 10 42 21 40 31 
60 40 39 47 73 53 19 55 57 46 38 49 34 70 39 8 5 75 13 20 61 45 18 39 11 40 51 57 45 0 27 63 28 8 9 18 45 20 7 37 25 55 57 42 42 59 61 29 47 7 20 29 47 26 26 11 39 29 41 49 62 58 52 43 62 24 46 28 28 55 21 17 46 23 60 43 58 66 19 20 
57 36 14 59 57 45 37 45 67 50 51 22 14 48 49 19 30 54 24 38 34 47 30 17 18 34 24 51 25 27 0 37 19 20 25 33 19 13 29 38 21 63 30 48 24 32 53 4 39 22 12 11 26 41 9 24 12 12 21 46 42 59 58 17 35 42 52 18 3 28 7 29 26 5 38 27 34 43 15 7 
61 48 24 77 41 44 68 42 81 64 74 21 30 21 70 55 66 27 61 75 16 60 66 35 55 44 17 51 22 63 37 0 49 57 62 64 27 45 66 54 46 77 7 64 41 12 50 37 43 59 44 42 20 69 37 61 25 42 25 54 24 70 72 28 9 73 67 41 38 19 42 65 22 42 13 30 33 13 50 44 
76 55 31 73 76 64 46 64 83 66 64 28 33 63 64 23 28 69 17 31 39 63 21 14 17 53 32 70 42 28 19 49 0 20 21 43 22 29 26 54 38 79 42 64 15 39 72 15 58 22 28 8 43 52 28 19 26 8 39 65 60 76 74 21 43 51 68 37 16 33 23 20 44 16 53 46 33 58 9 17 
63 42 34 54 72 53 27 55 64 51 45 42 31 67 45 5 10 72 8 19 54 50 13 31 3 41 44 58 42 8 20 57 20 0 5 24 38 18 9 41 26 61 50 47 34 52 61 22 47 2 18 21 44 33 23 6 32 21 38 52 59 63 57 36 55 32 51 26 21 48 17 12 43 16 57 41 50 63 11 13 
67 46 39 56 77 58 28 60 66 55 47 46 36 72 48 9 7 77 4 14 58 54 9 35 7 45 48 62 47 9 25 62 21 5 0 27 42 23 5 45 30 64 55 51 36 56 66 26 52 3 23 25 49 35 28 2 37 25 43 56 64 67 61 40 59 33 55 31 25 52 22 8 48 20 62 46 54 68 15 18 
44 26 40 30 62 41 4 43 40 28 21 54 34 66 21 20 22 69 31 37 64 28 36 49 27 27 54 42 43 18 33 64 43 24 27 0 52 20 25 21 18 37 59 24 55 62 46 36 35 25 21 41 45 9 28 29 42 41 39 34 56 40 34 50 64 9 28 23 35 59 26 35 43 32 58 36 67 64 34 29 
70 53 20 77 63 55 56 55 84 67 70 6 26 46 68 37 48 52 38 52 17 64 42 8 35 49 10 62 30 45 19 27 22 38 42 52 0 32 47 55 39 80 20 66 14 17 63 16 50 40 31 17 30 60 26 40 14 17 29 61 45 76 75 2 21 61 69 35 17 11 26 41 32 22 36 37 15 38 27 25 
47 26 21 46 54 35 24 37 54 37 38 34 15 50 36 14 25 55 25 37 44 34 31 29 19 24 34 41 25 20 13 45 29 18 23 20 32 0 26 25 9 50 40 35 36 42 43 16 29 20 1 22 27 28 8 24 22 23 21 36 42 47 45 30 45 29 39 8 15 39 6 30 26 13 40 23 47 46 22 12 
67 47 43 54 80 60 26 62 64 53 45 51 39 75 46 12 3 80 9 13 63 52 12 40 12 47 53 64 50 7 29 66 26 9 5 25 47 26 0 44 32 62 59 49 41 61 68 31 54 7 26 30 52 33 31 7 41 30 46 56 67 65 59 45 64 30 53 34 30 57 25 11 51 25 65 49 59 71 20 22 
23 6 37 24 43 22 23 25 29 12 20 54 30 52 16 36 42 54 49 57 62 9 54 54 43 10 53 21 34 37 38 54 54 41 45 21 55 25 44 0 17 25 52 11 61 58 25 41 17 42 26 47 34 19 29 47 42 48 31 13 41 22 20 53 58 24 14 20 40 58 31 53 32 38 46 24 70 52 47 37 
38 17 23 38 48 28 22 30 46 29 31 39 16 48 29 21 30 51 33 44 48 26 39 38 27 15 39 32 25 25 21 46 38 26 30 18 39 9 32 17 0 42 41 27 45 45 36 25 22 27 10 31 27 23 13 32 27 32 21 27 38 39 37 37 47 27 31 5 24 44 15 38 25 22 40 18 54 46 31 21 
26 29 62 8 59 39 36 42 4 13 17 79 55 72 16 57 59 73 68 74 85 17 73 79 64 33 78 34 57 55 63 77 79 61 64 37 80 50 62 25 42 0 75 15 86 81 38 66 38 62 51 72 57 29 54 66 67 73 55 26 61 14 5 78 81 33 11 45 65 83 56 72 55 63 69 47 95 74 70 62 
61 46 19 75 45 44 63 43 79 62 72 14 25 26 68 49 60 32 54 68 11 58 59 28 48 42 10 51 20 57 30 7 42 50 55 59 20 40 59 52 41 75 0 62 34 7 51 30 41 52 39 35 18 64 32 54 18 35 22 52 27 68 70 21 6 68 65 36 31 13 36 58 20 35 17 28 28 18 43 37 
23 16 48 13 50 30 23 33 19 4 10 65 41 62 6 42 46 64 55 61 72 6 60 64 49 20 64 26 44 42 48 64 64 47 51 24 66 35 49 11 27 15 62 0 71 68 30 51 27 48 36 57 44 17 40 53 53 58 42 17 51 16 10 64 68 22 4 31 50 69 41 59 42 48 56 34 81 62 55 47 
81 60 32 82 76 67 58 67 90 73 74 20 36 60 72 36 43 66 32 46 29 70 36 8 31 58 24 73 43 42 24 41 15 34 36 55 14 36 41 61 45 86 34 71 0 31 75 20 61 36 35 15 43 64 33 34 26 14 41 70 58 83 81 14 35 63 75 42 21 24 30 35 45 24 50 49 18 52 23 26 
67 52 22 81 52 50 66 49 85 68 76 11 29 33 73 51 62 39 54 68 4 64 58 25 49 48 8 57 26 59 32 12 39 52 56 62 17 42 61 58 45 81 7 68 31 0 57 30 47 54 41 33 24 68 34 55 20 33 27 58 34 74 76 18 4 71 71 40 31 7 38 57 26 36 24 34 21 25 43 39 
12 21 43 41 21 8 48 8 42 27 40 58 39 37 36 57 66 37 68 80 61 24 74 67 62 21 55 4 33 61 53 50 72 61 66 46 63 43 68 25 36 38 51 30 75 57 0 57 14 63 44 64 33 44 44 67 49 65 34 13 27 24 33 61 57 49 30 35 56 60 49 73 31 56 37 26 74 41 65 55 
61 40 16 62 61 49 40 49 70 53 54 20 18 49 52 21 32 55 24 39 32 50 29 13 19 38 22 55 27 29 4 37 15 22 26 36 16 16 31 41 25 66 30 51 20 30 57 0 43 24 15 7 28 44 13 25 12 8 24 50 45 63 61 14 34 45 55 22 1 26 10 28 29 6 39 31 31 44 13 9 
20 11 30 39 27 6 38 8 42 25 37 46 25 35 33 43 52 37 54 66 51 21 60 53 48 8 44 12 22 47 39 43 58 47 52 35 50 29 54 17 22 38 41 27 61 47 14 43 0 49 30 50 23 36 30 53 36 51 21 12 24 28 33 48 47 41 28 21 42 49 35 59 21 42 31 13 63 37 51 41 
64 43 36 54 74 55 26 57 64 52 45 44 33 69 46 6 8 74 7 17 56 51 12 33 5 42 46 59 44 7 22 59 22 2 3 25 40 20 7 42 27 62 52 48 36 54 63 24 49 0 20 23 46 33 25 5 34 23 40 53 61 64 58 38 57 31 52 28 23 50 19 11 45 18 59 43 52 65 13 15 
48 27 20 47 54 36 25 38 55 38 39 33 14 50 37 14 25 55 24 37 43 35 30 28 18 25 33 42 25 20 12 44 28 18 23 21 31 1 26 26 10 51 39 36 35 41 44 15 30 20 0 21 27 29 7 24 21 22 21 37 42 48 46 29 44 30 40 9 14 38 5 29 26 12 40 23 46 46 21 11 
68 47 23 68 68 56 44 56 76 59 60 22 25 55 58 22 31 61 21 36 33 56 26 10 18 45 25 62 34 29 11 42 8 21 25 41 17 22 30 47 31 72 35 57 15 33 64 7 50 23 21 0 35 50 20 23 18 1 31 57 52 69 67 15 37 49 61 29 8 27 16 25 36 9 45 38 29 50 10 12 
43 28 12 57 33 26 49 25 61 44 54 25 13 23 50 40 51 29 49 63 28 40 55 35 43 24 22 33 2 47 26 20 43 44 49 45 30 27 52 34 27 57 18 44 43 24 33 28 23 46 27 35 0 50 21 49 17 36 6 34 17 50 52 29 24 54 47 22 28 27 27 54 2 31 13 10 41 19 41 32 
40 25 46 21 62 41 7 44 31 21 12 61 39 69 13 29 30 72 39 45 71 23 44 57 36 28 61 40 48 26 41 69 52 33 35 9 60 28 33 19 23 29 64 17 64 68 44 44 36 33 29 50 50 0 35 37 49 50 44 31 59 33 26 58 70 5 20 28 43 66 34 43 48 41 63 40 75 69 43 38 
48 27 13 51 50 36 32 36 58 41 44 26 8 44 42 19 30 49 28 42 36 38 34 26 22 25 26 42 19 26 9 37 28 23 28 28 26 8 31 29 13 54 32 40 33 34 44 13 30 25 7 20 21 35 0 28 14 21 15 37 36 50 49 24 37 37 43 9 12 31 6 33 20 12 34 19 41 40 22 12 
69 48 38 58 78 59 30 61 68 57 49 44 36 72 50 11 9 77 2 14 56 56 7 33 6 47 47 64 47 11 24 61 19 6 2 29 40 24 7 47 32 66 54 53 34 55 67 25 53 5 24 23 49 37 28 0 36 23 43 58 64 69 63 38 58 35 57 32 24 50 22 6 48 19 62 47 52 67 13 17 
56 39 6 65 50 41 46 41 71 54 58 12 12 37 55 31 42 43 36 50 22 51 41 18 30 35 12 48 17 39 12 25 26 32 37 42 14 22 41 42 27 67 18 53 26 20 49 12 36 34 21 18 17 49 14 36 0 19 15 47 34 62 62 12 23 51 56 22 13 17 18 40 19 17 27 23 29 32 25 19 
69 48 24 69 69 57 44 57 77 60 61 22 26 56 59 22 31 62 21 35 33 57 25 10 18 46 25 63 35 29 12 42 8 21 25 41 17 23 30 48 32 73 35 58 14 33 65 8 51 23 22 1 36 50 21 23 19 0 32 58 53 70 68 15 37 49 62 30 9 27 17 24 37 10 46 39 29 51 10 12 
41 26 9 55 37 26 43 26 59 42 50 25 7 29 47 34 45 34 43 57 31 38 49 33 37 22 23 33 4 41 21 25 39 38 43 39 29 21 46 31 21 55 22 42 41 27 34 24 21 40 21 31 6 44 15 43 15 32 0 32 21 48 50 27 28 48 45 16 23 28 21 48 5 26 19 8 42 25 36 27 
11 10 41 29 33 13 36 16 30 15 27 57 35 46 23 47 54 47 60 69 62 11 65 63 54 12 55 9 34 49 46 54 65 52 56 34 61 36 56 13 27 26 52 17 70 58 13 50 12 53 37 57 34 31 37 58 47 58 32 0 35 16 21 59 58 36 18 28 49 60 42 64 32 49 43 24 74 48 58 48 
39 35 29 63 18 22 59 20 65 49 61 40 28 11 57 55 66 13 64 78 38 45 70 51 58 31 36 29 18 62 42 24 60 59 64 56 45 42 67 41 38 61 27 51 58 34 27 45 24 61 42 52 17 59 36 64 34 53 21 35 0 49 56 44 32 63 52 34 44 40 42 69 16 47 11 20 55 14 57 48 
12 23 57 19 45 27 39 30 18 12 25 73 50 60 21 58 62 60 71 77 78 13 76 76 65 27 71 20 50 58 59 70 76 63 67 40 76 47 65 22 39 14 68 16 83 74 24 63 28 64 48 69 50 33 50 69 62 70 48 16 49 0 10 74 74 38 13 41 62 76 53 75 48 60 59 40 90 63 69 59 
21 24 57 9 54 34 33 37 9 8 15 74 50 67 13 52 56 68 65 71 80 12 70 74 59 28 73 29 52 52 58 72 74 57 61 34 75 45 59 20 37 5 70 10 81 76 33 61 33 58 46 67 52 26 49 63 62 68 50 21 56 10 0 73 76 30 6 40 60 78 51 69 50 58 64 42 90 69 65 57 
68 51 18 75 62 53 54 53 82 65 68 7 24 46 66 35 46 52 36 50 18 62 40 7 33 47 11 60 29 43 17 28 21 36 40 50 2 30 45 53 37 78 21 64 14 18 61 14 48 38 29 15 29 58 24 38 12 15 27 59 44 74 73 0 22 59 67 33 15 12 24 39 31 20 36 35 17 39 25 23 
67 52 24 81 49 50 68 49 85 68 78 15 31 30 74 54 65 36 57 72 7 64 62 29 52 48 12 57 26 62 35 9 43 55 59 64 21 45 64 58 47 81 6 68 35 4 57 34 47 57 44 37 24 70 37 58 23 37 28 58 32 74 76 22 0 73 71 42 34 11 41 61 26 39 21 34 24 22 47 42 
45 30 49 25 67 46 5 49 35 26 16 63 43 74 17 28 27 76 37 41 73 28 42 58 35 33 63 45 52 24 42 73 51 32 33 9 61 29 30 24 27 33 68 22 63 71 49 45 41 31 30 49 54 5 37 35 51 49 48 36 63 38 30 59 73 0 25 32 44 68 35 41 52 40 67 44 76 73 42 37 
21 19 51 11 51 31 27 34 15 3 12 68 44 63 8 46 50 65 59 65 75 7 64 68 53 23 67 26 47 46 52 67 68 51 55 28 69 39 53 14 31 11 65 4 75 71 30 55 28 52 40 61 47 20 43 57 56 62 45 18 52 13 6 67 71 25 0 34 54 72 45 63 45 52 59 37 84 65 59 51 
39 18 18 43 46 27 27 29 49 32 36 34 11 44 33 22 33 47 33 45 43 29 39 35 27 16 34 33 20 28 18 41 37 26 31 23 35 8 34 20 5 45 36 31 42 40 35 22 21 28 9 29 22 28 9 32 22 30 16 28 34 41 40 33 42 32 34 0 21 39 14 38 20 21 35 15 50 41 30 20 
60 39 16 61 60 48 39 48 69 52 53 21 17 50 51 20 31 56 23 38 33 49 29 14 18 37 23 54 27 28 3 38 16 21 25 35 17 15 30 40 24 65 31 50 21 31 56 1 42 23 14 8 28 43 12 24 13 9 23 49 44 62 60 15 34 44 54 21 0 27 9 28 28 5 40 30 32 45 13 8 
69 54 21 82 58 53 63 52 87 70 75 6 28 39 72 47 58 45 48 62 6 66 52 19 45 50 5 60 28 55 28 19 33 48 52 59 11 39 57 58 44 83 13 69 24 7 60 26 49 50 38 27 27 66 31 50 17 27 28 60 40 76 78 12 11 68 72 39 27 0 34 51 29 32 30 36 15 31 37 35 
53 32 18 52 56 41 30 42 60 43 44 29 14 50 42 13 24 55 22 36 40 40 28 23 16 30 30 47 25 21 7 42 23 17 22 26 26 6 25 31 15 56 36 41 30 38 49 10 35 19 5 16 27 34 6 22 18 17 21 42 42 53 51 24 41 35 45 14 9 34 0 27 26 7 40 25 41 46 16 6 
75 54 43 64 83 65 36 67 74 63 55 46 41 77 56 17 14 82 5 11 57 62 1 34 11 53 49 70 52 17 29 65 20 12 8 35 41 30 11 53 38 72 58 59 35 57 73 28 59 11 29 25 54 43 33 6 40 24 48 64 69 75 69 39 61 41 63 38 28 51 27 0 53 24 67 52 53 72 15 22 
41 26 13 55 32 24 47 23 59 42 52 27 12 24 48 39 50 29 48 62 30 38 54 37 42 22 24 31 2 46 26 22 44 43 48 43 32 26 51 32 25 55 20 42 45 26 31 29 21 45 26 36 2 48 20 48 19 37 5 32 16 48 50 31 26 52 45 20 28 29 26 53 0 31 15 8 43 21 41 32 
60 39 19 59 62 48 35 48 67 50 51 26 19 53 49 15 26 59 19 33 38 47 25 18 13 37 28 54 30 23 5 42 16 16 20 32 22 13 25 38 22 63 35 48 24 36 56 6 42 18 12 9 31 41 12 19 17 10 26 49 47 60 58 20 39 40 52 21 5 32 7 24 31 0 43 31 37 48 10 3 
49 40 24 69 28 32 62 29 73 56 66 30 26 10 62 53 64 16 62 76 28 52 68 43 56 36 26 39 15 60 38 13 53 57 62 58 36 40 65 46 40 69 17 56 50 24 37 39 31 59 40 45 13 63 34 62 27 46 19 43 11 59 64 36 21 67 59 35 40 30 40 67 15 43 0 23 45 6 52 45 
33 18 17 47 31 18 40 18 51 34 44 33 13 30 40 37 48 33 47 60 38 30 53 41 41 14 31 25 10 43 27 30 46 41 46 36 37 23 49 24 18 47 28 34 49 34 26 31 13 43 23 38 10 40 19 47 23 39 8 24 20 40 42 35 34 44 37 15 30 36 25 52 8 31 23 0 50 29 41 31 
83 68 34 92 73 67 71 66 99 82 85 17 41 54 83 51 60 60 50 64 17 79 54 19 47 64 19 74 42 58 34 33 33 50 54 67 15 47 59 70 54 95 28 81 18 21 74 31 63 52 46 29 41 75 41 52 29 29 42 74 55 90 90 17 24 76 84 50 32 15 41 53 43 37 45 50 0 46 39 40 
53 46 29 75 29 36 68 34 78 62 72 32 32 8 68 59 70 14 67 81 29 58 73 46 61 42 28 43 21 66 43 13 58 63 68 64 38 46 71 52 46 74 18 62 52 25 41 44 37 65 46 50 19 69 40 67 32 51 25 48 14 63 69 39 22 73 65 41 45 31 46 72 21 48 6 29 46 0 57 50 
69 48 29 64 72 57 37 58 74 59 55 32 29 62 55 14 21 68 11 26 43 56 16 20 8 46 35 63 40 19 15 50 9 11 15 34 27 22 20 47 31 70 43 55 23 43 65 13 51 13 21 10 41 43 22 13 25 10 36 58 57 69 65 25 47 42 59 30 13 37 16 15 41 10 52 41 39 57 0 10 
59 38 21 57 62 47 32 48 66 49 49 29 20 55 47 12 23 61 17 31 41 46 23 21 11 36 31 53 31 20 7 44 17 13 18 29 25 12 22 37 21 62 37 47 26 39 55 9 41 15 11 12 32 38 12 17 19 12 27 48 48 59 57 23 42 37 51 20 8 35 6 22 32 3 45 31 40 50 10 0 
52
90
69
52
75
98
14
54
6
59
57
96
96
28
40
58
21
43
3
19
67
4
43
47
96
74
36
71
11
90
4
99
49
51
15
46
48
78
87
33
41
66
50
89
1
99
61
77
20
55
29
55
29
32
60
41
23
97
10
97
36
94
21
82
22
3
35
59
72
1
46
77
81
82
36
60
65
19
99
