30
0 238 201 603 276 306 103 589 176 683 430 488 439 454 689 363 183 480 121 597 272 449 289 267 300 289 469 527 683 361 
238 0 422 369 293 318 163 417 283 747 374 706 248 309 516 317 254 243 179 423 411 476 514 30 537 413 483 663 753 221 
201 422 0 768 453 480 304 790 337 583 469 429 572 653 788 411 360 663 320 798 375 414 248 448 143 205 442 376 577 474 
603 369 768 0 606 621 531 441 638 891 477 1073 227 449 319 469 603 162 543 440 762 637 883 339 896 689 626 906 905 331 
276 293 453 606 0 30 200 392 117 953 642 524 538 253 806 577 94 446 169 401 181 702 383 315 496 564 718 803 954 510 
306 318 480 621 30 0 230 383 143 983 671 531 562 247 830 607 123 460 199 392 188 732 398 339 518 594 748 833 984 537 
103 163 304 531 200 230 0 486 137 754 450 543 397 351 662 383 122 395 31 494 262 502 352 193 395 371 518 617 755 341 
589 417 790 441 392 383 486 0 495 1159 761 914 538 141 748 716 458 313 471 9 571 886 773 408 867 827 889 1078 1166 585 
176 283 337 638 117 143 137 495 0 859 584 445 528 354 795 517 38 488 109 504 128 622 280 312 380 464 641 696 859 477 
683 747 583 891 953 983 754 1159 859 0 418 986 673 1055 685 446 864 893 784 1164 939 273 828 751 680 398 273 252 21 588 
430 374 469 477 642 671 450 761 584 418 0 886 255 675 345 67 572 478 481 765 698 162 689 368 611 293 149 448 430 176 
488 706 429 1073 524 531 543 914 445 986 886 0 927 777 1177 823 483 931 530 923 343 843 201 736 307 634 871 747 976 849 
439 248 572 227 538 562 397 538 528 673 255 927 0 482 268 242 501 233 420 540 656 412 728 223 709 467 403 679 685 106 
454 309 653 449 253 247 351 141 354 1055 675 777 482 0 724 623 317 293 333 150 434 785 632 308 727 705 791 956 1061 506 
689 516 788 319 806 830 662 748 795 685 345 1177 268 724 0 385 769 437 686 747 923 491 976 491 931 635 468 782 703 328 
363 317 411 469 577 607 383 716 517 446 67 823 242 623 385 0 505 448 414 721 631 175 624 315 554 251 173 438 456 144 
183 254 360 603 94 123 122 458 38 864 572 483 501 317 769 505 0 451 91 467 160 620 318 281 412 472 637 710 865 456 
480 243 663 162 446 460 395 313 488 893 478 931 233 293 437 448 451 0 402 314 609 623 747 215 780 625 620 863 904 305 
121 179 320 543 169 199 31 471 109 784 481 530 420 333 686 414 91 402 0 479 237 533 345 208 402 399 549 644 786 368 
597 423 798 440 401 392 494 9 504 1164 765 923 540 150 747 721 467 314 479 0 580 891 782 414 876 834 893 1085 1172 589 
272 411 375 762 181 188 262 571 128 939 698 343 656 434 923 631 160 609 237 580 0 719 222 440 368 541 740 750 936 603 
449 476 414 637 702 732 502 886 622 273 162 843 412 785 491 175 620 623 533 891 719 0 658 479 545 209 29 291 282 319 
289 514 248 883 383 398 352 773 280 828 689 201 728 632 976 624 318 747 345 782 222 658 0 544 169 452 684 605 821 648 
267 30 448 339 315 339 193 408 312 751 368 736 223 308 491 315 281 215 208 414 440 479 544 0 566 429 484 677 758 207 
300 537 143 896 496 518 395 867 380 680 611 307 709 727 931 554 412 780 402 876 368 545 169 566 0 336 574 446 671 614 
289 413 205 689 564 594 371 827 464 398 293 634 467 705 635 251 472 625 399 834 541 209 452 429 336 0 238 251 396 361 
469 483 442 626 718 748 518 889 641 273 149 871 403 791 468 173 637 620 549 893 740 29 684 484 574 238 0 314 284 315 
527 663 376 906 803 833 617 1078 696 252 448 747 679 956 782 438 710 863 644 1085 750 291 605 677 446 251 314 0 237 576 
683 753 577 905 954 984 755 1166 859 21 430 976 685 1061 703 456 865 904 786 1172 936 282 821 758 671 396 284 237 0 599 
361 221 474 331 510 537 341 585 477 588 176 849 106 506 328 144 456 305 368 589 603 319 648 207 614 361 315 576 599 0 
7
21
47
97
71
100
82
21
47
74
60
25
43
81
38
67
13
49
13
13
77
4
42
17
81
72
70
78
31
