80
0 47 27 51 63 66 24 42 57 69 44 71 36 73 27 24 49 28 31 75 52 23 50 48 58 62 43 53 84 23 22 16 82 67 48 42 61 33 34 56 22 45 54 28 88 32 41 72 11 55 39 76 50 1 58 45 59 20 48 11 77 14 27 30 64 69 54 79 79 69 73 67 40 57 54 56 15 25 28 50 
47 0 35 18 26 37 27 23 41 22 38 34 26 29 55 36 10 28 18 28 20 26 12 28 22 17 19 7 39 37 58 43 37 26 13 48 37 21 13 10 33 39 24 30 41 44 36 29 37 35 17 29 11 46 35 8 26 27 36 39 30 53 44 20 37 25 19 33 35 26 28 43 12 24 7 40 36 23 50 16 
27 35 0 48 38 40 12 17 30 54 55 45 11 53 20 38 31 7 30 58 51 28 45 52 34 52 44 42 74 37 25 13 72 61 43 57 35 36 25 45 6 56 29 5 75 10 14 49 24 29 39 63 44 27 63 29 57 19 21 17 62 24 9 16 38 49 50 68 56 46 53 40 36 55 41 64 13 26 15 46 
51 18 48 0 43 55 37 40 59 30 24 50 42 39 66 32 28 41 21 36 3 28 6 12 39 16 8 13 34 33 67 52 33 16 5 37 55 18 23 13 44 25 42 43 42 58 53 43 40 53 12 32 7 50 18 25 10 34 53 46 35 61 57 32 55 38 3 31 46 40 38 61 12 8 19 23 44 27 62 2 
63 26 38 43 0 12 39 21 22 26 63 8 27 18 56 58 17 35 40 26 45 46 37 54 5 36 45 30 51 58 63 50 48 46 39 73 16 45 33 32 41 64 9 35 44 42 28 12 54 17 42 35 36 62 60 21 49 44 23 52 33 61 45 33 13 15 43 43 19 10 18 20 38 48 24 66 48 43 51 41 
66 37 40 55 12 0 43 25 13 38 73 10 30 28 54 66 27 38 48 37 57 54 49 65 16 48 56 42 63 66 63 53 60 58 50 82 6 54 41 44 44 74 14 38 55 40 26 21 59 11 52 47 48 65 72 31 61 50 19 55 44 64 45 39 2 26 55 55 26 21 29 8 48 60 36 77 51 51 49 53 
24 27 12 37 39 43 0 18 37 48 43 47 13 50 29 26 26 6 18 53 40 16 35 40 34 44 32 34 66 26 31 16 64 52 33 45 39 24 15 37 7 44 30 8 68 22 22 48 16 34 27 56 34 23 51 22 47 7 28 13 56 26 20 7 41 46 40 60 55 45 50 45 25 45 34 52 9 14 25 36 
42 23 17 40 21 25 18 0 22 38 52 29 6 36 37 42 15 14 26 41 43 30 35 46 17 40 37 30 60 42 42 29 57 49 35 60 22 32 19 33 20 53 12 14 59 24 13 32 34 17 33 47 34 41 56 15 49 25 13 31 46 40 26 14 23 32 42 53 39 29 36 28 29 47 26 59 27 27 32 38 
57 41 30 59 22 13 37 22 0 48 74 23 24 40 44 63 31 31 48 48 61 51 53 67 23 56 58 47 73 63 53 43 70 66 54 81 7 54 41 50 35 75 17 30 66 30 16 34 52 6 55 57 52 56 76 34 66 44 9 46 55 54 35 35 11 37 60 65 39 32 40 10 50 64 42 80 42 48 39 57 
69 22 54 30 26 38 48 38 48 0 54 29 43 11 74 58 23 48 40 6 31 48 25 42 25 15 36 19 25 59 79 64 22 23 28 66 42 43 35 17 54 55 32 50 21 61 50 17 59 42 37 9 24 68 45 26 29 49 46 61 8 74 63 41 39 12 28 17 18 17 10 46 33 29 15 51 57 45 69 29 
44 38 55 24 63 73 43 52 74 54 0 71 51 63 69 20 47 49 26 60 24 27 30 12 58 40 19 37 56 21 66 54 56 39 27 13 73 20 33 37 49 1 60 51 66 64 62 66 36 69 21 56 31 43 16 42 30 36 65 45 59 58 62 40 73 61 27 55 70 63 62 79 26 28 42 12 46 29 67 26 
71 34 45 50 8 10 47 29 23 29 71 0 35 19 62 66 25 43 48 28 52 54 44 62 13 42 53 37 54 66 70 58 51 51 47 81 16 53 41 38 49 72 17 43 46 48 34 12 62 20 50 38 43 70 67 29 55 52 27 60 35 69 52 41 12 17 50 46 16 12 20 17 46 54 31 73 56 51 57 48 
36 26 11 42 27 30 13 6 24 43 51 35 0 42 31 39 20 8 25 47 45 27 37 46 23 43 38 33 64 39 36 23 62 52 37 57 26 31 19 36 14 52 18 8 64 18 11 38 29 21 33 52 36 35 57 18 51 20 15 25 51 34 20 11 28 38 44 57 45 35 42 32 30 49 30 59 21 24 26 40 
73 29 53 39 18 28 50 36 40 11 63 19 42 0 73 65 24 49 47 9 41 55 34 51 20 26 45 27 35 66 78 65 32 34 37 75 34 50 41 26 55 64 27 50 27 60 46 7 64 35 44 19 33 72 56 29 40 54 41 63 16 76 62 43 30 4 38 27 7 8 1 36 40 40 22 62 59 52 68 38 
27 55 20 66 56 54 29 37 44 74 69 62 31 73 0 49 51 27 46 78 69 42 64 67 54 72 60 62 94 48 9 15 92 81 62 68 49 51 44 65 22 70 47 25 95 14 28 68 33 43 55 83 63 28 78 49 76 33 35 24 82 14 11 35 52 69 69 88 75 66 73 54 54 74 61 79 23 41 5 65 
24 36 38 32 58 66 26 42 63 58 20 66 39 65 49 0 42 32 18 64 33 12 33 24 53 45 24 39 66 1 46 34 65 48 30 19 64 15 25 41 32 21 52 34 72 47 48 64 16 59 21 61 34 23 34 37 40 19 54 25 64 38 43 28 65 61 35 62 71 61 64 70 25 38 43 32 26 15 47 32 
49 10 31 28 17 27 26 15 31 23 47 25 20 24 51 42 0 25 24 27 30 31 22 38 12 25 29 16 45 43 56 41 42 35 23 57 27 29 17 19 31 48 14 27 44 38 28 23 40 25 26 32 21 48 45 5 35 30 27 39 31 52 40 19 27 20 29 38 30 20 24 33 21 33 11 50 35 28 46 26 
28 28 7 41 35 38 6 14 31 48 49 43 8 49 27 32 25 0 23 52 44 22 38 45 30 45 37 35 67 32 31 16 65 54 36 51 34 29 18 38 6 50 26 2 68 17 16 45 21 28 32 56 37 27 56 22 50 13 22 17 56 27 16 9 36 45 43 61 52 43 49 40 29 48 34 57 13 20 22 39 
31 18 30 21 40 48 18 26 48 40 26 48 25 47 46 18 24 23 0 46 23 8 19 22 35 31 14 22 53 19 46 31 51 36 17 34 47 6 7 25 25 27 34 25 57 40 36 46 20 43 9 45 19 30 33 19 30 13 39 25 47 40 38 14 47 43 24 48 53 43 46 53 9 28 25 34 23 6 43 20 
75 28 58 36 26 37 53 41 48 6 60 28 47 9 78 64 27 52 46 0 37 54 31 48 26 21 42 25 26 65 83 68 23 28 34 72 42 49 41 23 58 61 33 54 19 65 52 16 65 43 43 10 30 74 51 31 35 55 47 66 7 79 67 46 38 11 34 18 15 16 8 45 39 35 21 57 62 51 73 35 
52 20 51 3 45 57 40 43 61 31 24 52 45 41 69 33 30 44 23 37 0 29 8 12 41 16 9 15 33 34 69 54 33 16 8 37 57 19 26 15 47 25 44 46 42 61 56 45 41 55 14 32 9 51 15 28 7 36 56 48 35 63 60 35 57 40 3 31 48 42 40 63 15 5 21 21 46 29 65 5 
23 26 28 28 46 54 16 30 51 48 27 54 27 55 42 12 31 22 8 54 29 0 27 25 41 39 20 30 61 12 41 27 59 44 25 30 52 10 14 33 22 28 40 24 65 37 38 54 12 47 16 53 27 22 36 26 36 9 42 19 55 34 35 16 53 51 31 56 61 51 54 58 17 34 33 37 19 3 40 27 
50 12 45 6 37 49 35 35 53 25 30 44 37 34 64 33 22 38 19 31 8 27 0 18 33 12 11 7 34 34 65 50 32 17 3 41 49 18 20 8 42 31 36 40 39 55 48 37 39 47 12 28 1 49 23 20 14 32 48 44 31 59 54 29 49 32 7 29 41 34 33 55 10 12 13 29 42 25 60 4 
48 28 52 12 54 65 40 46 67 42 12 62 46 51 67 24 38 45 22 48 12 25 18 0 50 28 9 25 44 25 66 52 44 27 15 25 65 16 27 25 47 13 52 47 54 62 57 55 37 61 13 44 19 47 11 34 18 34 59 44 47 59 60 36 65 50 15 43 58 52 50 71 17 16 31 13 44 26 65 14 
58 22 34 39 5 16 34 17 23 25 58 13 23 20 54 53 12 30 35 26 41 41 33 50 0 33 41 26 50 53 59 46 47 43 35 68 18 40 28 28 36 59 7 31 45 40 26 15 49 17 37 34 32 57 56 16 45 39 21 47 33 57 43 28 16 16 39 42 22 13 20 23 33 44 20 62 43 38 49 37 
62 17 52 16 36 48 44 40 56 15 40 42 43 26 72 45 25 45 31 21 16 39 12 28 33 0 23 10 22 46 75 60 20 10 15 53 51 30 29 7 50 41 39 47 27 61 53 31 51 50 24 16 12 61 30 25 14 43 52 55 19 70 61 37 49 26 13 17 33 30 25 56 22 14 14 36 53 37 67 15 
43 19 44 8 45 56 32 37 58 36 19 53 38 45 60 24 29 37 14 42 9 20 11 9 41 23 0 18 42 25 60 45 41 24 8 31 56 10 19 19 39 20 43 39 49 54 49 47 32 52 5 39 12 42 19 25 16 27 50 39 42 54 52 28 56 42 11 39 52 44 44 62 8 14 23 22 37 20 57 8 
53 7 42 13 30 42 34 30 47 19 37 37 33 27 62 39 16 35 22 25 15 30 7 25 26 10 18 0 32 40 65 50 30 19 10 48 43 24 19 3 40 38 30 37 35 51 43 30 42 41 18 23 6 52 30 15 19 33 43 45 25 60 51 27 42 25 13 26 34 27 26 49 14 18 6 36 43 28 57 11 
84 39 74 34 51 63 66 60 73 25 56 54 64 35 94 66 45 67 53 26 33 61 34 44 50 22 42 32 0 67 97 82 3 18 36 69 67 51 51 29 72 57 57 69 12 82 73 42 73 67 45 16 34 83 42 46 26 65 71 77 19 92 83 59 64 37 31 8 41 42 34 71 44 28 34 49 75 59 89 35 
23 37 37 33 58 66 26 42 63 59 21 66 39 66 48 1 43 32 19 65 34 12 34 25 53 46 25 40 67 0 45 33 66 49 31 20 64 16 26 42 31 22 52 34 73 46 48 65 15 59 22 62 35 22 35 38 41 19 54 24 65 37 43 28 65 62 36 63 72 62 65 70 26 39 44 33 26 15 46 33 
22 58 25 67 63 63 31 42 53 79 66 70 36 78 9 46 56 31 46 83 69 41 65 66 59 75 60 65 97 45 0 15 95 82 63 64 58 51 46 68 25 67 54 30 99 23 37 74 30 52 55 87 65 23 77 53 76 33 44 22 87 8 18 38 61 74 70 91 81 71 78 63 55 74 65 77 23 41 14 66 
16 43 13 52 50 53 16 29 43 64 54 58 23 65 15 34 41 16 31 68 54 27 50 52 46 60 45 50 82 33 15 0 80 67 48 53 48 36 31 53 10 55 41 15 84 16 27 61 18 42 40 72 50 16 63 38 61 18 34 9 72 11 11 23 51 61 55 76 68 58 65 53 40 59 50 64 8 26 13 51 
82 37 72 33 48 60 64 57 70 22 56 51 62 32 92 65 42 65 51 23 33 59 32 44 47 20 41 30 3 66 95 80 0 17 35 69 64 50 49 27 70 57 54 67 11 80 70 39 71 64 44 13 32 81 42 44 26 63 68 75 16 90 81 57 61 34 30 5 38 39 31 68 42 28 32 49 73 57 87 34 
67 26 61 16 46 58 52 49 66 23 39 51 52 34 81 48 35 54 36 28 16 44 17 27 43 10 24 19 18 49 82 67 17 0 19 52 61 34 37 16 59 40 49 56 27 70 62 40 56 60 28 19 18 66 25 34 9 49 62 61 23 76 70 46 59 35 13 16 41 39 33 66 27 11 24 32 59 42 76 17 
48 13 43 5 39 50 33 35 54 28 27 47 37 37 62 30 23 36 17 34 8 25 3 15 35 15 8 10 36 31 63 48 35 19 0 39 50 15 18 11 40 28 37 38 42 53 48 40 37 48 9 31 4 47 22 20 14 30 48 42 34 57 52 27 50 35 7 32 44 37 36 56 8 12 16 27 40 23 58 3 
42 48 57 37 73 82 45 60 81 66 13 81 57 75 68 19 57 51 34 72 37 30 41 25 68 53 31 48 69 20 64 53 69 52 39 0 81 28 41 49 51 12 68 53 79 66 67 77 35 77 31 69 42 41 29 52 43 38 72 44 72 56 62 46 81 72 40 68 82 74 74 87 36 41 53 23 45 33 66 38 
61 37 35 55 16 6 39 22 7 42 73 16 26 34 49 64 27 34 47 42 57 52 49 65 18 51 56 43 67 64 58 48 64 61 50 81 0 53 40 46 39 74 13 34 60 35 21 27 55 6 52 51 48 60 72 31 62 46 14 50 49 59 40 36 4 31 56 59 32 26 34 6 48 60 38 77 46 49 44 53 
33 21 36 18 45 54 24 32 54 43 20 53 31 50 51 15 29 29 6 49 19 10 18 16 40 30 10 24 51 16 51 36 50 34 15 28 53 0 13 26 31 21 40 31 57 46 42 50 22 49 6 46 19 32 27 24 26 18 45 29 49 44 44 20 53 46 21 47 56 47 49 59 10 24 28 28 28 10 49 17 
34 13 25 23 33 41 15 19 41 35 33 41 19 41 44 25 17 18 7 41 26 14 20 27 28 29 19 19 51 26 46 31 49 37 18 41 40 13 0 22 22 34 27 20 54 35 30 40 24 36 14 42 19 33 38 12 32 14 32 26 43 41 34 9 40 37 25 45 47 37 40 46 11 30 20 40 24 11 40 21 
56 10 45 13 32 44 37 33 50 17 37 38 36 26 65 41 19 38 25 23 15 33 8 25 28 7 19 3 29 42 68 53 27 16 11 49 46 26 22 0 43 38 33 40 32 54 46 30 45 44 20 20 7 55 30 18 17 36 46 48 23 63 54 30 44 25 12 23 33 28 25 51 16 16 8 36 46 31 60 12 
22 33 6 44 41 44 7 20 35 54 49 49 14 55 22 32 31 6 25 58 47 22 42 47 36 50 39 40 72 31 25 10 70 59 40 51 39 31 22 43 0 50 32 6 74 15 20 51 18 33 34 62 41 21 58 28 54 13 26 11 62 21 13 13 42 51 47 66 58 49 55 45 32 52 40 59 7 21 18 43 
45 39 56 25 64 74 44 53 75 55 1 72 52 64 70 21 48 50 27 61 25 28 31 13 59 41 20 38 57 22 67 55 57 40 28 12 74 21 34 38 50 0 61 52 67 65 63 67 37 70 22 57 32 44 17 43 31 37 66 46 60 59 63 41 74 62 28 56 71 64 63 80 27 29 43 12 47 30 68 27 
54 24 29 42 9 14 30 12 17 32 60 17 18 27 47 52 14 26 34 33 44 40 36 52 7 39 43 30 57 52 54 41 54 49 37 68 13 40 27 33 32 61 0 26 52 33 19 21 46 11 39 41 35 53 59 18 49 36 14 43 40 52 36 25 13 23 43 49 28 19 27 19 35 47 25 64 39 37 42 40 
28 30 5 43 35 38 8 14 30 50 51 43 8 50 25 34 27 2 25 54 46 24 40 47 31 47 39 37 69 34 30 15 67 56 38 53 34 31 20 40 6 52 26 0 70 15 15 46 23 28 34 58 39 27 58 24 52 15 21 17 58 26 14 11 36 46 45 63 53 43 50 40 31 50 36 59 13 22 20 41 
88 41 75 42 44 55 68 59 66 21 66 46 64 27 95 72 44 68 57 19 42 65 39 54 45 27 49 35 12 73 99 84 11 27 42 79 60 57 54 32 74 67 52 70 0 82 71 34 77 61 51 12 39 87 52 46 36 68 66 80 13 94 84 61 56 30 39 11 32 34 26 63 48 38 34 59 77 63 90 41 
32 44 10 58 42 40 22 24 30 61 64 48 18 60 14 47 38 17 40 65 61 37 55 62 40 61 54 51 82 46 23 16 80 70 53 66 35 46 35 54 15 65 33 15 82 0 14 54 32 29 49 70 54 32 73 36 67 28 21 24 69 24 5 26 38 56 60 75 61 52 60 40 46 65 48 74 21 36 9 56 
41 36 14 53 28 26 22 13 16 50 62 34 11 46 28 48 28 16 36 52 56 38 48 57 26 53 49 43 73 48 37 27 70 62 48 67 21 42 30 46 20 63 19 15 71 14 0 40 37 15 44 59 47 41 68 28 62 29 7 31 58 38 19 22 24 42 55 66 47 38 46 26 41 60 39 70 27 35 23 51 
72 29 49 43 12 21 48 32 34 17 66 12 38 7 68 64 23 45 46 16 45 54 37 55 15 31 47 30 42 65 74 61 39 40 40 77 27 50 40 30 51 67 21 46 34 54 40 0 63 29 46 26 36 71 60 28 45 53 35 61 23 72 57 42 23 5 42 34 7 3 8 29 41 45 24 66 57 51 63 41 
11 37 24 40 54 59 16 34 52 59 36 62 29 64 33 16 40 21 20 65 41 12 39 37 49 51 32 42 73 15 30 18 71 56 37 35 55 22 24 45 18 37 46 23 77 32 37 63 0 49 28 65 39 10 48 35 48 10 43 9 67 23 28 21 57 60 43 68 70 60 63 61 29 46 44 47 11 14 31 39 
55 35 29 53 17 11 34 17 6 42 69 20 21 35 43 59 25 28 43 43 55 47 47 61 17 50 52 41 67 59 52 42 64 60 48 77 6 49 36 44 33 70 11 28 61 29 15 29 49 0 49 51 46 54 70 28 60 41 8 44 49 53 34 31 9 32 54 59 35 27 35 12 44 58 36 74 40 44 38 51 
39 17 39 12 42 52 27 33 55 37 21 50 33 44 55 21 26 32 9 43 14 16 12 13 37 24 5 18 45 22 55 40 44 28 9 31 52 6 14 20 34 22 39 34 51 49 44 46 28 49 0 40 13 38 24 21 21 22 46 34 43 49 47 23 52 41 15 41 51 43 43 58 5 19 22 26 32 15 52 11 
76 29 63 32 35 47 56 47 57 9 56 38 52 19 83 61 32 56 45 10 32 53 28 44 34 16 39 23 16 62 87 72 13 19 31 69 51 46 42 20 62 57 41 58 12 70 59 26 65 51 40 0 27 75 44 34 27 56 55 68 4 82 72 49 48 21 29 8 25 26 18 55 36 29 22 51 65 51 78 31 
50 11 44 7 36 48 34 34 52 24 31 43 36 33 63 34 21 37 19 30 9 27 1 19 32 12 12 6 34 35 65 50 32 18 4 42 48 19 19 7 41 32 35 39 39 54 47 36 39 46 13 27 0 49 24 19 15 32 47 44 30 59 53 28 48 31 8 29 40 33 32 54 10 13 12 30 42 25 59 5 
1 46 27 50 62 65 23 41 56 68 43 70 35 72 28 23 48 27 30 74 51 22 49 47 57 61 42 52 83 22 23 16 81 66 47 41 60 32 33 55 21 44 53 27 87 32 41 71 10 54 38 75 49 0 57 44 58 19 47 10 76 15 27 29 63 68 53 78 78 68 72 66 39 56 53 55 14 24 28 49 
58 35 63 18 60 72 51 56 76 45 16 67 57 56 78 34 45 56 33 51 15 36 23 11 56 30 19 30 42 35 77 63 42 25 22 29 72 27 38 30 58 17 59 58 52 73 68 60 48 70 24 44 24 57 0 42 17 45 69 55 48 70 71 47 72 55 18 41 63 57 55 78 27 16 36 7 55 37 76 20 
45 8 29 25 21 31 22 15 34 26 42 29 18 29 49 37 5 22 19 31 28 26 20 34 16 25 25 15 46 38 53 38 44 34 20 52 31 24 12 18 28 43 18 24 46 36 28 28 35 28 21 34 19 44 42 0 34 25 28 35 34 48 38 15 31 25 27 39 35 25 28 37 17 32 12 47 31 23 44 23 
59 26 57 10 49 61 47 49 66 29 30 55 51 40 76 40 35 50 30 35 7 36 14 18 45 14 16 19 26 41 76 61 26 9 14 43 62 26 32 17 54 31 49 52 36 67 62 45 48 60 21 27 15 58 17 34 0 43 62 55 31 70 66 41 61 40 7 25 47 44 39 68 22 2 25 24 53 36 72 11 
20 27 19 34 44 50 7 25 44 49 36 52 20 54 33 19 30 13 13 55 36 9 32 34 39 43 27 33 65 19 33 18 63 49 30 38 46 18 14 36 13 37 36 15 68 28 29 53 10 41 22 56 32 19 45 25 43 0 35 12 57 27 26 11 48 50 37 59 60 50 53 52 22 41 34 46 10 8 31 33 
48 36 21 53 23 19 28 13 9 46 65 27 15 41 35 54 27 22 39 47 56 42 48 59 21 52 50 43 71 54 44 34 68 62 48 72 14 45 32 46 26 66 14 21 66 21 7 35 43 8 46 55 47 47 69 28 62 35 0 37 54 45 26 26 17 37 55 63 42 33 41 19 42 60 38 72 33 39 30 51 
11 39 17 46 52 55 13 31 46 61 45 60 25 63 24 25 39 17 25 66 48 19 44 44 47 55 39 45 77 24 22 9 75 61 42 44 50 29 26 48 11 46 43 17 80 24 31 61 9 44 34 68 44 10 55 35 55 12 37 0 69 15 19 20 53 59 49 71 68 58 63 56 34 53 46 55 4 19 22 45 
77 30 62 35 33 44 56 46 55 8 59 35 51 16 82 64 31 56 47 7 35 55 31 47 33 19 42 25 19 65 87 72 16 23 34 72 49 49 43 23 62 60 40 58 13 69 58 23 67 49 43 4 30 76 48 34 31 57 54 69 0 82 71 49 45 18 32 11 22 23 15 52 39 32 23 54 65 53 77 34 
14 53 24 61 61 64 26 40 54 74 58 69 34 76 14 38 52 27 40 79 63 34 59 59 57 70 54 60 92 37 8 11 90 76 57 56 59 44 41 63 21 59 52 26 94 24 38 72 23 53 49 82 59 15 70 48 70 27 45 15 82 0 19 33 62 72 64 86 79 69 76 64 49 68 60 70 17 34 17 60 
27 44 9 57 45 45 20 26 35 63 62 52 20 62 11 43 40 16 38 67 60 35 54 60 43 61 52 51 83 43 18 11 81 70 52 62 40 44 34 54 13 63 36 14 84 5 19 57 28 34 47 72 53 27 71 38 66 26 26 19 71 19 0 25 43 58 59 77 64 55 62 45 45 64 50 72 17 34 6 55 
30 20 16 32 33 39 7 14 35 41 40 41 11 43 35 28 19 9 14 46 35 16 29 36 28 37 28 27 59 28 38 23 57 46 27 46 36 20 9 30 13 41 25 11 61 26 22 42 21 31 23 49 28 29 47 15 41 11 26 20 49 33 25 0 37 39 34 53 49 39 43 42 20 39 27 48 16 13 31 30 
64 37 38 55 13 2 41 23 11 39 73 12 28 30 52 65 27 36 47 38 57 53 49 65 16 49 56 42 64 65 61 51 61 59 50 81 4 53 40 44 42 74 13 36 56 38 24 23 57 9 52 48 48 63 72 31 61 48 17 53 45 62 43 37 0 27 55 56 28 22 30 7 48 60 36 77 49 50 47 53 
69 25 49 38 15 26 46 32 37 12 61 17 38 4 69 61 20 45 43 11 40 51 32 50 16 26 42 25 37 62 74 61 34 35 35 72 31 46 37 25 51 62 23 46 30 56 42 5 60 32 41 21 31 68 55 25 40 50 37 59 18 72 58 39 27 0 37 29 10 5 4 34 37 40 19 61 55 48 64 36 
54 19 50 3 43 55 40 42 60 28 27 50 44 38 69 35 29 43 24 34 3 31 7 15 39 13 11 13 31 36 70 55 30 13 7 40 56 21 25 12 47 28 43 45 39 60 55 42 43 54 15 29 8 53 18 27 7 37 55 49 32 64 59 34 55 37 0 28 45 40 37 62 15 5 19 24 47 30 65 4 
79 33 68 31 43 55 60 53 65 17 55 46 57 27 88 62 38 61 48 18 31 56 29 43 42 17 39 26 8 63 91 76 5 16 32 68 59 47 45 23 66 56 49 63 11 75 66 34 68 59 41 8 29 78 41 39 25 59 63 71 11 86 77 53 56 29 28 0 33 34 26 63 39 27 27 48 69 54 83 31 
79 35 56 46 19 26 55 39 39 18 70 16 45 7 75 71 30 52 53 15 48 61 41 58 22 33 52 34 41 72 81 68 38 41 44 82 32 56 47 33 58 71 28 53 32 61 47 7 70 35 51 25 40 78 63 35 47 60 42 68 22 79 64 49 28 10 45 33 0 10 8 33 47 47 29 69 64 58 70 45 
69 26 46 40 10 21 45 29 32 17 63 12 35 8 66 61 20 43 43 16 42 51 34 52 13 30 44 27 42 62 71 58 39 39 37 74 26 47 37 28 49 64 19 43 34 52 38 3 60 27 43 26 33 68 57 25 44 50 33 58 23 69 55 39 22 5 40 34 10 0 8 29 38 44 21 63 54 48 61 38 
73 28 53 38 18 29 50 36 40 10 62 20 42 1 73 64 24 49 46 8 40 54 33 50 20 25 44 26 34 65 78 65 31 33 36 74 34 49 40 25 55 63 27 50 26 60 46 8 63 35 43 18 32 72 55 28 39 53 41 63 15 76 62 43 30 4 37 26 8 8 0 37 39 39 21 61 59 51 68 37 
67 43 40 61 20 8 45 28 10 46 79 17 32 36 54 70 33 40 53 45 63 58 55 71 23 56 62 49 71 70 63 53 68 66 56 87 6 59 46 51 45 80 19 40 63 40 26 29 61 12 58 55 54 66 78 37 68 52 19 56 52 64 45 42 7 34 62 63 33 29 37 0 54 66 43 83 52 55 49 59 
40 12 36 12 38 48 25 29 50 33 26 46 30 40 54 25 21 29 9 39 15 17 10 17 33 22 8 14 44 26 55 40 42 27 8 36 48 10 11 16 32 27 35 31 48 46 41 41 29 44 5 36 10 39 27 17 22 22 42 34 39 49 45 20 48 37 15 39 47 38 39 54 0 20 18 30 32 15 50 11 
57 24 55 8 48 60 45 47 64 29 28 54 49 40 74 38 33 48 28 35 5 34 12 16 44 14 14 18 28 39 74 59 28 11 12 41 60 24 30 16 52 29 47 50 38 65 60 45 46 58 19 29 13 56 16 32 2 41 60 53 32 68 64 39 60 40 5 27 47 44 39 66 20 0 24 22 51 34 70 9 
54 7 41 19 24 36 34 26 42 15 42 31 30 22 61 43 11 34 25 21 21 33 13 31 20 14 23 6 34 44 65 50 32 24 16 53 38 28 20 8 40 43 25 36 34 48 39 24 44 36 22 22 12 53 36 12 25 34 38 46 23 60 50 27 36 19 19 27 29 21 21 43 18 24 0 42 43 30 56 17 
56 40 64 23 66 77 52 59 80 51 12 73 59 62 79 32 50 57 34 57 21 37 29 13 62 36 22 36 49 33 77 64 49 32 27 23 77 28 40 36 59 12 64 59 59 74 70 66 47 74 26 51 30 55 7 47 24 46 72 55 54 70 72 48 77 61 24 48 69 63 61 83 30 22 42 0 56 38 77 25 
15 36 13 44 48 51 9 27 42 57 46 56 21 59 23 26 35 13 23 62 46 19 42 44 43 53 37 43 75 26 23 8 73 59 40 45 46 28 24 46 7 47 39 13 77 21 27 57 11 40 32 65 42 14 55 31 53 10 33 4 65 17 17 16 49 55 47 69 64 54 59 52 32 51 43 56 0 18 21 43 
25 23 26 27 43 51 14 27 48 45 29 51 24 52 41 15 28 20 6 51 29 3 25 26 38 37 20 28 59 15 41 26 57 42 23 33 49 10 11 31 21 30 37 22 63 36 35 51 14 44 15 51 25 24 37 23 36 8 39 19 53 34 34 13 50 48 30 54 58 48 51 55 15 34 30 38 18 0 39 26 
28 50 15 62 51 49 25 32 39 69 67 57 26 68 5 47 46 22 43 73 65 40 60 65 49 67 57 57 89 46 14 13 87 76 58 66 44 49 40 60 18 68 42 20 90 9 23 63 31 38 52 78 59 28 76 44 72 31 30 22 77 17 6 31 47 64 65 83 70 61 68 49 50 70 56 77 21 39 0 61 
50 16 46 2 41 53 36 38 57 29 26 48 40 38 65 32 26 39 20 35 5 27 4 14 37 15 8 11 35 33 66 51 34 17 3 38 53 17 21 12 43 27 40 41 41 56 51 41 39 51 11 31 5 49 20 23 11 33 51 45 34 60 55 30 53 36 4 31 45 38 37 59 11 9 17 25 43 26 61 0 
18
10
23
97
49
34
26
60
16
74
58
3
97
34
26
23
70
27
99
96
27
37
7
46
13
9
29
98
21
81
57
6
31
26
14
18
74
42
89
98
33
13
45
99
29
30
75
88
35
20
68
94
45
50
91
27
58
91
49
40
84
33
23
56
63
37
36
21
90
5
56
69
62
41
94
89
59
14
92
