80
0 60 64 28 65 56 81 32 86 62 73 32 74 56 72 53 77 50 58 76 58 52 53 64 96 53 53 70 58 48 39 72 78 71 57 42 83 74 62 48 63 10 41 67 92 78 43 11 70 70 76 54 73 66 74 85 29 34 50 1 15 47 58 31 12 58 78 8 20 97 70 79 70 23 79 44 73 35 72 67 
60 0 42 44 44 45 42 40 34 36 68 28 61 40 72 11 44 12 12 56 63 19 31 10 50 12 63 18 10 18 26 26 51 55 36 41 53 33 25 15 65 50 22 14 56 27 33 57 70 71 37 23 22 41 32 47 55 26 61 59 61 43 2 29 48 51 21 58 40 49 68 80 40 42 48 16 53 33 36 38 
64 42 0 36 2 8 23 32 38 6 26 49 19 8 32 33 17 49 30 16 28 57 14 36 39 32 31 33 32 30 32 25 15 13 8 22 20 22 18 33 28 54 52 56 32 32 22 55 31 32 20 61 64 3 23 25 40 49 31 63 54 17 44 42 56 15 43 58 48 41 28 39 9 42 16 41 12 30 16 9 
28 44 36 0 37 28 54 5 62 35 47 25 47 28 47 34 50 39 37 48 33 44 26 45 70 33 29 49 38 27 18 47 50 43 30 14 55 49 37 29 38 18 34 55 65 54 16 19 45 45 49 48 62 38 49 58 11 27 27 27 20 19 43 18 22 30 58 22 16 71 44 54 43 7 51 29 45 11 45 40 
65 44 2 37 0 9 24 33 39 8 24 51 17 9 30 35 18 51 32 14 27 59 16 38 40 34 30 35 34 32 34 27 13 11 10 23 18 23 20 35 27 55 54 58 31 33 24 56 29 30 21 63 66 4 24 26 41 51 31 64 55 18 46 44 58 14 45 59 50 42 26 37 10 43 15 43 10 32 17 10 
56 45 8 28 9 0 31 25 46 13 23 45 19 5 28 34 25 49 33 20 20 57 14 40 47 33 23 37 35 30 29 32 22 15 9 14 27 30 22 33 21 46 51 59 40 39 18 47 26 27 28 61 67 11 31 33 32 46 23 55 46 9 45 38 50 7 48 50 44 49 24 36 17 35 24 40 17 26 24 17 
81 42 23 54 24 31 0 49 18 20 45 58 36 29 53 36 7 53 31 26 51 61 28 32 16 36 54 24 33 37 44 16 18 31 25 42 15 9 20 40 51 71 59 53 14 17 38 73 52 53 5 65 61 20 10 5 61 57 54 80 74 38 44 54 72 38 31 76 64 18 49 57 14 58 13 48 25 46 9 15 
32 40 32 5 33 25 49 0 57 30 44 25 44 24 45 30 45 36 33 45 32 43 21 41 65 29 29 44 34 23 14 42 46 40 25 11 51 44 32 25 36 22 33 52 60 49 11 24 43 43 44 47 59 34 44 53 15 26 27 31 25 16 39 17 25 27 54 27 19 66 42 52 38 10 47 26 42 7 40 35 
86 34 38 62 39 46 18 57 0 33 61 57 53 42 69 33 24 46 28 43 66 53 37 24 17 33 69 16 28 38 47 15 35 47 37 52 33 16 25 38 66 76 55 43 27 8 46 80 68 69 18 57 49 35 15 20 71 56 69 85 81 50 36 55 74 53 16 81 66 16 65 74 29 63 30 45 42 51 22 29 
62 36 6 35 8 13 20 30 33 0 32 45 25 9 38 27 15 43 24 20 33 51 10 30 36 26 36 27 26 25 28 19 18 19 5 22 21 17 12 28 34 52 48 50 30 26 20 54 37 38 15 55 58 5 18 23 41 45 36 61 55 18 38 38 54 20 37 57 46 37 34 45 8 40 17 36 17 28 11 5 
73 68 26 47 24 23 45 44 61 32 0 66 9 28 8 57 38 72 56 20 16 80 37 62 60 56 21 59 58 53 51 51 28 14 32 34 33 45 44 56 11 65 73 82 47 55 40 62 7 8 43 84 90 28 46 46 44 67 24 72 59 29 68 58 69 18 69 65 63 62 5 13 32 54 33 63 20 46 39 34 
32 28 49 25 51 45 58 25 57 45 66 0 64 42 69 24 58 18 29 65 56 20 35 34 70 24 54 41 29 21 17 44 63 60 41 33 66 50 38 19 60 24 9 35 72 49 27 32 67 67 53 23 41 50 50 63 35 2 52 31 36 37 26 8 20 48 48 32 14 71 65 76 52 19 61 12 61 20 50 49 
74 61 19 47 17 19 36 44 53 25 9 64 0 23 17 51 29 67 49 11 21 75 32 55 51 51 26 51 51 48 48 43 19 6 26 33 24 37 37 51 18 65 70 75 38 47 37 64 16 17 35 79 83 20 38 37 46 65 29 73 61 28 63 57 69 17 61 67 63 53 13 21 24 54 24 58 11 45 31 26 
56 40 8 28 9 5 29 24 42 9 28 42 23 0 33 29 24 44 28 23 25 52 9 35 45 28 27 33 30 25 25 28 22 18 5 14 27 26 18 28 26 46 47 54 39 35 15 47 31 32 24 56 62 10 27 32 33 42 27 55 47 10 40 35 49 12 44 50 41 46 29 41 16 34 23 35 19 23 20 14 
72 72 32 47 30 28 53 45 69 38 8 69 17 33 0 61 46 76 60 28 14 83 41 68 68 60 19 65 62 57 54 57 36 22 37 36 41 53 50 60 9 64 76 86 55 63 43 61 2 2 51 87 94 34 54 54 43 70 22 71 57 32 72 61 68 21 75 64 63 70 4 8 40 54 41 66 28 49 47 40 
53 11 33 34 35 34 36 30 33 27 57 24 51 29 61 0 37 17 5 47 52 25 20 11 46 1 52 17 5 7 16 20 43 46 25 30 46 27 17 5 54 43 23 25 50 25 22 49 59 60 31 29 33 32 26 41 45 23 50 52 51 32 12 22 41 40 25 50 33 47 57 69 32 32 41 12 44 23 29 29 
77 44 17 50 18 25 7 45 24 15 38 58 29 24 46 37 0 54 32 19 44 62 25 34 22 37 48 27 34 37 43 18 11 24 20 37 10 11 20 40 44 67 60 56 15 21 35 69 45 46 7 66 64 14 12 8 56 57 48 76 70 33 45 53 69 32 35 72 61 24 42 50 8 55 6 48 18 43 8 10 
50 12 49 39 51 49 53 36 46 43 72 18 67 44 76 17 54 0 22 63 64 8 35 22 62 17 63 30 20 19 22 37 60 61 41 41 63 44 34 16 68 42 10 17 67 39 33 50 74 74 48 12 23 48 43 58 50 16 61 49 54 44 10 22 38 55 33 50 32 61 72 83 49 35 58 10 60 29 46 46 
58 12 30 37 32 33 31 33 28 24 56 29 49 28 60 5 32 22 0 44 52 30 19 8 41 6 52 12 2 11 20 15 39 43 24 32 41 22 13 10 53 48 28 26 45 20 24 54 58 59 26 34 34 29 21 36 48 28 51 57 56 32 14 27 46 39 21 55 38 42 56 68 28 37 36 17 41 26 24 26 
76 56 16 48 14 20 26 45 43 20 20 65 11 23 28 47 19 63 44 0 29 71 30 49 40 46 34 45 46 45 48 36 8 7 24 34 13 30 32 48 27 66 68 70 27 40 38 67 27 28 26 75 78 15 31 26 51 65 36 75 66 29 58 58 70 21 54 70 64 42 24 32 17 55 13 56 4 46 24 19 
58 63 28 33 27 20 51 32 66 33 16 56 21 25 14 52 44 64 52 29 0 71 33 60 66 51 5 57 54 46 42 52 36 22 29 23 41 50 42 49 5 50 63 77 55 59 31 47 12 12 48 75 85 31 51 52 29 57 8 57 43 20 63 48 54 13 68 50 49 68 12 21 37 40 40 54 28 36 44 37 
52 19 57 44 59 57 61 43 53 51 80 20 75 52 83 25 62 8 30 71 71 0 43 29 69 25 70 37 28 27 29 45 68 69 49 48 71 52 42 24 75 44 11 17 75 46 40 52 81 81 56 4 21 56 51 66 55 18 68 51 56 51 17 26 40 62 39 52 34 68 79 90 57 39 66 17 68 36 54 54 
53 31 14 26 16 14 28 21 37 10 37 35 32 9 41 20 25 35 19 30 33 43 0 27 44 19 34 27 21 16 18 22 28 26 6 15 31 23 12 19 34 43 38 45 40 29 10 45 39 40 23 47 53 15 23 33 34 35 33 52 46 14 31 28 44 20 38 48 36 45 37 49 18 30 27 27 26 18 19 15 
64 10 36 45 38 40 32 41 24 30 62 34 55 35 68 11 34 22 8 49 60 29 27 0 40 12 60 8 7 18 27 16 44 49 31 40 44 23 18 16 61 54 31 22 46 17 32 60 66 67 27 33 30 35 22 37 56 33 59 63 62 40 12 33 52 47 14 61 44 39 64 75 33 43 40 22 46 34 27 30 
96 50 39 70 40 47 16 65 17 36 60 70 51 45 68 46 22 62 41 40 66 69 44 40 0 47 70 32 43 51 58 26 32 46 41 58 27 22 34 51 66 86 69 60 14 23 54 89 67 68 21 73 66 36 22 14 77 69 70 95 90 54 52 68 86 54 33 91 78 2 64 72 30 73 27 58 40 61 25 31 
53 12 32 33 34 33 36 29 33 26 56 24 51 28 60 1 37 17 6 46 51 25 19 12 47 0 51 17 5 6 15 21 43 45 25 29 46 27 17 5 53 43 23 26 50 26 21 49 58 59 31 29 34 31 27 41 44 23 49 52 51 31 12 22 41 39 26 50 33 48 56 68 32 32 41 12 43 22 29 29 
53 63 31 29 30 23 54 29 69 36 21 54 26 27 19 52 48 63 52 34 5 70 34 60 70 51 0 60 54 45 41 55 41 27 32 22 46 53 45 48 10 45 61 76 60 62 30 42 17 17 51 74 84 34 54 56 24 55 3 52 38 20 62 46 50 16 71 45 45 72 17 26 40 36 45 53 33 34 47 40 
70 18 33 49 35 37 24 44 16 27 59 41 51 33 65 17 27 30 12 45 57 37 27 8 32 17 60 0 12 23 32 9 38 45 28 42 37 16 15 22 58 60 39 29 38 9 34 66 63 64 20 41 37 31 15 29 59 40 60 69 68 41 20 39 58 44 11 67 50 31 61 72 28 49 33 29 42 38 21 26 
58 10 32 38 34 35 33 34 28 26 58 29 51 30 62 5 34 20 2 46 54 28 21 7 43 5 54 12 0 11 20 17 41 45 26 33 43 24 15 10 55 48 27 24 47 21 25 54 60 61 28 32 32 31 23 38 49 28 53 57 56 34 12 27 46 41 21 55 38 43 58 70 30 37 38 17 43 27 26 28 
48 18 30 27 32 30 37 23 38 25 53 21 48 25 57 7 37 19 11 45 46 27 16 18 51 6 45 23 11 0 9 25 43 42 22 23 46 29 17 3 50 38 23 31 51 30 15 43 55 56 32 31 39 30 29 42 38 20 43 47 45 26 17 17 36 36 32 44 28 52 53 65 32 26 41 11 42 16 29 29 
39 26 32 18 34 29 44 14 47 28 51 17 48 25 54 16 43 22 20 48 42 29 18 27 58 15 41 32 20 9 0 33 46 43 24 19 49 36 24 11 46 29 22 38 57 39 11 34 52 52 39 33 45 33 36 49 29 17 39 38 36 22 25 10 28 33 41 35 20 59 50 61 36 17 45 12 44 7 35 33 
72 26 25 47 27 32 16 42 15 19 51 44 43 28 57 20 18 37 15 36 52 45 22 16 26 21 55 9 17 25 33 0 29 37 23 37 28 7 10 25 53 62 43 38 30 7 31 66 56 57 11 49 46 23 6 21 56 43 55 71 67 36 28 42 61 39 18 67 53 27 53 64 19 49 24 32 33 37 12 17 
78 51 15 50 13 22 18 46 35 18 28 63 19 22 36 43 11 60 39 8 36 68 28 44 32 43 41 38 41 43 46 29 0 14 22 36 5 22 26 46 34 68 66 65 19 32 37 69 35 36 18 72 73 13 23 18 54 63 43 77 68 31 53 56 71 26 46 72 63 34 32 40 11 56 5 54 8 45 17 14 
71 55 13 43 11 15 31 40 47 19 14 60 6 18 22 46 24 61 43 7 22 69 26 49 46 45 27 45 45 42 43 37 14 0 21 29 19 31 31 45 20 61 64 69 33 41 33 61 21 22 29 73 77 14 32 32 44 60 29 70 59 24 57 53 65 14 55 64 59 48 18 27 18 50 19 53 6 41 25 20 
57 36 8 30 10 9 25 25 37 5 32 41 26 5 37 25 20 41 24 24 29 49 6 31 41 25 32 28 26 22 24 23 22 21 0 17 26 21 13 25 30 47 44 50 35 30 15 49 35 36 20 53 58 9 22 28 36 41 32 56 50 13 37 34 49 16 39 52 41 42 33 45 13 35 22 33 20 23 16 10 
42 41 22 14 23 14 42 11 52 22 34 33 33 14 36 30 37 41 32 34 23 48 15 40 58 29 22 42 33 23 19 37 36 29 17 0 41 38 27 26 27 32 40 54 52 44 8 33 34 34 37 52 62 24 38 45 19 34 20 41 33 5 40 25 36 16 53 36 30 59 32 43 30 21 37 31 31 13 33 27 
83 53 20 55 18 27 15 51 33 21 33 66 24 27 41 46 10 63 41 13 41 71 31 44 27 46 46 37 43 46 49 28 5 19 26 41 0 21 29 49 39 73 69 66 14 31 41 74 40 41 17 75 74 17 22 13 59 66 48 82 73 36 55 59 75 31 45 77 67 29 37 45 14 61 5 57 13 49 17 17 
74 33 22 49 23 30 9 44 16 17 45 50 37 26 53 27 11 44 22 30 50 52 23 23 22 27 53 16 24 29 36 7 22 31 21 38 21 0 12 31 50 64 50 45 23 10 33 68 52 53 4 56 53 19 1 14 57 49 53 73 69 34 35 46 64 37 24 69 56 23 49 58 13 51 17 39 27 39 6 13 
62 25 18 37 20 22 20 32 25 12 44 38 37 18 50 17 20 34 13 32 42 42 12 18 34 17 45 15 15 17 24 10 26 31 13 27 29 12 0 20 43 52 40 39 34 17 21 56 48 49 15 46 47 17 12 25 46 37 45 61 57 26 27 34 52 29 26 57 44 35 46 57 15 39 24 28 28 27 12 13 
48 15 33 29 35 33 40 25 38 28 56 19 51 28 60 5 40 16 10 48 49 24 19 16 51 5 48 22 10 3 11 25 46 45 25 26 49 31 20 0 53 38 20 28 54 30 18 44 58 59 35 28 36 33 31 45 40 18 46 47 46 29 14 17 36 39 30 45 28 52 56 68 35 27 44 8 45 18 32 32 
63 65 28 38 27 21 51 36 66 34 11 60 18 26 9 54 44 68 53 27 5 75 34 61 66 53 10 58 55 50 46 53 34 20 30 27 39 50 43 53 0 55 67 79 53 60 35 52 7 7 48 79 87 31 51 52 34 61 13 62 48 24 65 52 59 14 69 55 54 68 7 16 37 45 39 58 26 40 44 37 
10 50 54 18 55 46 71 22 76 52 65 24 65 46 64 43 67 42 48 66 50 44 43 54 86 43 45 60 48 38 29 62 68 61 47 32 73 64 52 38 55 0 33 59 82 68 33 8 62 62 66 46 65 56 64 75 21 26 42 9 13 37 49 21 5 48 68 8 10 87 62 71 60 13 69 34 63 25 62 57 
41 22 52 34 54 51 59 33 55 48 73 9 70 47 76 23 60 10 28 68 63 11 38 31 69 23 61 39 27 23 22 43 66 64 44 40 69 50 40 20 67 33 0 26 73 48 33 41 74 74 54 14 32 53 49 64 44 7 59 40 45 44 20 16 29 55 43 41 23 70 72 83 55 28 64 12 64 27 52 52 
67 14 56 55 58 59 53 52 43 50 82 35 75 54 86 25 56 17 26 70 77 17 45 22 60 26 76 29 24 31 38 38 65 69 50 54 66 45 39 28 79 59 26 0 67 38 46 67 84 85 49 17 8 55 44 58 66 33 74 66 71 57 14 39 55 65 27 67 49 59 82 94 54 52 62 26 67 45 49 52 
92 56 32 65 31 40 14 60 27 30 47 72 38 39 55 50 15 67 45 27 55 75 40 46 14 50 60 38 47 51 57 30 19 33 35 52 14 23 34 54 53 82 73 67 0 29 50 84 54 55 19 79 74 29 24 9 71 71 62 91 85 48 58 67 84 45 42 87 76 16 51 59 23 70 16 62 27 58 22 25 
78 27 32 54 33 39 17 49 8 26 55 49 47 35 63 25 21 39 20 40 59 46 29 17 23 26 62 9 21 30 39 7 32 41 30 44 31 10 17 30 60 68 48 38 29 0 38 72 62 63 14 50 45 29 9 21 63 48 62 77 73 43 29 47 66 46 14 73 58 22 59 68 23 55 27 37 37 43 16 23 
43 33 22 16 24 18 38 11 46 20 40 27 37 15 43 22 35 33 24 38 31 40 10 32 54 21 30 34 25 15 11 31 37 33 15 8 41 33 21 18 35 33 33 46 50 38 0 35 41 41 33 44 54 24 33 43 25 28 28 42 36 11 32 20 34 22 45 38 26 55 39 50 28 20 37 23 34 8 29 25 
11 57 55 19 56 47 73 24 80 54 62 32 64 47 61 49 69 50 54 67 47 52 45 60 89 49 42 66 54 43 34 66 69 61 49 33 74 68 56 44 52 8 41 67 84 72 35 0 59 59 68 54 73 57 68 77 18 34 39 10 5 38 56 28 13 47 74 3 18 90 59 68 62 17 70 41 64 29 64 59 
70 70 31 45 29 26 52 43 68 37 7 67 16 31 2 59 45 74 58 27 12 81 39 66 67 58 17 63 60 55 52 56 35 21 35 34 40 52 48 58 7 62 74 84 54 62 41 59 0 1 50 85 92 33 53 53 41 68 20 69 55 30 70 59 66 19 74 62 61 69 3 10 39 52 40 64 27 47 46 39 
70 71 32 45 30 27 53 43 69 38 8 67 17 32 2 60 46 74 59 28 12 81 40 67 68 59 17 64 61 56 52 57 36 22 36 34 41 53 49 59 7 62 74 85 55 63 41 59 1 0 51 85 93 34 54 54 41 68 20 69 55 30 71 59 66 20 75 62 61 70 4 9 40 52 41 64 28 47 47 40 
76 37 20 49 21 28 5 44 18 15 43 53 35 24 51 31 7 48 26 26 48 56 23 27 21 31 51 20 28 32 39 11 18 29 20 37 17 4 15 35 48 66 54 49 19 14 33 68 50 51 0 60 57 17 5 10 56 52 51 75 69 33 39 49 67 35 28 71 59 22 47 56 11 53 13 43 24 41 4 11 
54 23 61 48 63 61 65 47 57 55 84 23 79 56 87 29 66 12 34 75 75 4 47 33 73 29 74 41 32 31 33 49 72 73 53 52 75 56 46 28 79 46 14 17 79 50 44 54 85 85 60 0 19 60 55 70 58 21 72 53 59 55 21 30 42 66 42 54 37 72 83 94 61 42 70 21 72 40 58 58 
73 22 64 62 66 67 61 59 49 58 90 41 83 62 94 33 64 23 34 78 85 21 53 30 66 34 84 37 32 39 45 46 73 77 58 62 74 53 47 36 87 65 32 8 74 45 54 73 92 93 57 19 0 63 52 66 73 39 82 72 77 65 22 45 61 73 33 73 55 65 90 102 62 58 70 33 75 52 57 60 
66 41 3 38 4 11 20 34 35 5 28 50 20 10 34 32 14 48 29 15 31 56 15 35 36 31 34 31 31 30 33 23 13 14 9 24 17 19 17 33 31 56 53 55 29 29 24 57 33 34 17 60 63 0 20 22 43 50 34 65 57 20 43 43 58 18 41 60 50 38 30 41 6 44 13 41 12 32 13 6 
74 32 23 49 24 31 10 44 15 18 46 50 38 27 54 26 12 43 21 31 51 51 23 22 22 27 54 15 23 29 36 6 23 32 22 38 22 1 12 31 51 64 49 44 24 9 33 68 53 54 5 55 52 20 0 15 57 49 54 73 69 35 34 46 64 38 23 69 56 23 50 59 14 51 18 38 28 39 7 14 
85 47 25 58 26 33 5 53 20 23 46 63 37 32 54 41 8 58 36 26 52 66 33 37 14 41 56 29 38 42 49 21 18 32 28 45 13 14 25 45 52 75 64 58 9 21 43 77 53 54 10 70 66 22 15 0 64 62 56 84 78 41 49 59 77 40 34 80 69 16 50 58 16 63 13 53 26 51 14 18 
29 55 40 11 41 32 61 15 71 41 44 35 46 33 43 45 56 50 48 51 29 55 34 56 77 44 24 59 49 38 29 56 54 44 36 19 59 57 46 40 34 21 44 66 71 63 25 18 41 41 56 58 73 43 57 64 0 37 21 28 15 23 54 29 26 30 69 21 24 78 41 50 49 16 56 40 49 22 52 46 
34 26 49 27 51 46 57 26 56 45 67 2 65 42 70 23 57 16 28 65 57 18 35 33 69 23 55 40 28 20 17 43 63 60 41 34 66 49 37 18 61 26 7 33 71 48 28 34 68 68 52 21 39 50 49 62 37 0 53 33 38 38 25 9 22 49 47 34 16 70 66 77 52 21 61 11 61 21 49 49 
50 61 31 27 31 23 54 27 69 36 24 52 29 27 22 50 48 61 51 36 8 68 33 59 70 49 3 60 53 43 39 55 43 29 32 20 48 53 45 46 13 42 59 74 62 62 28 39 20 20 51 72 82 34 54 56 21 53 0 49 35 19 60 44 47 17 71 42 43 72 20 29 40 34 46 51 35 32 47 40 
1 59 63 27 64 55 80 31 85 61 72 31 73 55 71 52 76 49 57 75 57 51 52 63 95 52 52 69 57 47 38 71 77 70 56 41 82 73 61 47 62 9 40 66 91 77 42 10 69 69 75 53 72 65 73 84 28 33 49 0 14 46 57 30 11 57 77 7 19 96 69 78 69 22 78 43 72 34 71 66 
15 61 54 20 55 46 74 25 81 55 59 36 61 47 57 51 70 54 56 66 43 56 46 62 90 51 38 68 56 45 36 67 68 59 50 33 73 69 57 46 48 13 45 71 85 73 36 5 55 55 69 59 77 57 69 78 15 38 35 14 0 37 60 32 18 45 76 8 22 91 55 64 63 19 70 45 63 30 65 60 
47 43 17 19 18 9 38 16 50 18 29 37 28 10 32 32 33 44 32 29 20 51 14 40 54 31 20 41 34 26 22 36 31 24 13 5 36 34 26 29 24 37 44 57 48 43 11 38 30 30 33 55 65 20 35 41 23 38 19 46 37 0 43 29 41 11 52 41 35 55 28 39 26 26 33 34 26 17 29 23 
58 2 44 43 46 45 44 39 36 38 68 26 63 40 72 12 45 10 14 58 63 17 31 12 52 12 62 20 12 17 25 28 53 57 37 40 55 35 27 14 65 49 20 14 58 29 32 56 70 71 39 21 22 43 34 49 54 25 60 57 60 43 0 28 46 51 23 57 39 51 68 80 42 41 50 15 55 32 38 40 
31 29 42 18 44 38 54 17 55 38 58 8 57 35 61 22 53 22 27 58 48 26 28 33 68 22 46 39 27 17 10 42 56 53 34 25 59 46 34 17 52 21 16 39 67 47 20 28 59 59 49 30 45 43 46 59 29 9 44 30 32 29 28 0 19 40 47 29 11 69 57 68 46 13 55 13 54 12 45 43 
12 48 56 22 58 50 72 25 74 54 69 20 69 49 68 41 69 38 46 70 54 40 44 52 86 41 50 58 46 36 28 61 71 65 49 36 75 64 52 36 59 5 29 55 84 66 34 13 66 66 67 42 61 58 64 77 26 22 47 11 18 41 46 19 0 52 66 12 8 87 66 75 62 15 71 32 67 26 63 59 
58 51 15 30 14 7 38 27 53 20 18 48 17 12 21 40 32 55 39 21 13 62 20 47 54 39 16 44 41 36 33 39 26 14 16 16 31 37 29 39 14 48 55 65 45 46 22 47 19 20 35 66 73 18 38 40 30 49 17 57 45 11 51 40 52 0 55 50 46 56 17 29 24 37 29 45 19 28 31 24 
78 21 43 58 45 48 31 54 16 37 69 48 61 44 75 25 35 33 21 54 68 39 38 14 33 26 71 11 21 32 41 18 46 55 39 53 45 24 26 30 69 68 43 27 42 14 45 74 74 75 28 42 33 41 23 34 69 47 71 77 76 52 23 47 66 55 0 75 58 32 71 82 37 57 41 36 51 47 30 35 
8 58 58 22 59 50 76 27 81 57 65 32 67 50 64 50 72 50 55 70 50 52 48 61 91 50 45 67 55 44 35 67 72 64 52 36 77 69 57 45 55 8 41 67 87 73 38 3 62 62 71 54 73 60 69 80 21 34 42 7 8 41 57 29 12 50 75 0 18 92 62 71 65 18 73 42 67 30 67 62 
20 40 48 16 50 44 64 19 66 46 63 14 63 41 63 33 61 32 38 64 49 34 36 44 78 33 45 50 38 28 20 53 63 59 41 30 67 56 44 28 54 10 23 49 76 58 26 18 61 61 59 37 55 50 56 69 24 16 43 19 22 35 39 11 8 46 58 18 0 79 60 70 54 9 63 24 60 18 55 51 
97 49 41 71 42 49 18 66 16 37 62 71 53 46 70 47 24 61 42 42 68 68 45 39 2 48 72 31 43 52 59 27 34 48 42 59 29 23 35 52 68 87 70 59 16 22 55 90 69 70 22 72 65 38 23 16 78 70 72 96 91 55 51 69 87 56 32 92 79 0 66 74 32 74 29 59 42 62 26 33 
70 68 28 44 26 24 49 42 65 34 5 65 13 29 4 57 42 72 56 24 12 79 37 64 64 56 17 61 58 53 50 53 32 18 33 32 37 49 46 56 7 62 72 82 51 59 39 59 3 4 47 83 90 30 50 50 41 66 20 69 55 28 68 57 66 17 71 62 60 66 0 12 36 51 37 62 24 45 43 36 
79 80 39 54 37 36 57 52 74 45 13 76 21 41 8 69 50 83 68 32 21 90 49 75 72 68 26 72 70 65 61 64 40 27 45 43 45 58 57 68 16 71 83 94 59 68 50 68 10 9 56 94 102 41 59 58 50 77 29 78 64 39 80 68 75 29 82 71 70 74 12 0 45 61 45 73 32 56 52 47 
70 40 9 43 10 17 14 38 29 8 32 52 24 16 40 32 8 49 28 17 37 57 18 33 30 32 40 28 30 32 36 19 11 18 13 30 14 13 15 35 37 60 55 54 23 23 28 62 39 40 11 61 62 6 14 16 49 52 40 69 63 26 42 46 62 24 37 65 54 32 36 45 0 48 9 43 14 36 7 3 
23 42 42 7 43 35 58 10 63 40 54 19 54 34 54 32 55 35 37 55 40 39 30 43 73 32 36 49 37 26 17 49 56 50 35 21 61 51 39 27 45 13 28 52 70 55 20 17 52 52 53 42 58 44 51 63 16 21 34 22 19 26 41 13 15 37 57 18 9 74 51 61 48 0 57 26 52 12 49 45 
79 48 16 51 15 24 13 47 30 17 33 61 24 23 41 41 6 58 36 13 40 66 27 40 27 41 45 33 38 41 45 24 5 19 22 37 5 17 24 44 39 69 64 62 16 27 37 70 40 41 13 70 70 13 18 13 56 61 46 78 70 33 50 55 71 29 41 73 63 29 37 45 9 57 0 52 13 45 13 12 
44 16 41 29 43 40 48 26 45 36 63 12 58 35 66 12 48 10 17 56 54 17 27 22 58 12 53 29 17 11 12 32 54 53 33 31 57 39 28 8 58 34 12 26 62 37 23 41 64 64 43 21 33 41 38 53 40 11 51 43 45 34 15 13 32 45 36 42 24 59 62 73 43 26 52 0 53 19 40 40 
73 53 12 45 10 17 25 42 42 17 20 61 11 19 28 44 18 60 41 4 28 68 26 46 40 43 33 42 43 42 44 33 8 6 20 31 13 27 28 45 26 63 64 67 27 37 34 64 27 28 24 72 75 12 28 26 49 61 35 72 63 26 55 54 67 19 51 67 60 42 24 32 14 52 13 53 0 42 21 16 
35 33 30 11 32 26 46 7 51 28 46 20 45 23 49 23 43 29 26 46 36 36 18 34 61 22 34 38 27 16 7 37 45 41 23 13 49 39 27 18 40 25 27 45 58 43 8 29 47 47 41 40 52 32 39 51 22 21 32 34 30 17 32 12 26 28 47 30 18 62 45 56 36 12 45 19 42 0 37 33 
72 36 16 45 17 24 9 40 22 11 39 50 31 20 47 29 8 46 24 24 44 54 19 27 25 29 47 21 26 29 35 12 17 25 16 33 17 6 12 32 44 62 52 49 22 16 29 64 46 47 4 58 57 13 7 14 52 49 47 71 65 29 38 45 63 31 30 67 55 26 43 52 7 49 13 40 21 37 0 7 
67 38 9 40 10 17 15 35 29 5 34 49 26 14 40 29 10 46 26 19 37 54 15 30 31 29 40 26 28 29 33 17 14 20 10 27 17 13 13 32 37 57 52 52 25 23 25 59 39 40 11 58 60 6 14 18 46 49 40 66 60 23 40 43 59 24 35 62 51 33 36 47 3 45 12 40 16 33 7 0 
100
72
64
38
70
84
13
3
57
8
19
84
56
50
62
9
17
99
39
42
34
45
27
20
41
26
45
43
58
45
12
16
18
5
26
23
85
17
53
29
100
15
4
58
39
72
28
94
66
60
97
50
20
39
10
91
39
63
55
47
67
100
94
2
45
59
17
60
33
10
49
46
92
72
53
76
80
96
6
