35
0 141 408 646 703 482 744 225 696 860 700 519 450 910 500 816 876 210 612 631 380 551 144 66 753 680 510 337 301 422 315 213 304 254 398 
141 0 488 779 786 623 881 312 804 1001 841 657 480 1046 635 934 1014 71 719 771 433 692 238 99 891 808 555 444 429 535 437 99 426 242 539 
408 488 0 432 298 451 547 183 340 715 686 396 174 685 605 492 691 518 837 660 102 542 264 470 581 416 160 123 225 153 190 472 549 303 444 
646 779 432 0 418 246 115 505 257 285 351 148 603 269 430 241 259 835 700 376 533 282 552 710 150 81 562 371 350 288 349 810 552 690 335 
703 786 298 418 0 579 505 480 172 680 761 483 372 582 769 314 623 814 1033 768 368 654 560 766 552 352 290 375 457 317 425 765 787 586 621 
482 623 451 246 579 0 300 426 456 381 244 105 617 461 194 484 410 690 465 209 528 91 437 538 292 320 610 338 255 307 279 680 316 611 98 
744 881 547 115 505 300 0 616 334 177 315 227 717 166 457 259 144 940 714 365 648 302 659 807 49 153 674 485 456 403 459 917 616 803 398 
225 312 183 505 480 426 616 0 493 763 669 414 252 774 529 630 759 352 723 622 168 514 81 287 638 517 296 139 173 231 159 315 414 189 379 
696 804 340 257 172 456 334 493 0 508 607 352 473 412 650 160 451 845 921 625 436 519 566 762 383 184 405 360 410 274 386 805 712 643 518 
860 1001 715 285 680 381 177 763 508 0 261 350 888 171 474 409 86 1065 693 340 814 337 795 918 135 330 847 640 593 566 604 1049 676 952 476 
700 841 686 351 761 244 315 669 607 261 0 295 857 415 234 571 334 910 432 85 769 156 676 747 272 429 841 579 499 536 523 907 458 853 304 
519 657 396 148 483 105 227 414 352 350 295 0 569 393 299 381 357 718 570 286 486 171 445 580 234 217 548 300 243 243 255 700 404 603 187 
450 480 174 603 372 617 717 252 473 888 857 569 0 850 757 633 860 486 971 825 91 708 317 497 753 581 85 279 374 327 343 430 665 244 598 
910 1046 685 269 582 461 166 774 412 171 415 393 850 0 599 277 85 1104 842 485 787 448 821 973 171 269 796 638 619 551 618 1079 776 957 559 
500 635 605 430 769 194 457 529 650 474 234 299 757 599 0 671 530 706 271 150 666 155 511 537 432 508 765 483 383 478 416 713 227 693 161 
816 934 492 241 314 484 259 630 160 409 571 381 633 277 671 0 336 981 941 610 592 523 696 882 308 164 565 491 517 399 501 945 780 792 567 
876 1014 691 259 623 410 144 759 451 86 334 357 860 85 530 336 0 1075 764 407 792 383 799 937 123 285 814 629 596 547 601 1056 719 947 508 
210 71 518 835 814 690 940 352 845 1065 910 718 486 1104 706 981 1075 0 788 841 451 761 286 170 952 860 566 490 485 582 489 59 497 242 608 
612 719 837 700 1033 465 714 723 921 693 432 570 971 842 271 941 764 788 0 357 880 419 680 622 683 779 994 714 612 729 648 813 315 852 412 
631 771 660 376 768 209 365 622 625 340 85 286 825 485 150 610 407 841 357 0 736 119 619 675 329 457 819 546 457 515 484 842 376 800 245 
380 433 102 533 368 528 648 168 436 814 769 486 91 787 666 592 792 451 880 736 0 619 240 434 681 518 130 190 283 248 252 399 577 218 507 
551 692 542 282 654 91 302 514 519 337 156 171 708 448 155 523 383 761 419 119 619 0 520 602 278 362 700 429 345 396 370 755 339 697 153 
144 238 264 552 560 437 659 81 566 795 676 445 317 821 511 696 799 286 680 619 240 520 0 206 676 574 370 206 203 297 203 258 365 182 374 
66 99 470 710 766 538 807 287 762 918 747 580 497 973 537 882 937 170 622 675 434 602 206 0 814 746 563 403 367 488 381 191 327 282 449 
753 891 581 150 552 292 49 638 383 135 272 234 753 171 432 308 123 952 683 329 681 278 676 814 0 200 712 511 473 433 479 933 605 827 390 
680 808 416 81 352 320 153 517 184 330 429 217 581 269 508 164 285 860 779 457 518 362 574 746 200 0 530 378 380 288 371 830 618 695 403 
510 555 160 562 290 610 674 296 405 847 841 548 85 796 765 565 814 566 994 819 130 700 370 563 712 530 0 282 384 305 349 510 698 324 604 
337 444 123 371 375 338 485 139 360 640 579 300 279 638 483 491 629 490 714 546 190 429 206 403 511 378 282 0 102 92 67 454 431 319 322 
301 429 225 350 457 255 456 173 410 593 499 243 374 619 383 517 596 485 612 457 283 345 203 367 473 380 384 102 0 142 36 461 333 361 224 
422 535 153 288 317 307 403 231 274 566 536 243 327 551 478 399 547 582 729 515 248 396 297 488 433 288 305 92 142 0 113 546 470 407 319 
315 437 190 349 425 279 459 159 386 604 523 255 343 618 416 501 601 489 648 484 252 370 203 381 479 371 349 67 36 113 0 461 369 348 256 
213 99 472 810 765 680 917 315 805 1049 907 700 430 1079 713 945 1056 59 813 842 399 755 258 191 933 830 510 454 461 546 461 0 514 186 603 
304 426 549 552 787 316 616 414 712 676 458 404 665 776 227 780 719 497 315 376 577 339 365 327 605 618 698 431 333 470 369 514 0 537 219 
254 242 303 690 586 611 803 189 643 952 853 603 244 957 693 792 947 242 852 800 218 697 182 282 827 695 324 319 361 407 348 186 537 0 555 
398 539 444 335 621 98 398 379 518 476 304 187 598 559 161 567 508 608 412 245 507 153 374 449 390 403 604 322 224 319 256 603 219 555 0 
76
78
25
93
85
62
53
98
15
39
28
18
9
24
13
35
84
9
63
53
24
20
33
17
51
4
64
14
100
15
99
25
13
90
