50
0 139 287 332 233 72 726 361 473 399 230 398 267 391 534 834 428 589 298 748 361 578 607 644 252 756 634 851 47 281 745 371 337 250 193 108 330 237 174 262 343 436 441 795 804 541 829 174 643 268 
139 0 426 256 351 75 856 299 605 442 317 460 333 528 555 934 537 693 354 880 500 536 617 738 148 832 752 969 120 371 883 297 466 387 315 147 256 376 296 384 437 569 566 920 881 635 923 309 719 310 
287 426 0 562 202 354 463 570 242 441 291 398 323 119 583 658 281 427 383 478 84 730 666 499 525 650 421 627 318 269 467 592 126 59 189 341 557 52 197 153 281 208 221 546 691 412 671 143 552 367 
332 256 562 0 565 270 903 52 786 327 556 377 301 628 381 878 540 662 606 935 646 287 419 683 364 727 756 958 346 370 1027 41 543 507 524 395 7 526 506 452 426 749 616 943 777 591 852 493 623 249 
233 351 202 565 0 302 654 590 265 561 93 536 425 318 706 860 469 624 181 663 223 796 787 693 397 838 623 828 232 399 563 603 322 221 42 216 562 163 59 308 437 231 423 742 881 600 870 97 733 450 
72 75 354 270 302 0 781 303 545 391 286 402 271 453 516 865 464 622 341 805 430 531 584 669 212 770 678 895 76 302 815 310 391 313 262 131 268 306 243 309 368 508 491 845 819 566 854 246 657 258 
726 856 463 903 654 781 0 887 498 626 746 562 602 344 708 357 367 308 833 40 431 944 775 357 977 501 186 222 766 533 381 917 390 480 650 800 896 514 660 474 479 499 293 101 510 375 404 605 478 655 
361 299 570 52 590 303 887 0 801 292 588 347 287 628 334 844 521 635 643 921 654 239 369 651 414 687 734 931 379 358 1030 32 540 513 549 432 47 538 531 450 408 764 604 923 736 562 816 514 585 233 
473 605 242 786 265 545 498 801 0 682 343 635 565 267 822 792 487 598 401 494 166 972 905 674 662 838 545 709 485 511 303 819 340 301 293 480 782 264 311 394 516 37 388 599 871 607 820 299 753 609 
399 442 441 327 561 391 626 292 682 0 604 64 138 443 145 552 266 349 688 663 517 322 227 359 589 405 457 643 443 172 843 324 353 384 521 506 320 435 511 288 176 649 373 647 455 275 525 465 297 133 
230 317 291 556 93 286 746 588 343 604 0 587 466 408 746 942 545 703 94 756 316 808 824 770 331 908 710 918 210 452 645 596 404 300 103 170 554 246 102 376 499 313 508 834 953 674 950 162 801 482 
398 460 398 377 536 402 562 347 635 64 587 0 131 388 187 502 202 288 675 599 469 386 270 306 608 372 393 584 444 137 783 379 299 343 498 506 370 398 490 245 120 604 311 583 422 215 480 439 260 152 
267 333 323 301 425 271 602 287 565 138 466 131 0 352 281 609 239 375 550 635 404 408 362 411 480 499 457 666 313 71 758 316 261 264 384 375 294 308 374 177 125 531 317 643 548 310 594 328 386 54 
391 528 119 628 318 453 344 628 267 443 408 388 352 0 574 554 220 337 499 361 117 755 657 413 638 574 310 510 427 284 406 653 91 141 308 457 622 170 316 178 268 244 124 427 610 340 573 261 486 404 
534 555 583 381 706 516 708 334 822 145 746 187 281 574 0 557 375 405 827 748 656 250 83 388 698 370 525 681 575 316 964 363 486 528 665 638 375 580 655 430 307 790 489 709 416 334 517 609 287 266 
834 934 658 878 860 865 357 844 792 552 942 502 609 554 557 0 407 245 1036 390 670 807 592 198 1077 211 247 175 881 563 737 876 538 642 839 933 871 697 841 580 497 780 437 281 191 299 57 781 270 648 
428 537 281 540 469 464 367 521 487 266 545 202 239 220 375 407 0 162 639 401 327 588 454 225 675 369 220 434 475 175 589 552 155 248 443 526 533 308 443 173 114 461 114 404 412 131 408 383 271 291 
589 693 427 662 624 622 308 635 598 349 703 288 375 337 405 245 162 0 797 348 454 649 467 76 834 240 122 296 636 322 627 667 302 403 600 688 655 461 601 335 256 579 213 304 273 74 247 541 177 419 
298 354 383 606 181 341 833 643 401 688 94 675 550 499 827 1036 639 797 0 842 402 872 904 864 326 1002 804 1009 267 542 703 647 498 394 197 211 605 340 196 470 591 376 602 923 1047 768 1044 256 895 562 
748 880 478 935 663 805 40 921 494 663 756 599 635 361 748 390 401 348 842 0 440 982 815 397 997 540 226 245 786 565 354 950 414 500 662 818 928 530 673 501 513 498 322 120 548 415 439 621 518 688 
361 500 84 646 223 430 431 654 166 517 316 469 404 117 656 670 327 454 402 440 0 812 739 530 588 689 425 617 386 346 385 676 176 143 226 401 641 125 240 229 350 135 241 523 726 453 690 198 598 450 
578 536 730 287 796 531 944 239 972 322 808 386 408 755 250 807 588 649 872 982 812 0 224 637 651 612 767 930 605 472 1161 249 664 671 754 662 285 710 738 585 494 936 695 953 655 576 765 709 537 363 
607 617 666 419 787 584 775 369 905 227 824 270 362 657 83 592 454 467 904 815 739 224 0 439 756 391 589 729 647 399 1043 394 569 611 746 710 414 662 735 513 390 873 568 768 432 400 547 690 327 342 
644 738 499 683 693 669 357 651 674 359 770 306 411 413 388 198 225 76 864 397 530 637 439 0 881 165 174 293 691 367 694 683 373 472 668 746 676 531 668 398 302 655 289 332 197 103 185 608 121 450 
252 148 525 364 397 212 977 414 662 589 331 608 480 638 698 1077 675 834 326 997 588 651 756 881 0 979 886 1103 211 514 957 404 589 497 373 187 367 473 355 514 580 628 693 1047 1028 778 1066 390 866 458 
756 832 650 727 838 770 501 687 838 405 908 372 499 574 370 211 369 240 1002 540 689 612 391 165 979 0 331 374 803 475 855 718 524 617 808 863 720 677 806 532 416 817 450 453 50 238 159 747 113 524 
634 752 421 756 623 678 186 734 545 457 710 393 457 310 525 247 220 122 804 226 425 767 589 174 886 331 0 217 679 395 525 765 310 413 607 725 749 464 612 372 332 533 202 190 350 191 275 552 293 507 
851 969 627 958 828 895 222 931 709 643 918 584 666 510 681 175 434 296 1009 245 617 930 729 293 1103 374 217 0 896 607 599 963 524 627 816 941 951 674 822 589 543 705 416 125 363 369 232 764 402 713 
47 120 318 346 232 76 766 379 485 443 210 444 313 427 575 881 475 636 267 786 386 605 647 691 211 803 679 896 0 328 766 386 378 286 195 63 344 266 176 307 390 449 484 837 851 588 876 191 690 310 
281 371 269 370 399 302 533 358 511 172 452 137 71 284 316 563 175 322 542 565 346 472 399 367 514 475 395 607 328 0 690 386 193 212 361 388 363 264 354 117 66 477 246 578 523 264 552 302 362 125 
745 883 467 1027 563 815 381 1030 303 843 645 783 758 406 964 737 589 627 703 354 385 1161 1043 694 957 855 525 599 766 690 0 1054 497 520 584 771 1021 510 602 583 667 332 475 474 874 669 782 575 804 810 
371 297 592 41 603 310 917 32 819 324 596 379 316 653 363 876 552 667 647 950 676 249 394 683 404 718 765 963 386 386 1054 0 566 535 561 436 42 557 544 475 438 782 632 954 767 594 848 529 616 262 
337 466 126 543 322 391 390 540 340 353 404 299 261 91 486 538 155 302 498 414 176 664 569 373 589 524 310 524 378 193 497 566 0 104 301 419 537 159 303 91 179 311 108 459 565 286 548 243 426 313 
250 387 59 507 221 313 480 513 301 384 300 343 264 141 528 642 248 403 394 500 143 671 611 472 497 617 413 627 286 212 520 535 104 0 197 320 501 60 199 99 230 267 211 556 660 379 650 139 515 308 
193 315 189 524 42 262 650 549 293 521 103 498 384 308 665 839 443 600 197 662 226 754 746 668 373 808 607 816 195 361 584 561 301 197 0 187 521 143 19 276 402 257 405 735 853 573 847 61 702 408 
108 147 341 395 216 131 800 432 480 506 170 506 375 457 638 933 526 688 211 818 401 662 710 746 187 863 725 941 63 388 771 436 419 320 187 0 394 289 169 356 448 444 526 876 911 644 931 203 750 373 
330 256 557 7 562 268 896 47 782 320 554 370 294 622 375 871 533 655 605 928 641 285 414 676 367 720 749 951 344 363 1021 42 537 501 521 394 0 521 503 446 419 745 609 936 770 584 845 490 616 242 
237 376 52 526 163 306 514 538 264 435 246 398 308 170 580 697 308 461 340 530 125 710 662 531 473 677 464 674 266 264 510 557 159 60 143 289 521 0 148 156 288 227 262 596 720 439 707 91 575 347 
174 296 197 506 59 243 660 531 311 511 102 490 374 316 655 841 443 601 196 673 240 738 735 668 355 806 612 822 176 354 602 544 303 199 19 169 503 148 0 274 398 276 410 743 851 572 848 60 699 396 
262 384 153 452 308 309 474 450 394 288 376 245 177 178 430 580 173 335 470 501 229 585 513 398 514 532 372 589 307 117 583 475 91 99 276 356 446 156 274 0 132 361 182 536 577 298 581 215 426 227 
343 437 281 426 437 368 479 408 516 176 499 120 125 268 307 497 114 256 591 513 350 494 390 302 580 416 332 543 390 66 667 438 179 230 402 448 419 288 398 132 0 485 203 518 464 199 487 341 305 177 
436 569 208 749 231 508 499 764 37 649 313 604 531 244 790 780 461 579 376 498 135 936 873 655 628 817 533 705 449 477 332 782 311 267 257 444 745 227 276 361 485 0 367 599 852 584 806 262 729 573 
441 566 221 616 423 491 293 604 388 373 508 311 317 124 489 437 114 213 602 322 241 695 568 289 693 450 202 416 484 246 475 632 108 211 405 526 609 262 410 182 203 367 0 354 486 219 452 350 365 371 
795 920 546 943 742 845 101 923 599 647 834 583 643 427 709 281 404 304 923 120 523 953 768 332 1047 453 190 125 837 578 474 954 459 556 735 876 936 596 743 536 518 599 354 0 453 378 334 687 452 694 
804 881 691 777 881 819 510 736 871 455 953 422 548 610 416 191 412 273 1047 548 726 655 432 197 1028 50 350 363 851 523 874 767 565 660 853 911 770 720 851 577 464 852 486 453 0 281 135 792 162 574 
541 635 412 591 600 566 375 562 607 275 674 215 310 340 334 299 131 74 768 415 453 576 400 103 778 238 191 369 588 264 669 594 286 379 573 644 584 439 572 298 199 584 219 378 281 0 288 512 146 352 
829 923 671 852 870 854 404 816 820 525 950 480 594 573 517 57 408 247 1044 439 690 765 547 185 1066 159 275 232 876 552 782 848 548 650 847 931 845 707 848 581 487 806 452 334 135 288 0 788 233 629 
174 309 143 493 97 246 605 514 299 465 162 439 328 261 609 781 383 541 256 621 198 709 690 608 390 747 552 764 191 302 575 529 243 139 61 203 490 91 60 215 341 262 350 687 792 512 788 0 641 356 
643 719 552 623 733 657 478 585 753 297 801 260 386 486 287 270 271 177 895 518 598 537 327 121 866 113 293 402 690 362 804 616 426 515 702 750 616 575 699 426 305 729 365 452 162 146 233 641 0 412 
268 310 367 249 450 258 655 233 609 133 482 152 54 404 266 648 291 419 562 688 450 363 342 450 458 524 507 713 310 125 810 262 313 308 408 373 242 347 396 227 177 573 371 694 574 352 629 356 412 0 
37
35
53
36
48
89
66
48
25
46
38
22
46
23
73
66
50
18
1
50
96
10
13
69
58
74
86
15
79
52
26
16
26
87
11
18
34
45
52
31
91
14
8
99
13
75
11
85
6
