65
0 238 201 602 276 306 103 589 176 683 430 488 439 454 689 363 183 480 121 597 272 449 289 267 300 289 469 527 683 361 293 185 633 374 739 289 371 739 596 70 515 423 308 439 611 424 312 657 205 335 615 500 515 181 411 334 555 700 272 86 578 209 129 336 184 
238 0 422 369 293 318 163 417 283 747 374 705 248 309 516 317 254 243 179 423 411 476 513 30 537 413 483 663 753 221 473 362 536 293 575 520 157 566 659 210 359 514 472 271 404 630 539 523 69 310 379 262 735 60 356 561 326 531 437 313 695 440 190 488 419 
201 422 0 767 453 480 304 790 337 582 469 429 572 652 788 411 360 663 319 798 375 414 248 448 143 205 442 376 576 474 133 284 672 445 826 231 567 835 504 265 714 332 375 556 744 399 117 853 402 518 785 680 445 362 596 139 748 795 142 182 439 179 248 199 149 
602 369 767 0 606 620 531 441 638 891 477 1073 227 449 319 469 603 161 543 439 762 637 882 339 896 689 626 906 905 331 782 726 497 417 381 889 307 352 818 579 448 735 828 271 159 995 884 583 425 587 37 131 1103 421 589 906 213 338 740 682 911 809 519 771 785 
276 293 453 606 0 30 200 392 117 953 642 524 538 253 806 577 94 445 169 401 181 702 383 315 496 564 718 803 954 510 565 205 823 567 866 402 299 856 865 207 312 695 249 564 681 435 543 415 224 67 600 475 559 288 145 560 465 821 548 271 854 350 361 612 351 
306 318 480 620 30 0 230 382 143 983 671 530 562 247 830 607 123 459 199 391 188 732 398 339 518 594 748 832 984 537 594 224 851 596 890 418 313 879 895 237 303 725 254 589 702 440 568 396 250 51 614 489 565 316 124 585 471 845 577 298 884 370 391 641 373 
103 163 304 531 200 230 0 486 137 753 450 543 396 351 661 383 122 395 31 494 262 502 352 193 395 371 518 617 755 341 391 200 641 380 716 359 274 711 665 49 412 498 316 409 562 467 414 557 111 250 539 419 572 121 322 435 461 674 367 157 663 282 161 428 264 
589 417 790 441 392 382 486 0 495 1158 761 912 538 141 747 716 458 313 471 9 570 885 773 408 867 827 888 1078 1166 585 872 593 871 679 811 791 266 785 1072 525 80 931 636 586 586 822 897 142 401 331 414 336 947 467 275 918 228 766 841 626 1112 729 599 896 724 
176 283 337 638 117 143 137 495 0 859 584 445 528 354 795 517 38 488 109 504 128 622 280 312 379 464 640 696 859 477 454 100 778 517 850 296 348 845 772 116 415 599 190 543 687 361 426 531 217 184 640 515 478 254 262 443 529 808 441 155 750 236 285 505 234 
683 747 582 891 953 983 753 1158 859 0 418 986 673 1055 685 446 864 893 784 1163 938 273 827 751 680 398 273 252 21 588 452 845 454 491 676 808 892 706 88 748 1105 261 952 624 767 975 596 1269 783 1003 926 889 992 707 1071 603 1005 677 442 727 182 761 595 383 731 
430 374 469 477 642 671 450 761 584 418 0 886 255 675 345 67 572 478 481 765 698 162 688 368 611 293 149 448 430 176 407 615 206 82 370 680 497 386 341 468 716 277 738 207 370 838 559 882 430 674 510 472 906 357 729 578 590 346 367 509 441 606 302 364 573 
488 705 429 1073 524 530 543 912 445 986 886 0 927 777 1176 822 483 930 530 921 343 843 201 735 307 634 871 747 976 849 542 349 1092 847 1223 206 793 1225 917 495 833 753 276 927 1099 90 390 909 648 581 1078 956 35 659 643 385 974 1186 566 403 819 284 609 612 315 
439 248 572 227 538 562 396 538 528 673 255 927 0 482 268 242 501 233 420 540 656 412 728 223 709 467 403 679 685 106 567 596 333 190 328 728 298 318 596 439 510 508 712 50 173 859 684 672 317 547 258 221 954 275 579 706 343 283 525 524 684 648 329 549 620 
454 309 652 449 253 247 351 141 354 1055 675 777 482 0 724 623 317 293 333 150 434 785 632 308 727 705 791 956 1061 506 741 452 811 593 788 650 184 768 968 387 62 817 501 525 571 687 759 214 278 197 431 322 812 350 158 779 256 742 713 486 994 588 477 771 583 
689 516 788 319 806 830 661 747 795 685 345 1176 268 724 0 385 769 437 686 747 923 491 975 491 931 635 468 782 703 328 747 858 233 344 64 971 548 50 633 699 739 618 977 252 162 1113 890 889 585 812 355 411 1199 541 838 911 523 19 705 775 763 892 567 709 862 
363 317 411 469 577 607 383 716 517 446 67 822 242 623 385 0 505 448 414 721 631 175 624 315 554 251 173 438 456 144 362 548 272 52 417 616 450 429 363 401 668 266 671 200 383 773 507 834 369 611 500 446 844 294 668 527 560 389 320 442 443 541 235 328 509 
183 254 360 603 94 123 122 458 38 864 572 483 501 317 769 505 0 451 91 467 160 620 318 281 412 472 636 709 865 456 471 138 761 501 826 334 310 819 776 116 379 605 225 519 657 399 454 499 186 158 604 479 516 231 236 472 491 783 454 179 761 271 279 518 267 
480 243 663 161 445 459 395 313 488 893 478 930 233 293 437 448 451 0 402 314 609 623 746 215 780 625 620 863 904 305 702 581 562 402 501 754 146 479 811 444 302 698 676 283 280 849 780 453 284 426 155 30 962 301 428 802 112 456 663 552 881 677 422 705 659 
121 179 319 543 169 199 31 471 109 784 481 530 420 333 686 414 91 402 0 479 237 533 345 208 402 399 549 644 786 368 414 183 671 410 741 354 273 736 696 54 395 527 294 434 582 452 426 536 118 221 548 426 561 145 294 447 460 699 391 160 691 280 192 453 265 
597 423 798 439 401 391 494 9 504 1163 765 921 540 150 747 721 467 314 479 0 579 890 782 414 876 833 893 1084 1171 589 879 602 873 683 811 800 271 785 1077 533 89 937 645 588 586 831 905 144 408 340 412 337 956 473 284 926 226 766 848 635 1118 738 606 903 733 
272 411 375 762 181 188 262 570 128 938 698 343 656 434 923 631 160 609 237 579 0 719 222 440 368 540 740 749 935 603 505 93 896 635 978 245 465 973 853 231 491 677 68 671 815 254 434 577 345 239 762 637 378 382 306 446 640 936 501 211 811 219 396 565 235 
449 476 414 637 702 732 502 885 622 273 162 843 412 785 491 175 620 623 533 890 719 0 658 479 545 209 29 291 282 319 314 628 299 223 504 643 619 526 188 506 833 130 746 366 532 810 476 998 517 747 669 621 857 441 812 492 735 489 282 511 279 579 341 253 546 
289 513 248 882 383 398 352 773 280 827 688 201 728 632 975 624 318 746 345 782 222 658 0 543 169 452 684 605 820 648 375 180 894 646 1022 26 617 1024 752 303 693 580 180 727 900 152 252 794 462 448 891 770 226 464 521 257 803 985 390 204 674 83 408 445 115 
267 30 448 339 315 339 193 408 312 751 368 735 223 308 491 315 281 215 208 414 440 479 543 0 565 429 484 677 758 207 494 391 522 286 551 550 143 541 664 240 354 524 501 250 376 660 565 520 95 327 349 234 765 86 368 587 303 506 458 343 706 470 211 505 448 
300 537 143 896 496 518 395 867 379 680 611 307 709 727 931 554 412 780 402 876 368 545 169 565 0 336 574 445 671 614 236 296 814 588 969 144 669 978 610 349 789 447 341 696 882 299 86 910 504 563 911 799 316 479 641 88 855 938 264 242 516 150 381 306 145 
289 413 205 689 564 594 371 827 464 398 293 634 467 705 635 251 472 625 399 833 540 209 452 429 336 0 238 251 396 361 114 447 485 297 663 436 570 677 313 357 761 137 557 437 626 604 271 918 427 620 715 632 648 360 693 289 727 637 75 329 292 377 228 82 345 
469 483 442 626 718 748 518 888 640 273 149 871 403 791 468 173 636 620 549 893 740 29 684 484 574 238 0 314 284 315 343 650 270 218 479 670 622 501 193 524 838 158 769 356 516 836 505 1004 527 761 659 616 886 451 824 521 732 465 311 534 298 605 357 282 572 
527 663 376 906 803 832 617 1078 696 252 448 747 679 956 782 438 709 863 644 1084 749 291 605 677 445 251 314 0 237 576 244 657 579 490 793 583 820 815 210 597 1012 172 750 638 817 744 359 1169 678 862 936 867 750 611 938 362 969 779 255 546 72 550 479 191 524 
683 753 576 905 954 984 755 1166 859 21 430 976 685 1061 703 456 865 904 786 1171 935 282 820 758 671 396 284 237 0 599 445 842 473 502 695 800 900 725 94 749 1112 260 947 637 783 967 586 1275 788 1005 940 900 981 713 1075 592 1016 695 437 725 167 755 598 377 725 
361 221 474 331 510 537 341 585 477 588 176 849 106 506 328 144 456 305 368 589 603 319 648 207 614 361 315 576 599 0 461 533 315 97 378 644 325 378 507 375 544 405 654 82 271 785 584 710 287 531 360 302 872 225 575 606 417 339 419 447 585 565 240 443 535 
293 473 133 782 565 594 391 872 454 452 407 542 567 741 747 362 471 702 414 879 505 314 375 494 236 114 343 244 445 461 0 413 599 406 777 356 628 791 377 363 801 211 508 540 731 524 162 948 471 627 805 713 552 415 704 178 797 751 42 303 306 311 283 70 282 
185 362 284 726 205 224 200 593 100 845 615 349 596 452 858 548 138 581 183 602 93 628 180 391 296 447 650 657 842 533 413 0 817 557 911 198 444 908 760 159 513 584 123 606 762 269 353 620 301 272 731 607 382 321 348 367 628 871 408 118 718 146 313 472 153 
633 536 672 497 823 851 641 871 778 454 206 1092 333 811 233 272 761 562 671 873 896 299 894 522 814 485 270 579 473 315 599 817 0 261 222 886 627 252 408 665 842 428 940 286 347 1044 756 1005 601 846 534 545 1112 535 890 774 668 223 560 713 549 812 504 546 779 
374 293 445 417 567 596 380 679 517 491 82 847 190 593 344 52 501 402 410 683 635 223 646 286 588 297 218 490 502 97 406 557 261 0 381 641 415 390 410 404 634 318 680 148 332 792 546 800 351 597 448 398 869 280 649 567 514 350 364 457 494 563 245 376 532 
739 575 826 381 866 890 716 811 850 676 370 1223 328 788 64 417 826 501 741 811 978 504 1022 551 969 663 479 793 695 378 777 911 222 381 0 1017 611 36 630 753 803 633 1032 307 225 1163 924 953 644 873 416 475 1245 596 901 944 586 46 735 825 768 939 614 734 908 
289 520 231 889 402 418 359 791 296 808 680 206 728 650 971 616 334 754 354 800 245 643 26 550 144 436 670 583 800 644 356 198 886 641 1017 0 627 1020 733 310 711 562 206 725 900 168 227 814 470 468 898 778 228 468 542 232 814 981 372 207 652 80 404 426 109 
371 157 567 307 299 313 274 266 348 892 497 793 298 184 548 450 310 146 273 271 465 619 617 143 669 570 622 820 900 325 628 444 627 415 611 627 0 594 806 322 219 667 533 341 403 709 682 385 166 281 301 176 826 213 292 704 187 565 593 430 849 553 346 644 537 
739 566 835 352 856 879 711 785 845 706 386 1225 318 768 50 429 819 479 736 785 973 526 1024 541 978 677 501 815 725 378 791 908 252 390 36 1020 594 0 658 749 781 654 1027 302 199 1163 935 927 635 860 386 451 1248 591 885 956 560 40 749 825 794 941 616 750 911 
596 659 504 818 865 895 665 1072 772 88 341 917 596 968 633 363 776 811 696 1077 853 188 752 664 610 313 193 210 94 507 377 760 408 410 630 733 806 658 0 660 1018 176 869 548 701 901 528 1182 695 915 851 808 925 619 983 537 923 626 363 642 155 683 507 307 652 
70 210 265 579 207 237 49 525 116 748 468 495 439 387 699 401 116 444 54 533 231 506 303 240 349 357 524 597 749 375 363 159 665 404 753 310 322 749 660 0 449 489 279 447 605 422 372 589 160 265 588 468 525 164 341 393 509 712 342 108 647 233 169 406 215 
515 359 714 448 312 303 412 80 415 1105 716 833 510 62 739 668 379 302 395 89 491 833 693 354 789 761 838 1012 1112 544 801 513 842 634 803 711 219 781 1018 449 0 871 557 556 582 743 821 166 334 252 426 330 868 404 201 841 242 758 772 548 1050 650 533 829 645 
423 514 332 735 695 725 498 931 599 261 277 753 508 817 618 266 605 698 527 937 677 130 580 524 447 137 158 172 260 405 211 584 428 318 633 562 667 654 176 489 871 0 693 466 645 730 371 1031 540 748 765 701 763 467 819 384 807 616 190 466 183 509 344 142 477 
308 472 375 828 249 254 316 636 190 952 738 276 712 501 977 671 225 676 294 645 68 746 180 501 341 557 769 750 947 654 508 123 940 680 1032 206 533 1027 869 279 557 693 0 725 876 186 416 638 407 305 829 704 311 437 368 426 708 990 510 235 814 202 436 572 226 
439 271 556 271 564 589 409 586 543 624 207 927 50 525 252 200 519 283 434 588 671 366 727 250 696 437 356 638 637 82 540 606 286 148 307 725 341 302 548 447 556 466 725 0 191 863 666 719 340 577 303 271 953 289 614 688 393 265 498 525 641 645 321 518 616 
611 404 744 159 681 702 562 586 687 767 370 1099 173 571 162 383 657 280 582 586 815 532 900 376 882 626 516 817 783 271 731 762 347 332 225 900 403 199 701 605 582 645 876 191 0 1027 855 728 471 678 195 252 1126 441 695 877 361 181 689 696 811 820 502 707 793 
424 630 399 995 435 440 467 822 361 975 838 90 859 687 1113 773 399 849 452 831 254 810 152 660 299 604 836 744 967 785 524 269 1044 792 1163 168 709 1163 901 422 743 730 186 863 1027 0 385 819 570 491 1000 876 125 586 553 385 890 1124 540 338 815 233 550 594 266 
312 539 117 884 543 568 414 897 426 596 559 390 684 759 890 507 454 780 426 905 434 476 252 565 86 271 505 359 586 584 162 353 756 546 924 227 682 935 528 372 821 371 416 666 855 385 0 953 516 610 902 797 397 479 688 22 864 895 196 275 430 215 365 229 200 
657 523 853 583 415 396 557 142 531 1269 882 909 672 214 889 834 499 453 536 144 577 998 794 520 910 918 1004 1169 1275 710 948 620 1005 800 953 814 385 927 1182 589 166 1031 638 719 728 819 953 0 492 348 556 478 944 564 273 971 370 908 923 678 1208 765 691 982 765 
205 69 402 425 224 250 111 401 217 783 430 648 317 278 585 369 186 284 118 408 345 517 462 95 504 427 527 678 788 287 471 301 601 351 644 470 166 635 695 160 334 540 407 340 471 570 516 492 0 246 430 308 679 76 299 538 351 600 440 268 716 393 199 495 375 
335 310 518 587 67 51 250 331 184 1003 674 581 547 197 812 611 158 426 221 340 239 747 448 327 563 620 761 862 1005 531 627 272 846 597 873 468 281 860 915 265 252 748 305 577 678 491 610 348 246 0 579 456 616 317 78 627 428 828 607 337 912 417 408 671 418 
615 379 785 37 600 614 539 414 640 926 510 1078 258 431 355 500 604 155 548 412 762 669 891 349 911 715 659 936 940 360 805 731 534 448 416 898 301 386 851 588 426 765 829 303 195 1000 902 556 430 579 0 125 1109 434 576 924 186 374 764 692 942 819 537 797 797 
500 262 680 131 475 489 419 336 515 889 472 956 221 322 411 446 479 30 426 337 637 621 770 234 799 632 616 867 900 302 713 607 545 398 475 778 176 451 808 468 330 701 704 271 252 876 797 478 308 456 125 0 987 320 458 819 123 430 674 574 883 701 435 713 680 
515 735 445 1103 559 565 572 947 478 992 906 35 954 812 1199 844 516 962 561 956 378 857 226 765 316 648 886 750 981 872 552 382 1112 869 1245 228 826 1248 925 525 868 763 311 953 1126 125 397 944 679 616 1109 987 0 688 678 389 1007 1209 578 430 822 308 632 622 337 
181 60 362 421 288 316 121 467 254 707 357 659 275 350 541 294 231 301 145 473 382 441 464 86 479 360 451 611 713 225 415 321 535 280 596 468 213 591 619 164 404 467 437 289 441 586 479 564 76 317 434 320 688 0 374 501 386 554 380 261 646 388 133 431 364 
411 356 596 589 145 124 322 275 262 1071 729 643 579 158 838 668 236 428 294 284 306 812 521 368 641 693 824 938 1075 575 704 348 890 649 901 542 292 885 983 341 201 819 368 614 695 553 688 273 299 78 576 458 678 374 0 705 410 855 683 415 985 494 477 747 496 
334 561 139 906 560 585 435 918 443 603 578 385 706 779 911 527 472 802 447 926 446 492 257 587 88 289 521 362 592 606 178 367 774 567 944 232 704 956 537 393 841 384 426 688 877 385 22 971 538 627 924 819 389 501 705 0 886 916 214 294 434 227 387 242 214 
555 326 748 213 465 471 461 228 529 1005 590 974 343 256 523 560 491 112 460 226 640 735 803 303 855 727 732 969 1016 417 797 628 668 514 586 814 187 560 923 509 242 807 708 393 361 890 864 370 351 428 186 123 1007 386 410 886 0 542 760 617 990 740 514 805 724 
700 531 795 338 821 845 674 766 808 677 346 1186 283 742 19 389 783 456 699 766 936 489 985 506 938 637 465 779 695 339 751 871 223 350 46 981 565 40 626 712 758 616 990 265 181 1124 895 908 600 828 374 430 1209 554 855 916 542 0 709 786 759 902 577 710 872 
272 437 142 740 548 577 367 841 441 442 367 566 525 713 705 320 454 663 391 848 501 282 390 458 264 75 311 255 437 419 42 408 560 364 735 372 593 749 363 342 772 190 510 498 689 540 196 923 440 607 764 674 578 380 683 214 760 709 0 294 310 320 247 64 289 
86 313 182 682 271 298 157 626 155 727 509 403 524 486 775 442 179 552 160 635 211 511 204 343 242 329 534 546 725 447 303 118 713 457 825 207 430 825 642 108 548 466 235 525 696 338 275 678 268 337 692 574 430 261 415 294 617 786 294 0 604 127 212 358 107 
578 695 439 911 854 884 663 1112 750 182 441 819 684 994 763 443 761 881 691 1118 811 279 674 706 516 292 298 72 167 585 306 718 549 494 768 652 849 794 155 647 1050 183 814 641 811 815 430 1208 716 912 942 883 822 646 985 434 990 759 310 604 0 616 518 246 588 
209 440 179 809 350 370 282 729 236 761 606 284 648 588 892 541 271 677 280 738 219 579 83 470 150 377 605 550 755 565 311 146 812 563 939 80 553 941 683 233 650 509 202 645 820 233 215 765 393 417 819 701 308 388 494 227 740 902 320 127 616 0 325 378 33 
129 190 248 519 361 391 161 599 285 595 302 609 329 477 567 235 279 422 192 606 396 341 408 211 381 228 357 479 598 240 283 313 504 245 614 404 346 616 507 169 533 344 436 321 502 550 365 691 199 408 537 435 632 133 477 387 514 577 247 212 518 325 0 298 295 
336 488 199 771 612 641 428 896 505 383 364 612 549 771 709 328 518 705 453 903 565 253 445 505 306 82 282 191 377 443 70 472 546 376 734 426 644 750 307 406 829 142 572 518 707 594 229 982 495 671 797 713 622 431 747 242 805 710 64 358 246 378 298 0 348 
184 419 149 785 351 373 264 724 234 731 573 315 620 583 862 509 267 659 265 733 235 546 115 448 145 345 572 524 725 535 282 153 779 532 908 109 537 911 652 215 645 477 226 616 793 266 200 765 375 418 797 680 337 364 496 214 724 872 289 107 588 33 295 348 0 
54
87
32
27
30
56
16
97
15
48
28
94
43
95
86
86
2
92
31
15
59
58
56
56
56
7
51
85
42
25
83
10
55
26
92
53
41
1
1
54
40
100
98
42
24
4
96
3
20
59
50
74
2
96
51
41
80
54
79
70
67
56
42
31
