40
0 941 739 337 328 773 1043 473 509 642 854 749 976 241 934 800 324 32 700 560 606 686 631 514 199 895 105 875 656 773 756 804 300 771 529 696 1123 641 755 543 
941 0 548 747 749 649 106 471 648 340 459 478 42 700 160 674 624 953 453 687 437 788 349 684 941 112 891 334 286 169 189 139 711 246 679 255 182 396 241 865 
739 548 0 412 761 105 635 409 793 297 145 70 588 572 670 136 562 731 752 215 212 1017 562 248 624 603 644 771 407 487 494 453 691 309 835 501 674 219 583 377 
337 747 412 0 477 436 853 310 595 408 539 433 788 258 796 463 311 325 685 223 330 822 536 177 217 739 236 804 473 601 592 610 409 526 633 552 920 372 634 249 
328 749 761 477 0 833 841 367 184 543 831 740 776 219 696 867 199 358 402 660 565 367 401 615 480 674 369 593 500 582 561 631 71 657 201 495 925 583 522 726 
773 649 105 436 833 0 733 495 879 399 214 172 688 632 773 34 634 761 852 214 307 1107 662 259 634 706 672 876 509 592 599 557 762 412 921 605 767 319 688 337 
1043 106 635 853 841 733 0 576 727 445 532 565 67 802 182 756 725 1056 516 786 540 848 440 787 1047 171 996 364 391 270 288 245 807 345 755 352 84 499 322 966 
473 471 409 310 367 495 576 0 384 181 464 377 509 237 492 529 181 482 393 374 201 612 227 342 476 442 420 494 185 309 296 333 304 307 426 246 653 216 324 511 
509 648 793 595 184 879 727 384 0 526 831 756 667 349 563 913 284 538 236 739 582 231 307 699 644 556 538 432 450 494 472 551 215 616 42 410 811 587 407 840 
642 340 297 408 543 399 445 181 526 0 305 244 382 414 414 433 362 647 455 364 108 738 265 353 610 351 575 483 110 216 215 207 483 129 568 207 512 80 293 536 
854 459 145 539 831 214 532 464 831 305 0 106 495 664 601 230 636 850 748 359 266 1043 562 388 756 535 764 730 399 442 454 395 764 254 873 481 559 248 551 522 
749 478 70 433 740 172 565 377 756 244 106 0 518 564 601 201 543 744 699 261 176 975 509 285 650 534 658 708 350 422 430 385 672 240 798 442 606 170 522 433 
976 42 588 788 776 688 67 509 667 382 495 518 0 735 147 713 658 989 464 729 479 799 375 726 980 116 929 328 324 203 221 178 741 288 697 285 149 438 260 907 
241 700 572 258 219 632 802 237 349 414 664 564 735 0 695 664 88 256 489 446 400 569 394 399 306 654 215 647 417 532 515 564 151 542 383 455 882 428 515 507 
934 160 670 796 696 773 182 492 563 414 601 601 147 695 0 802 610 951 340 778 522 668 305 767 967 67 902 183 323 199 204 218 671 361 587 246 260 487 180 950 
800 674 136 463 867 34 756 529 913 433 230 201 713 664 802 0 668 788 886 240 341 1141 696 286 658 735 699 907 543 623 630 586 796 441 955 637 787 353 719 347 
324 624 562 311 199 634 725 181 284 362 636 543 658 88 610 668 0 341 402 468 370 513 307 424 392 572 303 559 347 455 437 492 129 486 322 374 806 392 431 556 
32 953 731 325 358 761 1056 482 538 647 850 744 989 256 951 788 341 0 724 548 606 718 648 502 171 910 89 896 667 787 770 815 326 776 559 711 1135 642 771 520 
700 453 752 685 402 852 516 393 236 455 748 699 464 489 340 886 402 724 0 765 546 335 190 735 794 348 702 196 350 332 312 391 403 500 253 268 598 533 221 904 
560 687 215 223 660 214 786 374 739 364 359 261 729 446 778 240 468 548 765 0 256 970 585 47 420 713 459 836 465 580 578 564 589 441 781 560 839 292 647 180 
606 437 212 330 565 307 540 201 582 108 266 176 479 400 522 341 370 606 546 256 0 805 357 248 543 457 526 589 215 324 323 310 498 199 624 312 601 42 399 431 
686 788 1017 822 367 1107 848 612 231 738 1043 975 799 569 668 1141 513 718 335 970 805 0 489 930 847 683 736 497 648 661 640 720 422 812 191 586 928 805 555 1069 
631 349 562 536 401 662 440 227 307 265 562 509 375 394 305 696 307 648 190 585 357 489 0 559 681 274 605 268 163 188 166 244 369 323 343 103 524 343 125 735 
514 684 248 177 615 259 787 342 699 353 388 285 726 399 767 286 424 502 735 47 248 930 559 0 379 704 413 816 449 568 565 558 544 442 740 542 844 288 629 183 
199 941 624 217 480 634 1047 476 644 610 756 650 980 306 967 658 392 171 794 420 543 847 681 379 0 918 112 945 657 785 772 802 430 733 672 721 1120 584 795 359 
895 112 603 739 674 706 171 442 556 351 535 534 116 654 67 735 572 910 348 713 457 683 274 704 918 0 857 222 266 138 147 151 643 294 584 199 255 422 152 887 
105 891 644 236 369 672 996 420 538 575 764 658 929 215 902 699 303 89 702 459 526 736 605 413 112 857 0 862 605 729 714 753 323 703 564 658 1073 564 725 438 
875 334 771 804 593 876 364 494 432 483 730 708 328 647 183 907 559 896 196 836 589 497 268 816 945 222 862 0 374 288 278 335 586 476 448 277 438 563 190 996 
656 286 407 473 500 509 391 185 450 110 399 350 324 417 323 543 347 667 350 465 215 648 163 449 657 266 605 374 0 128 119 148 449 166 490 97 468 190 184 632 
773 169 487 601 582 592 270 309 494 216 442 422 203 532 199 623 455 787 332 580 324 661 188 568 785 138 729 288 128 0 22 59 542 188 530 87 351 291 114 751 
756 189 494 592 561 599 288 296 472 215 454 430 221 515 204 630 437 770 312 578 323 640 166 565 772 147 714 278 119 22 0 80 522 200 508 66 370 292 97 748 
804 139 453 610 631 557 245 333 551 207 395 385 178 564 218 586 492 815 391 564 310 720 244 558 802 151 753 335 148 59 80 0 586 145 587 141 320 272 172 741 
300 711 691 409 71 762 807 304 215 483 764 672 741 151 671 796 129 326 403 589 498 422 369 544 430 643 323 586 449 542 522 586 0 601 242 456 890 518 493 658 
771 246 309 526 657 412 345 307 616 129 254 240 288 542 361 441 486 776 500 441 199 812 323 442 733 294 703 476 166 188 200 145 601 0 656 232 402 157 297 621 
529 679 835 633 201 921 755 426 42 568 873 798 697 383 587 955 322 559 253 781 624 191 343 740 672 584 564 448 490 530 508 587 242 656 0 446 839 629 438 878 
696 255 501 552 495 605 352 246 410 207 481 442 285 455 246 637 374 711 268 560 312 586 103 542 721 199 658 277 97 87 66 141 456 232 446 0 434 287 87 724 
1123 182 674 920 925 767 84 653 811 512 559 606 149 882 260 787 806 1135 598 839 601 928 524 844 1120 255 1073 438 468 351 370 320 890 402 839 434 0 559 406 1019 
641 396 219 372 583 319 499 216 587 80 248 170 438 428 487 353 392 642 533 292 42 805 343 288 584 422 564 563 190 291 292 272 518 157 629 287 559 0 373 469 
755 241 583 634 522 688 322 324 407 293 551 522 260 515 180 719 431 771 221 647 399 555 125 629 795 152 725 190 184 114 97 172 493 297 438 87 406 373 0 811 
543 865 377 249 726 337 966 511 840 536 522 433 907 507 950 347 556 520 904 180 431 1069 735 183 359 887 438 996 632 751 748 741 658 621 878 724 1019 469 811 0 
76
45
81
48
80
40
81
59
29
39
84
1
20
28
57
57
27
93
26
47
64
83
9
70
79
10
85
55
97
92
82
6
89
96
51
97
50
96
64
