12
0 340 902 919 568 570 931 998 568 566 268 497 
340 0 582 581 437 350 701 659 345 355 90 277 
902 582 0 158 540 696 374 231 406 423 636 448 
919 581 158 0 649 611 532 92 499 520 652 523 
568 437 540 649 0 770 389 741 157 135 401 180 
570 350 696 611 770 0 949 650 645 662 426 593 
931 701 374 532 389 949 0 602 368 367 708 440 
998 659 231 92 741 650 602 0 591 612 733 614 
568 345 406 499 157 645 368 591 0 22 340 72 
566 355 423 520 135 662 367 612 22 0 346 78 
268 90 636 652 401 426 708 733 340 346 0 268 
497 277 448 523 180 593 440 614 72 78 268 0 
94
30
86
74
47
20
12
37
17
91
76
