15
0 238 201 603 276 306 103 589 176 683 430 488 439 454 690 
238 0 422 369 293 318 163 417 283 747 374 706 248 309 516 
201 422 0 768 453 480 304 790 337 583 469 429 572 654 788 
603 369 768 0 606 621 531 441 638 891 477 1074 227 449 319 
276 293 453 606 0 30 201 392 117 953 642 525 538 253 806 
306 318 480 621 30 0 231 383 143 983 671 531 562 247 830 
103 163 304 531 201 231 0 486 137 754 450 543 397 351 662 
589 417 790 441 392 383 486 0 495 1159 761 914 538 141 748 
176 283 337 638 117 143 137 495 0 859 584 445 528 354 795 
683 747 583 891 953 983 754 1159 859 0 418 986 673 1055 685 
430 374 469 477 642 671 450 761 584 418 0 886 255 675 345 
488 706 429 1074 525 531 543 914 445 986 886 0 927 778 1177 
439 248 572 227 538 562 397 538 528 673 255 927 0 482 268 
454 309 654 449 253 247 351 141 354 1055 675 778 482 0 724 
690 516 788 319 806 830 662 748 795 685 345 1177 268 724 0 
100
64
40
99
89
76
39
88
32
42
2
96
42
75
