30
0 479 468 297 365 238 478 450 40 361 637 93 260 258 327 158 420 355 384 631 161 527 671 532 381 378 548 596 274 355 
479 0 530 246 844 402 210 614 444 552 662 507 271 727 782 380 139 559 198 224 566 995 759 53 335 852 914 1009 742 733 
468 530 0 322 715 635 689 889 439 140 171 394 552 669 750 331 391 797 333 754 629 730 237 562 706 752 492 628 686 820 
297 246 322 0 653 354 370 610 257 312 480 289 243 554 624 154 135 528 88 458 433 772 559 292 391 671 668 767 571 626 
365 844 715 653 0 520 815 589 403 575 855 367 603 132 144 500 783 517 741 978 315 239 843 897 677 50 484 433 126 317 
238 402 635 354 520 0 302 257 236 560 806 327 133 388 419 308 418 175 416 472 205 728 862 450 158 511 786 828 398 335 
478 210 689 370 815 302 0 446 455 675 839 540 218 685 721 446 323 415 366 170 504 1004 926 229 170 809 994 1065 696 630 
450 614 889 610 589 257 446 0 464 803 1060 543 375 467 450 558 661 95 667 603 325 825 1110 652 282 558 968 979 467 287 
40 444 439 257 403 236 455 464 0 339 609 92 238 297 367 120 381 369 344 602 193 557 649 497 369 417 556 613 314 389 
361 552 140 312 575 560 675 803 339 0 287 275 503 536 617 254 420 708 358 770 517 593 310 593 658 614 385 510 553 702 
637 662 171 480 855 806 839 1060 609 287 0 558 718 823 904 502 524 968 473 885 797 835 113 685 871 896 545 690 840 985 
93 507 394 289 367 327 540 543 92 275 558 0 326 286 365 135 423 448 376 681 242 488 585 559 461 392 464 525 303 427 
260 271 552 243 603 133 218 375 238 503 718 326 0 477 522 253 287 303 292 375 303 786 787 320 155 603 787 851 490 462 
258 727 669 554 132 388 685 467 297 536 823 286 477 0 81 408 678 390 641 851 183 359 829 780 545 126 541 521 17 218 
327 782 750 624 144 419 721 450 367 617 904 365 522 81 0 481 743 384 711 890 219 383 910 835 571 108 605 571 65 173 
158 380 331 154 500 308 446 558 120 254 502 135 253 408 481 0 288 466 242 570 313 619 554 431 406 521 549 632 425 509 
420 139 391 135 783 418 323 661 381 420 524 423 287 678 743 288 0 590 62 363 540 907 620 173 403 798 793 898 694 726 
355 559 797 528 517 175 415 95 369 708 968 448 303 390 384 466 590 0 591 582 235 749 1017 603 245 491 878 892 392 240 
384 198 333 88 741 416 366 667 344 358 473 376 292 641 711 242 62 591 0 422 516 855 565 235 425 759 732 838 658 707 
631 224 754 458 978 472 170 603 602 770 885 681 375 851 890 570 363 582 422 0 672 1158 983 201 337 976 1118 1202 863 800 
161 566 629 433 315 205 504 325 193 517 797 242 303 183 219 313 540 235 516 672 0 531 827 618 362 306 643 659 193 196 
527 995 730 772 239 728 1004 825 557 593 835 488 786 359 383 619 907 749 855 1158 531 0 792 1047 885 280 341 235 358 556 
671 759 237 559 843 862 926 1110 649 310 113 585 787 829 910 554 620 1017 565 983 827 792 0 785 942 888 478 624 845 1009 
532 53 562 292 897 450 229 652 497 593 685 559 320 780 835 431 173 603 235 201 618 1047 785 0 371 905 960 1058 795 782 
381 335 706 391 677 158 170 282 369 658 871 461 155 545 571 406 403 245 425 337 362 885 942 371 0 667 925 977 555 465 
378 852 752 671 50 511 809 558 417 614 896 392 603 126 108 521 798 491 759 976 306 280 888 905 667 0 534 482 113 279 
548 914 492 668 484 786 994 968 556 385 545 464 787 541 605 549 793 878 732 1118 643 341 478 960 925 534 0 146 550 759 
596 1009 628 767 433 828 1065 979 613 510 690 525 851 521 571 632 898 892 838 1202 659 235 624 1058 977 482 146 0 527 738 
274 742 686 571 126 398 696 467 314 553 840 303 490 17 65 425 694 392 658 863 193 358 845 795 555 113 550 527 0 211 
355 733 820 626 317 335 630 287 389 702 985 427 462 218 173 509 726 240 707 800 196 556 1009 782 465 279 759 738 211 0 
11
93
95
9
23
14
4
14
45
48
14
97
23
96
25
80
41
3
70
89
56
19
51
60
2
50
16
64
97
