80
0 63 42 44 81 42 66 32 53 30 53 77 72 42 55 85 21 59 69 80 69 74 52 76 31 65 21 28 70 72 75 43 81 21 75 43 66 48 75 76 66 45 77 73 97 22 40 72 64 30 22 37 64 49 88 73 73 13 57 13 23 46 75 20 79 45 35 39 71 78 44 79 36 34 74 11 46 43 71 33 
63 0 26 59 38 30 34 56 36 42 32 39 9 55 33 26 50 10 26 20 57 24 31 35 39 2 42 38 41 34 12 21 18 47 34 20 52 18 35 25 26 61 16 22 39 42 32 33 41 39 42 48 34 18 27 38 32 50 26 53 60 60 22 46 18 50 30 32 34 41 29 18 49 40 46 52 37 52 30 41 
42 26 0 52 57 26 28 45 20 16 38 57 35 48 39 52 26 18 43 38 63 45 15 53 27 28 23 14 54 32 37 8 41 23 34 13 58 20 34 47 25 54 42 44 65 25 27 50 50 26 20 40 26 22 53 54 50 30 16 35 44 54 33 29 44 47 18 6 50 59 6 38 40 30 59 32 36 46 47 31 
44 59 52 0 53 29 79 12 71 55 30 47 64 4 30 69 53 60 47 78 28 54 67 49 25 59 36 47 38 83 69 46 75 50 85 43 26 41 85 57 75 2 66 55 77 33 27 45 31 26 43 12 77 41 73 43 47 38 67 33 21 2 78 31 67 9 34 54 44 48 57 77 12 22 40 39 22 7 47 21 
81 38 57 53 0 40 72 57 74 71 28 7 34 50 26 22 77 48 14 51 35 14 69 5 50 36 62 65 16 71 38 50 42 73 71 45 32 38 72 14 64 54 28 16 25 60 41 9 22 51 66 49 72 36 26 10 8 69 64 68 65 53 58 61 27 45 48 63 10 7 63 48 50 47 17 71 36 47 11 48 
42 30 26 29 40 0 52 26 46 36 13 37 37 25 15 46 39 31 27 49 37 33 41 35 11 31 22 28 30 54 42 19 48 35 56 14 32 12 56 35 46 31 40 32 56 20 2 31 26 12 28 18 50 12 49 33 32 29 40 30 30 30 49 22 41 22 10 31 30 38 32 48 19 10 35 31 10 22 29 11 
66 34 28 79 72 52 0 72 13 36 61 73 40 75 63 58 46 25 59 29 87 58 14 69 54 36 49 39 74 6 38 33 38 45 9 38 82 42 9 59 8 81 48 56 69 52 53 66 73 54 45 67 2 44 57 71 66 55 12 61 71 81 19 55 50 73 45 28 67 75 23 32 67 57 79 57 62 73 63 58 
32 56 45 12 57 26 72 0 63 44 29 52 63 10 31 68 41 55 47 75 38 53 60 52 18 57 25 36 43 76 68 39 74 38 78 37 34 38 78 56 68 13 65 54 77 22 24 48 36 19 32 8 70 38 72 48 49 26 60 21 9 14 73 19 66 13 27 46 47 53 50 74 7 16 46 27 21 11 47 15 
53 36 20 71 74 46 13 63 0 23 57 74 43 67 58 61 33 26 60 38 83 60 5 70 46 38 39 28 72 19 43 27 45 32 22 32 78 38 22 61 16 73 51 58 74 41 47 67 69 45 34 59 11 40 62 71 67 44 10 50 61 73 28 45 53 67 38 17 67 76 14 40 60 50 77 45 56 66 64 50 
30 42 16 55 71 36 36 44 23 0 49 70 51 51 51 68 10 34 57 53 73 60 22 66 30 44 19 8 66 42 53 22 57 9 45 26 68 33 45 62 36 57 58 59 81 22 36 63 62 29 12 43 34 35 69 67 63 21 27 27 40 57 46 25 60 51 26 10 63 72 15 54 44 35 71 22 45 50 60 34 
53 32 38 30 28 13 61 29 57 49 0 24 36 26 2 39 51 37 18 52 26 24 52 23 22 32 34 41 17 62 41 30 47 47 64 25 21 19 64 27 54 32 36 25 48 32 13 19 13 23 40 21 59 17 43 20 20 41 49 40 37 31 54 33 37 21 23 43 18 25 44 50 22 19 22 43 8 23 18 20 
77 39 57 47 7 37 73 52 74 70 24 0 37 44 22 28 75 48 14 54 28 17 69 5 46 38 58 63 9 73 41 49 46 71 73 44 25 37 74 18 65 48 32 19 32 56 37 7 16 47 64 45 72 35 32 4 7 65 64 64 61 47 61 57 31 39 46 63 7 2 63 51 46 43 10 67 32 41 10 44 
72 9 35 64 34 37 40 63 43 51 36 37 0 60 36 18 59 18 24 17 59 20 39 32 46 7 51 47 40 38 5 30 11 56 37 29 54 25 38 20 32 66 8 18 31 51 39 31 43 46 51 55 40 25 19 36 30 59 33 62 67 65 24 55 10 55 38 41 32 38 38 14 56 47 44 61 42 57 28 48 
42 55 48 4 50 25 75 10 67 51 26 44 60 0 26 65 49 56 43 74 28 50 63 46 21 55 32 43 35 79 65 42 71 46 81 39 25 37 81 53 71 6 62 51 73 29 23 42 28 22 39 8 73 37 69 40 44 35 63 31 19 6 74 27 63 5 30 50 41 45 53 73 8 18 38 37 18 3 43 17 
55 33 39 30 26 15 63 31 58 51 2 22 36 26 0 39 53 39 17 53 25 24 53 21 24 33 36 43 15 64 41 31 47 49 66 26 20 21 66 27 56 32 36 25 47 34 15 17 11 25 42 23 61 19 43 18 19 43 51 42 39 31 55 35 37 21 25 45 17 23 45 50 24 21 20 45 10 23 17 22 
85 26 52 69 22 46 58 68 61 68 39 28 18 65 39 0 75 36 22 31 54 15 57 24 56 24 64 63 34 56 20 46 21 72 55 43 50 37 56 12 50 71 10 14 13 63 47 25 40 57 67 60 58 36 4 30 24 72 51 74 75 70 41 67 8 60 50 58 26 29 55 28 61 55 38 74 47 62 23 56 
21 50 26 53 77 39 46 41 33 10 51 75 59 49 53 75 0 44 63 63 75 66 32 72 31 52 18 12 68 52 62 29 67 4 55 32 70 39 55 68 46 54 66 65 88 21 38 68 64 30 11 42 44 41 77 71 69 16 37 21 34 55 56 22 68 51 29 20 68 76 25 64 42 36 73 15 47 49 66 35 
59 10 18 60 48 31 25 55 26 34 37 48 18 56 39 36 44 0 34 21 63 34 21 44 37 12 39 32 49 25 19 17 23 41 27 18 58 19 27 35 17 62 26 32 49 40 33 41 48 37 37 49 24 20 37 46 41 46 16 51 58 61 18 44 28 53 28 24 42 50 20 20 49 39 54 48 40 53 38 40 
69 26 43 47 14 27 59 47 60 57 18 14 24 43 17 22 63 34 0 41 35 7 55 10 38 24 49 51 16 59 29 36 35 60 59 31 30 24 60 10 51 49 21 8 31 47 29 7 19 39 53 39 58 22 26 12 7 56 50 57 55 48 47 49 21 38 35 49 8 16 49 38 40 36 20 58 26 40 4 37 
80 20 38 78 51 49 29 75 38 53 52 54 17 74 53 31 63 21 41 0 76 37 36 49 58 20 60 52 57 25 13 38 10 61 24 39 71 37 25 37 22 80 23 35 42 61 51 48 60 58 58 67 30 38 30 53 47 67 29 72 79 79 10 65 24 70 49 43 49 55 39 3 68 59 61 69 57 71 45 60 
69 57 63 28 35 37 87 38 83 73 26 28 59 28 25 54 75 63 35 76 0 40 78 31 44 57 57 65 20 88 64 56 69 71 90 51 5 45 90 43 80 28 55 42 60 54 37 29 16 45 64 33 85 43 58 25 31 61 75 57 47 27 79 53 55 25 47 68 28 28 69 73 33 39 18 63 28 27 32 40 
74 24 45 54 14 33 58 53 60 60 24 17 20 50 24 15 66 34 7 37 40 0 55 12 43 22 53 54 20 57 24 38 29 63 57 34 36 27 58 3 50 56 15 2 24 52 34 11 25 44 57 45 58 25 19 16 10 61 50 62 61 55 44 54 15 45 39 51 12 18 50 34 46 42 24 63 32 47 8 43 
52 31 15 67 69 41 14 60 5 22 52 69 39 63 53 57 32 21 55 36 78 55 0 65 42 33 36 25 67 20 40 22 42 31 23 27 73 33 23 56 14 69 47 53 70 38 42 62 64 41 31 55 12 35 58 66 62 41 7 47 58 69 26 42 49 62 33 14 62 71 10 37 55 45 72 43 51 61 59 46 
76 35 53 49 5 35 69 52 70 66 23 5 32 46 21 24 72 44 10 49 31 12 65 0 45 33 57 60 12 68 36 45 41 68 68 40 28 33 69 13 61 50 27 14 29 55 36 4 18 46 61 44 68 31 28 6 3 64 60 63 60 49 56 56 26 41 43 59 5 6 59 46 45 42 14 66 31 43 6 43 
31 39 27 25 50 11 54 18 46 30 22 46 46 21 24 56 31 37 38 58 44 43 42 45 0 40 13 22 39 58 51 21 57 27 60 19 39 21 60 46 50 27 50 43 67 10 9 41 34 1 20 13 52 21 60 42 42 19 42 19 21 27 55 11 51 21 9 29 40 47 32 57 14 5 44 21 16 20 40 4 
65 2 28 59 36 31 36 57 38 44 32 38 7 55 33 24 52 12 24 20 57 22 33 33 40 0 44 40 40 35 11 23 17 49 35 22 52 19 36 23 28 61 14 20 37 44 33 31 41 40 44 49 36 19 25 36 31 52 28 55 61 60 23 48 16 50 31 34 32 39 31 18 50 41 44 54 37 52 28 42 
21 42 23 36 62 22 49 25 39 19 34 58 51 32 36 64 18 39 49 60 57 53 36 57 13 44 0 12 51 54 54 22 60 14 57 22 52 27 57 55 48 38 56 52 76 3 21 53 47 12 7 24 47 28 67 54 54 8 39 12 22 38 56 6 58 33 14 22 52 59 26 59 25 18 56 10 29 31 51 17 
28 38 14 47 65 28 39 36 28 8 41 63 47 43 43 63 12 32 51 52 65 54 25 60 22 40 12 0 58 44 50 17 55 9 47 20 60 27 47 56 38 49 54 53 76 14 28 57 54 21 6 35 37 29 65 60 57 16 29 22 34 49 47 18 56 43 18 11 56 65 16 52 36 27 63 18 37 42 54 26 
70 41 54 38 16 30 74 43 72 66 17 9 40 35 15 34 68 49 16 57 20 20 67 12 39 40 51 58 0 74 44 46 49 64 75 41 16 34 76 23 66 39 35 22 41 49 30 9 7 40 57 36 73 32 38 6 11 58 63 57 52 38 63 50 35 30 40 60 8 10 60 54 37 36 5 60 24 32 12 37 
72 34 32 83 71 54 6 76 19 42 62 73 38 79 64 56 52 25 59 25 88 57 20 68 58 35 54 44 74 0 36 37 35 51 3 40 83 44 3 58 8 85 46 55 67 57 56 66 73 58 50 71 8 45 55 71 66 60 16 66 76 84 15 60 48 76 49 33 67 74 28 28 71 61 79 62 64 76 63 62 
75 12 37 69 38 42 38 68 43 53 41 41 5 65 41 20 62 19 29 13 64 24 40 36 51 11 54 50 44 36 0 33 6 59 35 32 59 30 36 24 30 71 10 22 31 54 44 35 48 51 54 60 38 30 19 40 34 62 33 65 72 70 21 58 12 60 42 43 36 42 39 10 61 52 48 64 47 62 32 53 
43 21 8 46 50 19 33 39 27 22 30 49 30 42 31 46 29 17 36 38 56 38 22 45 21 23 22 17 46 37 33 0 39 26 39 5 51 12 39 40 29 48 37 37 59 23 20 42 42 21 21 34 31 14 48 46 42 30 21 34 41 48 34 27 39 40 12 14 42 51 14 37 34 24 51 32 29 40 39 25 
81 18 41 75 42 48 38 74 45 57 47 46 11 71 47 21 67 23 35 10 69 29 42 41 57 17 60 55 49 35 6 39 0 64 34 38 64 36 35 28 31 77 14 27 32 60 50 40 53 57 60 66 39 36 20 45 39 68 35 71 78 76 20 64 15 66 48 47 41 47 43 7 67 58 53 70 53 68 37 59 
21 47 23 50 73 35 45 38 32 9 47 71 56 46 49 72 4 41 60 61 71 63 31 68 27 49 14 9 64 51 59 26 64 0 54 29 66 36 54 65 45 51 63 62 85 17 34 64 60 26 7 38 43 38 74 67 65 13 36 19 32 52 54 19 65 47 25 18 64 72 23 61 39 32 69 13 43 45 63 31 
75 34 34 85 71 56 9 78 22 45 64 73 37 81 66 55 55 27 59 24 90 57 23 68 60 35 57 47 75 3 35 39 34 54 0 42 85 45 1 57 10 87 45 55 66 59 58 66 75 60 53 73 11 47 54 71 66 63 18 69 78 86 14 63 47 78 51 36 67 74 31 27 73 63 79 65 66 78 63 64 
43 20 13 43 45 14 38 37 32 26 25 44 29 39 26 43 32 18 31 39 51 34 27 40 19 22 22 20 41 40 32 5 38 29 42 0 46 7 42 36 32 45 35 33 56 22 16 37 37 19 24 31 36 9 46 41 37 30 26 33 40 44 36 26 37 36 10 19 37 46 19 38 31 21 46 32 24 36 34 22 
66 52 58 26 32 32 82 34 78 68 21 25 54 25 20 50 70 58 30 71 5 36 73 28 39 52 52 60 16 83 59 51 64 66 85 46 0 40 85 39 75 27 51 38 57 49 32 25 11 40 59 29 80 38 54 22 27 56 70 53 43 26 74 48 51 21 42 63 24 25 64 68 30 34 15 58 23 23 28 35 
48 18 20 41 38 12 42 38 38 33 19 37 25 37 21 37 39 19 24 37 45 27 33 33 21 19 27 27 34 44 30 12 36 36 45 7 40 0 46 29 36 43 29 26 50 26 14 30 31 21 30 30 40 2 40 34 30 35 30 37 42 42 37 30 31 34 13 26 30 39 26 36 31 22 39 37 21 34 27 23 
75 35 34 85 72 56 9 78 22 45 64 74 38 81 66 56 55 27 60 25 90 58 23 69 60 36 57 47 76 3 36 39 35 54 1 42 85 46 0 58 10 87 46 56 67 59 58 67 75 60 53 73 11 47 55 72 67 63 18 69 78 86 15 63 48 78 51 36 68 75 31 28 73 63 80 65 66 78 64 64 
76 25 47 57 14 35 59 56 61 62 27 18 20 53 27 12 68 35 10 37 43 3 56 13 46 23 55 56 23 58 24 40 28 65 57 36 39 29 58 0 51 59 14 3 21 54 37 14 28 47 59 48 59 27 16 18 12 63 51 65 64 58 44 57 13 48 41 53 15 19 52 34 49 45 26 65 35 50 11 46 
66 26 25 75 64 46 8 68 16 36 54 65 32 71 56 50 46 17 51 22 80 50 14 61 50 28 48 38 66 8 30 29 31 45 10 32 75 36 10 51 0 77 40 48 61 50 48 58 65 50 44 63 8 37 49 63 58 54 9 60 69 76 12 54 42 68 41 27 59 67 22 25 63 53 71 56 56 68 55 54 
45 61 54 2 54 31 81 13 73 57 32 48 66 6 32 71 54 62 49 80 28 56 69 50 27 61 38 49 39 85 71 48 77 51 87 45 27 43 87 59 77 0 68 57 78 35 29 47 32 28 45 14 79 43 75 44 49 39 69 34 22 1 80 32 69 11 36 56 46 49 59 79 14 24 41 40 24 9 48 23 
77 16 42 66 28 40 48 65 51 58 36 32 8 62 36 10 66 26 21 23 55 15 47 27 50 14 56 54 35 46 10 37 14 63 45 35 51 29 46 14 40 68 0 13 23 55 41 26 40 50 58 57 48 29 11 31 25 64 41 66 69 67 31 59 2 57 42 48 27 33 45 20 58 49 39 66 44 59 23 50 
73 22 44 55 16 32 56 54 58 59 25 19 18 51 25 14 65 32 8 35 42 2 53 14 43 20 52 53 22 55 22 37 27 62 55 33 38 26 56 3 48 57 13 0 24 51 34 13 27 44 56 46 56 24 18 18 12 60 48 62 62 56 42 54 13 46 38 50 14 20 49 32 47 42 26 62 33 48 10 43 
97 39 65 77 25 56 69 77 74 81 48 32 31 73 47 13 88 49 31 42 60 24 70 29 67 37 76 76 41 67 31 59 32 85 66 56 57 50 67 21 61 78 23 24 0 75 58 32 47 68 80 69 69 48 12 35 30 84 64 86 85 77 52 78 21 68 62 71 33 32 68 39 70 66 42 86 56 70 30 67 
22 42 25 33 60 20 52 22 41 22 32 56 51 29 34 63 21 40 47 61 54 52 38 55 10 44 3 14 49 57 54 23 60 17 59 22 49 26 59 54 50 35 55 51 75 0 19 51 44 9 10 21 50 27 66 52 52 9 41 11 20 35 57 4 57 30 13 24 50 57 29 60 22 15 54 11 26 28 49 14 
40 32 27 27 41 2 53 24 47 36 13 37 39 23 15 47 38 33 29 51 37 34 42 36 9 33 21 28 30 56 44 20 50 34 58 16 32 14 58 37 48 29 41 34 58 19 0 32 26 10 27 16 51 14 51 33 33 28 41 28 28 29 51 20 43 20 10 31 31 38 33 50 17 8 35 30 9 21 31 9 
72 33 50 45 9 31 66 48 67 63 19 7 31 42 17 25 68 41 7 48 29 11 62 4 41 31 53 57 9 66 35 42 40 64 66 37 25 30 67 14 58 47 26 13 32 51 32 0 15 42 57 40 65 28 29 5 2 60 57 59 56 46 54 52 26 37 39 56 1 9 56 45 41 38 13 62 27 39 3 39 
64 41 50 31 22 26 73 36 69 62 13 16 43 28 11 40 64 48 19 60 16 25 64 18 34 41 47 54 7 73 48 42 53 60 75 37 11 31 75 28 65 32 40 27 47 44 26 15 0 35 53 29 71 29 44 12 17 52 61 51 45 31 63 44 40 23 36 56 14 17 56 57 30 30 10 54 18 25 17 31 
30 39 26 26 51 12 54 19 45 29 23 47 46 22 25 57 30 37 39 58 45 44 41 46 1 40 12 21 40 58 51 21 57 26 60 19 40 21 60 47 50 28 50 44 68 9 10 42 35 0 19 14 52 21 60 43 43 18 42 18 21 28 55 10 51 22 9 28 41 48 31 57 15 6 45 20 17 21 41 5 
22 42 20 43 66 28 45 32 34 12 40 64 51 39 42 67 11 37 53 58 64 57 31 61 20 44 7 6 57 50 54 21 60 7 53 24 59 30 53 59 44 45 58 56 80 10 27 57 53 19 0 31 43 32 69 60 58 10 35 16 29 45 53 13 60 40 18 17 57 65 22 57 32 25 62 12 36 38 56 24 
37 48 40 12 49 18 67 8 59 43 21 45 55 8 23 60 42 49 39 67 33 45 55 44 13 49 24 35 36 71 60 34 66 38 73 31 29 30 73 48 63 14 57 46 69 21 16 40 29 14 31 0 65 30 64 41 41 28 55 24 16 14 67 20 58 9 22 42 39 46 45 66 1 10 39 30 13 7 39 9 
64 34 26 77 72 50 2 70 11 34 59 72 40 73 61 58 44 24 58 30 85 58 12 68 52 36 47 37 73 8 38 31 39 43 11 36 80 40 11 59 8 79 48 56 69 50 51 65 71 52 43 65 0 42 57 70 65 53 10 59 69 79 20 53 50 71 43 26 66 74 21 33 65 55 78 55 60 71 62 56 
49 18 22 41 36 12 44 38 40 35 17 35 25 37 19 36 41 20 22 38 43 25 35 31 21 19 28 29 32 45 30 14 36 38 47 9 38 2 47 27 37 43 29 24 48 27 14 28 29 21 32 30 42 0 39 32 28 36 32 38 42 42 38 31 30 33 14 28 28 37 28 36 31 22 37 38 20 34 25 23 
88 27 53 73 26 49 57 72 62 69 43 32 19 69 43 4 77 37 26 30 58 19 58 28 60 25 67 65 38 55 19 48 20 74 54 46 54 40 55 16 49 75 11 18 12 66 51 29 44 60 69 64 57 39 0 34 28 75 52 77 79 74 40 70 9 64 53 59 30 33 56 27 65 59 42 77 51 66 27 60 
73 38 54 43 10 33 71 48 71 67 20 4 36 40 18 30 71 46 12 53 25 16 66 6 42 36 54 60 6 71 40 46 45 67 71 41 22 34 72 18 63 44 31 18 35 52 33 5 12 43 60 41 70 32 34 0 6 61 62 60 57 43 59 53 31 35 42 60 4 5 60 50 42 39 8 63 28 37 8 40 
73 32 50 47 8 32 66 49 67 63 20 7 30 44 19 24 69 41 7 47 31 10 62 3 42 31 54 57 11 66 34 42 39 65 66 37 27 30 67 12 58 49 25 12 30 52 33 2 17 43 58 41 65 28 28 6 0 61 57 60 57 48 54 53 25 39 40 56 3 9 56 44 42 39 14 63 28 41 3 40 
13 50 30 38 69 29 55 26 44 21 41 65 59 35 43 72 16 46 56 67 61 61 41 64 19 52 8 16 58 60 62 30 68 13 63 30 56 35 63 63 54 39 64 60 84 9 28 60 52 18 10 28 53 36 75 61 61 0 45 6 19 40 63 8 66 37 22 27 59 66 32 66 28 22 62 2 34 35 58 21 
57 26 16 67 64 40 12 60 10 27 49 64 33 63 51 51 37 16 50 29 75 50 7 60 42 28 39 29 63 16 33 21 35 36 18 26 70 30 18 51 9 69 41 48 64 41 41 57 61 42 35 55 10 32 52 62 57 45 0 51 60 69 20 45 43 61 33 18 58 66 13 30 55 45 68 47 50 61 54 46 
13 53 35 33 68 30 61 21 50 27 40 64 62 31 42 74 21 51 57 72 57 62 47 63 19 55 12 22 57 66 65 34 71 19 69 33 53 37 69 65 60 34 66 62 86 11 28 59 51 18 16 24 59 38 77 60 60 6 51 0 13 35 68 8 68 33 24 33 58 65 38 71 24 21 61 6 33 31 58 20 
23 60 44 21 65 30 71 9 61 40 37 61 67 19 39 75 34 58 55 79 47 61 58 60 21 61 22 34 52 76 72 41 78 32 78 40 43 42 78 64 69 22 69 62 85 20 28 56 45 21 29 16 69 42 79 57 57 19 60 13 0 23 75 16 71 22 30 44 55 62 48 78 16 20 55 19 29 20 55 19 
46 60 54 2 53 30 81 14 73 57 31 47 65 6 31 70 55 61 48 79 27 55 69 49 27 60 38 49 38 84 70 48 76 52 86 44 26 42 86 58 76 1 67 56 77 35 29 46 31 28 45 14 79 42 74 43 48 40 69 35 23 0 79 33 68 10 36 56 45 48 59 78 14 24 40 41 23 8 47 23 
75 22 33 78 58 49 19 73 28 46 54 61 24 74 55 41 56 18 47 10 79 44 26 56 55 23 56 47 63 15 21 34 20 54 14 36 74 37 15 44 12 80 31 42 52 57 51 54 63 55 53 67 20 38 40 59 54 63 20 68 75 79 0 61 33 71 46 36 55 62 32 13 67 57 67 65 58 71 51 58 
20 46 29 31 61 22 55 19 45 25 33 57 55 27 35 67 22 44 49 65 53 54 42 56 11 48 6 18 50 60 58 27 64 19 63 26 48 30 63 57 54 32 59 54 78 4 20 52 44 10 13 20 53 31 70 53 53 8 45 8 16 33 61 0 61 29 17 28 51 58 32 64 20 14 54 10 26 27 51 13 
79 18 44 67 27 41 50 66 53 60 37 31 10 63 37 8 68 28 21 24 55 15 49 26 51 16 58 56 35 48 12 39 15 65 47 37 51 31 48 13 42 69 2 13 21 57 43 26 40 51 60 58 50 30 9 31 25 66 43 68 71 68 33 61 0 58 44 50 27 32 47 21 59 51 39 68 45 60 23 52 
45 50 47 9 45 22 73 13 67 51 21 39 55 5 21 60 51 53 38 70 25 45 62 41 21 50 33 43 30 76 60 40 66 47 78 36 21 34 78 48 68 11 57 46 68 30 20 37 23 22 40 9 71 33 64 35 39 37 61 33 22 10 71 29 58 0 29 50 36 40 53 68 9 17 33 39 13 2 38 17 
35 30 18 34 48 10 45 27 38 26 23 46 38 30 25 50 29 28 35 49 47 39 33 43 9 31 14 18 40 49 42 12 48 25 51 10 42 13 51 41 41 36 42 38 62 13 10 39 36 9 18 22 43 14 53 42 40 22 33 24 30 36 46 17 44 29 0 21 39 47 24 48 22 12 45 24 19 28 38 13 
39 32 6 54 63 31 28 46 17 10 43 63 41 50 45 58 20 24 49 43 68 51 14 59 29 34 22 11 60 33 43 14 47 18 36 19 63 26 36 53 27 56 48 50 71 24 31 56 56 28 17 42 26 28 59 60 56 27 18 33 44 56 36 28 50 50 21 0 56 65 5 44 43 33 65 29 40 49 53 33 
71 34 50 44 10 30 67 47 67 63 18 7 32 41 17 26 68 42 8 49 28 12 62 5 40 32 52 56 8 67 36 42 41 64 67 37 24 30 68 15 59 46 27 14 33 50 31 1 14 41 57 39 66 28 30 4 3 59 58 58 55 45 55 51 27 36 39 56 0 9 56 46 40 37 12 61 26 38 4 38 
78 41 59 48 7 38 75 53 76 72 25 2 38 45 23 29 76 50 16 55 28 18 71 6 47 39 59 65 10 74 42 51 47 72 74 46 25 39 75 19 67 49 33 20 32 57 38 9 17 48 65 46 74 37 33 5 9 66 66 65 62 48 62 58 32 40 47 65 9 0 65 52 47 44 10 68 33 42 12 45 
44 29 6 57 63 32 23 50 14 15 44 63 38 53 45 55 25 20 49 39 69 50 10 59 32 31 26 16 60 28 39 14 43 23 31 19 64 26 31 52 22 59 45 49 68 29 33 56 56 31 22 45 21 28 56 60 56 32 13 38 48 59 32 32 47 53 24 5 56 65 0 39 46 36 65 34 42 52 53 36 
79 18 38 77 48 48 32 74 40 54 50 51 14 73 50 28 64 20 38 3 73 34 37 46 57 18 59 52 54 28 10 37 7 61 27 38 68 36 28 34 25 79 20 32 39 60 50 45 57 57 57 66 33 36 27 50 44 66 30 71 78 78 13 64 21 68 48 44 46 52 39 0 67 58 58 68 55 70 42 59 
36 49 40 12 50 19 67 7 60 44 22 46 56 8 24 61 42 49 40 68 33 46 55 45 14 50 25 36 37 71 61 34 67 39 73 31 30 31 73 49 63 14 58 47 70 22 17 41 30 15 32 1 65 31 65 42 42 28 55 24 16 14 67 20 59 9 22 43 40 47 46 67 0 10 40 30 14 7 40 10 
34 40 30 22 47 10 57 16 50 35 19 43 47 18 21 55 36 39 36 59 39 42 45 42 5 41 18 27 36 61 52 24 58 32 63 21 34 22 63 45 53 24 49 42 66 15 8 38 30 6 25 10 55 22 59 39 39 22 45 21 20 24 57 14 51 17 12 33 37 44 36 58 10 0 40 24 12 16 37 1 
74 46 59 40 17 35 79 46 77 71 22 10 44 38 20 38 73 54 20 61 18 24 72 14 44 44 56 63 5 79 48 51 53 69 79 46 15 39 80 26 71 41 39 26 42 54 35 13 10 45 62 39 78 37 42 8 14 62 68 61 55 40 67 54 39 33 45 65 12 10 65 58 40 40 0 64 28 35 16 41 
11 52 32 39 71 31 57 27 45 22 43 67 61 37 45 74 15 48 58 69 63 63 43 66 21 54 10 18 60 62 64 32 70 13 65 32 58 37 65 65 56 40 66 62 86 11 30 62 54 20 12 30 55 38 77 63 63 2 47 6 19 41 65 10 68 39 24 29 61 68 34 68 30 24 64 0 36 37 60 23 
46 37 36 22 36 10 62 21 56 45 8 32 42 18 10 47 47 40 26 57 28 32 51 31 16 37 29 37 24 64 47 29 53 43 66 24 23 21 66 35 56 24 44 33 56 26 9 27 18 17 36 13 60 20 51 28 28 34 50 33 29 23 58 26 45 13 19 40 26 33 42 55 14 12 28 36 0 15 26 13 
43 52 46 7 47 22 73 11 66 50 23 41 57 3 23 62 49 53 40 71 27 47 61 43 20 52 31 42 32 76 62 40 68 45 78 36 23 34 78 50 68 9 59 48 70 28 21 39 25 21 38 7 71 34 66 37 41 35 61 31 20 8 71 27 60 2 28 49 38 42 52 70 7 16 35 37 15 0 40 16 
71 30 47 47 11 29 63 47 64 60 18 10 28 43 17 23 66 38 4 45 32 8 59 6 40 28 51 54 12 63 32 39 37 63 63 34 28 27 64 11 55 48 23 10 30 49 31 3 17 41 56 39 62 25 27 8 3 58 54 58 55 47 51 51 23 38 38 53 4 12 53 42 40 37 16 60 26 40 0 38 
33 41 31 21 48 11 58 15 50 34 20 44 48 17 22 56 35 40 37 60 40 43 46 43 4 42 17 26 37 62 53 25 59 31 64 22 35 23 64 46 54 23 50 43 67 14 9 39 31 5 24 9 56 23 60 40 40 21 46 20 19 23 58 13 52 17 13 33 38 45 36 59 10 1 41 23 13 16 38 0 
78
49
21
58
77
55
15
30
31
35
76
53
16
67
29
83
74
15
85
7
34
84
50
10
23
98
31
85
87
62
49
40
15
75
9
57
30
59
4
34
61
41
74
54
32
13
28
69
97
2
46
7
83
79
85
65
15
64
37
71
21
91
35
73
10
74
43
8
92
47
45
93
75
86
78
3
8
30
95
