55
0 238 201 602 276 306 103 589 176 683 430 488 439 454 689 363 183 480 121 597 272 449 289 267 300 289 469 527 683 361 293 185 633 374 739 290 371 739 596 70 515 423 308 439 611 424 312 657 205 335 615 500 515 181 411 
238 0 422 369 293 318 163 417 283 747 374 705 248 309 516 317 254 243 179 423 411 476 513 30 537 413 483 663 753 221 473 362 536 293 575 520 157 566 659 210 359 514 472 271 404 630 539 523 69 310 379 262 735 60 356 
201 422 0 768 453 480 304 790 337 583 469 429 572 652 788 411 360 663 319 798 375 414 248 448 143 205 442 376 577 474 133 284 672 445 826 231 567 835 504 265 714 332 375 556 744 399 117 853 402 518 786 680 445 362 596 
602 369 768 0 606 620 531 441 638 891 477 1073 227 449 319 469 603 161 543 440 762 637 882 339 896 689 626 906 905 331 782 726 497 417 381 889 307 352 818 579 448 735 828 271 159 995 884 583 425 587 37 131 1103 421 589 
276 293 453 606 0 30 200 392 117 953 642 524 538 253 806 577 94 445 169 401 181 702 383 315 496 564 718 803 954 510 565 205 823 567 866 402 299 856 865 207 312 695 249 564 681 435 543 415 224 67 600 475 559 288 145 
306 318 480 620 30 0 230 382 143 983 671 530 562 247 830 607 123 459 199 391 188 732 398 339 518 594 748 833 984 537 594 224 851 596 890 418 313 879 895 237 303 725 254 589 702 440 568 396 250 51 614 489 565 316 124 
103 163 304 531 200 230 0 486 137 753 450 543 396 351 661 383 122 395 31 494 262 502 352 193 395 371 518 617 755 341 391 200 641 380 716 359 274 711 665 49 412 498 316 409 562 467 414 557 111 250 539 419 572 121 322 
589 417 790 441 392 382 486 0 495 1158 761 912 538 141 747 716 458 313 471 9 570 885 773 408 867 827 888 1078 1166 585 872 593 871 679 811 791 266 785 1072 525 80 931 636 586 586 822 897 142 401 331 414 336 947 467 275 
176 283 337 638 117 143 137 495 0 859 584 445 528 354 795 517 38 488 109 504 128 622 280 312 380 464 640 696 859 477 454 100 778 517 850 296 348 845 772 116 415 599 190 543 687 361 426 531 217 184 640 515 478 254 262 
683 747 583 891 953 983 753 1158 859 0 418 986 673 1055 685 446 864 893 784 1163 938 273 827 751 680 398 273 252 21 588 452 845 454 491 676 808 892 706 88 748 1105 261 952 624 767 975 596 1269 783 1003 926 889 992 707 1071 
430 374 469 477 642 671 450 761 584 418 0 886 255 675 345 67 572 478 481 765 698 162 689 368 611 293 149 448 430 176 407 615 206 82 370 680 497 386 341 468 716 277 738 207 370 838 559 882 430 674 510 472 906 357 729 
488 705 429 1073 524 530 543 912 445 986 886 0 927 777 1177 822 483 930 530 921 343 843 201 735 307 634 871 747 976 849 542 349 1092 847 1224 206 793 1226 917 495 833 753 276 927 1099 90 390 909 648 581 1078 956 35 659 643 
439 248 572 227 538 562 396 538 528 673 255 927 0 482 268 242 501 233 420 540 656 412 728 223 709 467 403 679 685 106 567 596 333 190 328 728 298 318 596 439 510 508 712 50 173 859 684 672 317 547 258 221 954 275 579 
454 309 652 449 253 247 351 141 354 1055 675 777 482 0 724 623 317 293 333 150 434 785 632 308 727 705 791 956 1061 506 741 452 811 593 788 650 184 768 968 387 62 817 501 525 571 687 759 214 278 197 431 322 812 350 158 
689 516 788 319 806 830 661 747 795 685 345 1177 268 724 0 385 769 437 686 747 923 491 976 491 931 635 468 782 703 328 747 858 233 344 64 973 548 50 633 699 739 618 977 252 162 1113 890 889 585 812 355 411 1201 541 838 
363 317 411 469 577 607 383 716 517 446 67 822 242 623 385 0 505 448 414 721 631 175 624 315 554 251 173 438 456 144 362 548 272 52 417 616 450 429 363 401 668 266 671 200 383 773 507 834 369 611 500 446 844 294 668 
183 254 360 603 94 123 122 458 38 864 572 483 501 317 769 505 0 451 91 467 160 620 318 281 412 472 637 710 865 456 471 138 761 501 826 334 310 819 776 116 379 605 225 519 657 399 454 499 186 158 604 479 516 231 236 
480 243 663 161 445 459 395 313 488 893 478 930 233 293 437 448 451 0 402 314 609 623 746 215 780 625 620 863 904 305 702 581 562 402 501 754 146 479 811 444 302 698 676 283 280 849 780 453 284 426 155 30 962 301 428 
121 179 319 543 169 199 31 471 109 784 481 530 420 333 686 414 91 402 0 479 237 533 345 208 402 399 549 644 786 368 414 183 671 410 741 354 273 736 696 54 395 527 294 434 582 452 426 536 118 221 548 426 561 145 294 
597 423 798 440 401 391 494 9 504 1163 765 921 540 150 747 721 467 314 479 0 579 890 782 414 876 833 893 1084 1171 589 879 602 873 683 811 800 271 785 1077 533 89 937 645 588 586 831 905 144 408 340 412 337 956 473 284 
272 411 375 762 181 188 262 570 128 938 698 343 656 434 923 631 160 609 237 579 0 719 222 440 368 540 740 749 935 603 505 93 896 635 978 245 465 973 853 231 491 677 68 671 815 254 434 577 345 239 762 637 378 382 306 
449 476 414 637 702 732 502 885 622 273 162 843 412 785 491 175 620 623 533 890 719 0 658 479 545 209 29 291 282 319 314 628 299 223 504 643 619 526 188 506 833 130 746 366 532 810 476 998 517 747 669 621 857 441 812 
289 513 248 882 383 398 352 773 280 827 689 201 728 632 976 624 318 746 345 782 222 658 0 543 169 452 684 605 820 648 375 180 895 647 1023 26 617 1025 752 303 693 580 180 727 900 152 252 794 462 448 891 770 226 464 521 
267 30 448 339 315 339 193 408 312 751 368 735 223 308 491 315 281 215 208 414 440 479 543 0 565 429 484 677 758 207 494 391 522 286 551 550 143 541 664 240 354 524 501 250 376 660 565 520 95 327 349 234 765 86 368 
300 537 143 896 496 518 395 867 380 680 611 307 709 727 931 554 412 780 402 876 368 545 169 565 0 336 574 445 671 614 236 296 814 588 969 144 669 978 610 349 789 447 341 696 882 299 86 911 504 563 911 799 316 479 641 
289 413 205 689 564 594 371 827 464 398 293 634 467 705 635 251 472 625 399 833 540 209 452 429 336 0 238 251 396 361 114 447 485 297 663 436 570 677 313 357 761 137 557 437 626 604 272 918 427 620 715 632 648 360 693 
469 483 442 626 718 748 518 888 640 273 149 871 403 791 468 173 637 620 549 893 740 29 684 484 574 238 0 314 284 315 343 650 270 218 479 670 622 501 193 524 838 158 769 356 516 836 505 1004 527 761 659 616 886 451 824 
527 663 376 906 803 833 617 1078 696 252 448 747 679 956 782 438 710 863 644 1084 749 291 605 677 445 251 314 0 237 576 244 657 579 490 793 583 820 815 210 597 1012 172 750 638 817 744 359 1169 678 862 936 867 750 611 938 
683 753 577 905 954 984 755 1166 859 21 430 976 685 1061 703 456 865 904 786 1171 935 282 820 758 671 396 284 237 0 599 445 842 473 502 695 800 900 725 94 749 1112 260 948 637 783 967 586 1275 788 1005 940 900 981 713 1075 
361 221 474 331 510 537 341 585 477 588 176 849 106 506 328 144 456 305 368 589 603 319 648 207 614 361 315 576 599 0 462 533 315 97 378 646 325 378 507 375 544 405 654 82 271 785 584 710 287 531 360 302 874 225 575 
293 473 133 782 565 594 391 872 454 452 407 542 567 741 747 362 471 702 414 879 505 314 375 494 236 114 343 244 445 462 0 413 599 407 777 356 628 791 377 363 801 211 508 540 731 524 162 948 471 627 805 713 552 415 704 
185 362 284 726 205 224 200 593 100 845 615 349 596 452 858 548 138 581 183 602 93 628 180 391 296 447 650 657 842 533 413 0 817 557 911 198 444 908 760 159 513 584 123 606 762 269 353 620 301 272 731 607 382 321 348 
633 536 672 497 823 851 641 871 778 454 206 1092 333 811 233 272 761 562 671 873 896 299 895 522 814 485 270 579 473 315 599 817 0 261 222 886 627 252 408 665 842 428 940 286 347 1044 756 1005 601 846 534 545 1112 535 890 
374 293 445 417 567 596 380 679 517 491 82 847 190 593 344 52 501 402 410 683 635 223 647 286 588 297 218 490 502 97 407 557 261 0 381 641 415 390 410 404 634 318 680 148 332 792 546 800 351 597 448 398 869 280 649 
739 575 826 381 866 890 716 811 850 676 370 1224 328 788 64 417 826 501 741 811 978 504 1023 551 969 663 479 793 695 378 777 911 222 381 0 1018 611 36 630 753 803 633 1032 307 225 1163 924 953 644 873 416 475 1246 596 901 
290 520 231 889 402 418 359 791 296 808 680 206 728 650 973 616 334 754 354 800 245 643 26 550 144 436 670 583 800 646 356 198 886 641 1018 0 627 1022 733 310 711 562 206 726 901 168 227 814 470 468 898 778 228 468 542 
371 157 567 307 299 313 274 266 348 892 497 793 298 184 548 450 310 146 273 271 465 619 617 143 669 570 622 820 900 325 628 444 627 415 611 627 0 594 806 322 219 667 533 341 403 709 682 385 166 281 301 176 826 213 292 
739 566 835 352 856 879 711 785 845 706 386 1226 318 768 50 429 819 479 736 785 973 526 1025 541 978 677 501 815 725 378 791 908 252 390 36 1022 594 0 658 749 781 654 1027 302 199 1163 936 927 635 860 386 451 1250 591 885 
596 659 504 818 865 895 665 1072 772 88 341 917 596 968 633 363 776 811 696 1077 853 188 752 664 610 313 193 210 94 507 377 760 408 410 630 733 806 658 0 660 1018 176 869 548 701 901 528 1182 695 915 851 808 925 619 983 
70 210 265 579 207 237 49 525 116 748 468 495 439 387 699 401 116 444 54 533 231 506 303 240 349 357 524 597 749 375 363 159 665 404 753 310 322 749 660 0 449 489 279 447 605 422 372 589 160 265 588 468 525 164 341 
515 359 714 448 312 303 412 80 415 1105 716 833 510 62 739 668 379 302 395 89 491 833 693 354 789 761 838 1012 1112 544 801 513 842 634 803 711 219 781 1018 449 0 871 557 556 582 743 821 166 334 252 426 330 868 404 201 
423 514 332 735 695 725 498 931 599 261 277 753 508 817 618 266 605 698 527 937 677 130 580 524 447 137 158 172 260 405 211 584 428 318 633 562 667 654 176 489 871 0 693 466 645 730 371 1031 540 748 765 701 763 467 819 
308 472 375 828 249 254 316 636 190 952 738 276 712 501 977 671 225 676 294 645 68 746 180 501 341 557 769 750 948 654 508 123 940 680 1032 206 533 1027 869 279 557 693 0 725 876 186 416 638 407 305 829 704 311 437 368 
439 271 556 271 564 589 409 586 543 624 207 927 50 525 252 200 519 283 434 588 671 366 727 250 696 437 356 638 637 82 540 606 286 148 307 726 341 302 548 447 556 466 725 0 191 863 666 719 340 577 303 271 953 289 614 
611 404 744 159 681 702 562 586 687 767 370 1099 173 571 162 383 657 280 582 586 815 532 900 376 882 626 516 817 783 271 731 762 347 332 225 901 403 199 701 605 582 645 876 191 0 1027 855 728 471 678 195 252 1126 441 695 
424 630 399 995 435 440 467 822 361 975 838 90 859 687 1113 773 399 849 452 831 254 810 152 660 299 604 836 744 967 785 524 269 1044 792 1163 168 709 1163 901 422 743 730 186 863 1027 0 385 819 570 491 1000 876 125 586 553 
312 539 117 884 543 568 414 897 426 596 559 390 684 759 890 507 454 780 426 905 434 476 252 565 86 272 505 359 586 584 162 353 756 546 924 227 682 936 528 372 821 371 416 666 855 385 0 953 516 610 902 797 397 479 688 
657 523 853 583 415 396 557 142 531 1269 882 909 672 214 889 834 499 453 536 144 577 998 794 520 911 918 1004 1169 1275 710 948 620 1005 800 953 814 385 927 1182 589 166 1031 638 719 728 819 953 0 492 348 556 478 944 564 273 
205 69 402 425 224 250 111 401 217 783 430 648 317 278 585 369 186 284 118 408 345 517 462 95 504 427 527 678 788 287 471 301 601 351 644 470 166 635 695 160 334 540 407 340 471 570 516 492 0 246 430 308 679 76 299 
335 310 518 587 67 51 250 331 184 1003 674 581 547 197 812 611 158 426 221 340 239 747 448 327 563 620 761 862 1005 531 627 272 846 597 873 468 281 860 915 265 252 748 305 577 678 491 610 348 246 0 579 456 616 317 78 
615 379 786 37 600 614 539 414 640 926 510 1078 258 431 355 500 604 155 548 412 762 669 891 349 911 715 659 936 940 360 805 731 534 448 416 898 301 386 851 588 426 765 829 303 195 1000 902 556 430 579 0 125 1109 434 576 
500 262 680 131 475 489 419 336 515 889 472 956 221 322 411 446 479 30 426 337 637 621 770 234 799 632 616 867 900 302 713 607 545 398 475 778 176 451 808 468 330 701 704 271 252 876 797 478 308 456 125 0 987 320 458 
515 735 445 1103 559 565 572 947 478 992 906 35 954 812 1201 844 516 962 561 956 378 857 226 765 316 648 886 750 981 874 552 382 1112 869 1246 228 826 1250 925 525 868 763 311 953 1126 125 397 944 679 616 1109 987 0 688 678 
181 60 362 421 288 316 121 467 254 707 357 659 275 350 541 294 231 301 145 473 382 441 464 86 479 360 451 611 713 225 415 321 535 280 596 468 213 591 619 164 404 467 437 289 441 586 479 564 76 317 434 320 688 0 374 
411 356 596 589 145 124 322 275 262 1071 729 643 579 158 838 668 236 428 294 284 306 812 521 368 641 693 824 938 1075 575 704 348 890 649 901 542 292 885 983 341 201 819 368 614 695 553 688 273 299 78 576 458 678 374 0 
84
82
93
61
42
40
20
75
38
26
22
74
43
91
30
9
62
51
40
57
93
57
95
73
92
26
28
55
25
86
12
18
82
41
63
10
49
5
87
62
42
76
14
69
77
72
28
61
5
95
32
35
75
30
