80
0 64 14 9 54 63 54 18 33 61 66 48 57 14 66 67 43 47 28 83 67 38 26 44 63 67 42 57 85 65 66 30 94 42 71 40 61 53 70 44 52 9 58 39 86 45 58 35 70 60 53 45 50 58 73 41 37 27 34 25 45 12 71 39 61 25 71 79 35 52 8 86 24 68 88 22 51 20 32 66 
64 0 51 55 12 72 68 74 72 65 50 26 69 54 48 40 66 21 36 40 4 33 64 22 5 3 30 49 38 67 75 43 37 59 68 41 8 36 70 30 53 56 55 37 40 24 71 31 31 7 35 45 68 35 46 33 28 41 53 39 40 53 45 25 52 46 23 62 32 26 58 37 65 5 34 45 53 52 32 3 
14 51 0 7 40 63 55 31 40 60 61 34 58 14 61 60 45 36 17 75 53 30 30 30 50 54 33 52 76 64 67 16 83 42 68 26 49 39 69 36 48 5 54 32 77 34 59 21 62 48 39 40 51 44 67 27 23 20 32 12 31 2 65 27 56 19 61 74 21 38 12 77 30 54 78 15 47 18 19 52 
9 55 7 0 45 58 50 24 33 55 59 40 53 8 59 58 39 38 19 74 58 29 24 35 54 58 33 50 76 59 62 23 85 37 65 33 52 46 64 35 45 5 51 30 77 36 54 27 61 51 46 38 46 51 65 34 28 18 27 16 38 5 63 30 54 17 62 72 27 44 5 77 23 59 79 13 44 13 23 57 
54 12 40 45 0 72 67 66 68 66 55 14 69 46 53 46 62 19 28 50 13 29 58 10 15 15 27 51 49 69 76 31 49 55 71 29 16 24 72 28 53 45 56 33 51 21 71 19 39 15 23 43 65 25 53 21 17 35 49 29 28 42 51 19 55 40 33 68 20 14 49 49 59 14 46 38 53 45 22 13 
63 72 63 58 72 0 9 53 34 7 26 78 6 50 29 38 20 53 55 56 76 44 37 69 68 75 45 23 60 7 4 74 76 21 12 83 65 89 10 44 19 63 17 40 60 51 5 69 51 65 88 29 13 92 37 78 65 47 31 61 86 63 35 56 21 44 59 26 70 82 56 62 39 77 70 48 19 45 61 75 
54 68 55 50 67 9 0 44 25 10 27 72 3 42 30 38 11 48 47 57 72 38 28 63 64 71 40 21 61 13 12 66 76 13 19 75 61 83 18 39 15 55 16 34 61 46 5 62 50 61 82 24 4 86 38 71 59 39 23 53 79 55 36 50 21 36 57 32 63 76 47 63 30 73 70 40 15 37 54 71 
18 74 31 24 66 53 44 0 19 53 62 64 47 20 63 66 33 55 38 87 78 44 17 57 72 77 48 53 90 57 56 47 100 35 63 57 70 70 62 50 46 26 52 43 91 52 48 51 75 70 70 43 40 75 71 58 50 34 30 39 62 29 69 49 55 29 77 73 51 68 19 91 15 79 94 29 45 23 44 77 
33 72 40 33 68 34 25 19 0 34 46 67 28 26 47 54 15 51 40 75 76 39 10 60 68 75 43 37 79 38 37 55 91 19 44 64 66 73 43 44 30 38 36 36 79 48 29 54 64 66 73 32 21 78 56 61 53 33 20 42 68 38 54 49 39 28 69 56 54 71 29 80 10 77 85 30 29 23 47 75 
61 65 60 55 66 7 10 53 34 0 19 72 8 48 22 31 20 47 50 49 69 38 37 63 61 68 39 16 53 4 10 71 69 19 10 78 58 83 9 38 13 60 10 34 53 45 9 63 44 58 82 23 13 86 30 72 59 43 28 57 80 60 28 50 14 41 52 22 64 76 54 55 39 70 63 45 14 42 55 68 
66 50 61 59 55 26 27 62 46 19 0 63 27 52 3 12 33 37 45 30 54 32 45 54 46 52 31 9 34 20 29 66 50 27 18 71 43 74 21 28 16 64 12 29 34 35 28 56 25 43 73 21 30 77 11 64 51 41 32 52 72 62 9 42 7 42 33 14 57 67 58 36 47 54 44 46 17 46 49 53 
48 26 34 40 14 78 72 64 67 72 63 0 74 44 62 57 64 27 27 64 26 34 57 9 29 29 33 58 63 76 82 20 63 60 78 15 30 11 79 35 59 39 63 38 65 29 76 13 52 29 10 49 70 14 64 8 14 34 50 25 14 36 62 22 62 39 47 77 13 4 45 63 58 27 60 37 59 44 20 26 
57 69 58 53 69 6 3 47 28 8 27 74 0 45 29 37 14 50 50 57 73 40 31 65 65 72 42 22 61 11 9 69 76 16 17 78 62 85 15 41 16 58 16 36 61 48 2 64 50 62 84 26 7 88 38 73 61 42 26 56 81 58 36 52 20 39 58 30 65 78 50 63 33 74 70 43 16 40 56 72 
14 54 14 8 46 50 42 20 26 48 52 44 45 0 52 53 31 35 18 70 58 25 16 37 53 57 29 43 72 52 54 29 81 29 58 39 50 50 57 31 38 13 44 25 73 33 46 31 57 50 50 31 38 55 59 38 30 14 20 19 44 13 57 29 47 11 58 65 31 48 6 73 16 59 75 9 37 6 24 57 
66 48 61 59 53 29 30 63 47 22 3 62 29 52 0 9 34 35 45 28 51 32 46 53 43 50 30 10 32 23 32 66 47 28 21 70 40 73 24 27 17 64 14 29 32 33 31 55 22 41 72 21 32 76 9 63 50 41 33 52 71 62 7 41 9 42 30 15 56 65 58 34 48 52 41 46 18 46 49 51 
67 40 60 58 46 38 38 66 54 31 12 57 37 53 9 0 41 30 44 21 43 30 49 48 35 41 27 17 25 32 41 63 39 35 30 67 32 68 33 24 24 63 22 28 25 29 39 52 13 33 67 23 39 70 7 60 47 40 36 51 68 61 5 38 17 42 21 22 53 59 59 26 51 43 33 45 25 48 46 43 
43 66 45 39 62 20 11 33 15 20 33 64 14 31 34 41 0 45 38 62 70 33 17 57 62 69 36 24 66 24 23 57 79 7 30 66 59 74 29 36 17 44 21 29 66 42 15 53 52 59 74 21 7 78 43 62 50 30 14 44 70 44 41 44 26 27 58 41 54 68 36 67 19 71 73 31 16 27 45 69 
47 21 36 38 19 53 48 55 51 47 37 27 50 35 35 30 45 0 19 41 25 12 43 18 18 24 9 32 41 50 57 35 48 38 52 38 15 38 53 9 34 40 37 16 43 3 52 23 28 15 37 24 47 41 37 30 18 21 32 24 38 37 35 9 36 26 26 50 24 30 40 42 44 26 42 26 34 32 18 24 
28 36 17 19 28 55 47 38 40 50 45 27 50 18 45 44 38 19 0 58 40 14 30 20 35 39 17 38 59 53 59 21 67 34 57 29 33 36 58 20 37 21 42 16 60 17 52 15 45 32 36 27 44 40 51 24 13 8 24 7 32 18 49 11 42 12 44 59 16 31 22 60 31 41 61 10 36 17 7 39 
83 40 75 74 50 56 57 87 75 49 30 64 57 70 28 21 62 41 58 0 43 45 70 57 36 40 42 38 5 49 58 76 21 56 47 78 34 74 50 39 45 79 42 46 4 41 58 64 13 35 73 44 60 75 19 70 59 56 57 64 78 76 21 50 37 60 17 35 65 64 75 7 72 42 15 61 46 66 59 42 
67 4 53 58 13 76 72 78 76 69 54 26 73 58 51 43 70 25 40 43 0 37 67 23 8 3 34 53 40 71 79 44 38 63 72 41 11 35 74 34 57 58 59 41 42 28 75 32 34 11 34 49 72 34 49 34 30 45 57 42 40 55 48 29 56 50 26 65 33 25 62 39 69 1 35 49 57 56 35 1 
38 33 30 29 29 44 38 44 39 38 32 34 40 25 32 30 33 12 14 45 37 0 31 25 29 36 4 26 47 42 48 34 56 26 45 40 27 45 46 6 25 34 30 4 48 9 42 25 32 27 44 15 36 48 37 34 21 11 20 21 42 31 35 12 30 15 33 46 26 38 30 48 32 38 50 16 25 21 17 36 
26 64 30 24 58 37 28 17 10 37 45 57 31 16 46 49 17 43 30 70 67 31 0 50 60 67 34 36 73 41 40 45 85 18 47 54 57 63 46 36 29 29 35 28 74 40 32 44 58 57 63 26 24 68 54 51 43 23 13 32 58 29 52 39 38 18 62 56 44 61 20 74 2 68 79 20 28 13 37 66 
44 22 30 35 10 69 63 57 60 63 54 9 65 37 53 48 57 18 20 57 23 25 50 0 23 25 24 49 56 67 73 21 58 51 69 21 23 20 70 26 50 35 54 29 58 20 67 9 44 22 19 40 61 23 55 13 7 27 43 19 21 32 53 13 53 32 40 68 10 13 39 56 51 24 53 30 50 37 13 23 
63 5 50 54 15 68 64 72 68 61 46 29 65 53 43 35 62 18 35 36 8 29 60 23 0 7 26 45 34 63 71 44 35 55 64 43 3 39 66 26 49 55 51 33 36 20 67 32 26 3 38 41 64 39 41 35 28 39 49 38 43 52 40 24 48 43 19 57 33 29 57 34 61 9 31 44 49 49 31 8 
67 3 54 58 15 75 71 77 75 68 52 29 72 57 50 41 69 24 39 40 3 36 67 25 7 0 33 52 37 70 78 46 35 62 70 44 10 38 73 33 56 59 58 40 39 27 74 34 31 10 37 48 71 37 47 36 31 44 56 42 43 56 46 28 55 49 23 63 35 28 61 36 68 2 32 48 56 55 35 3 
42 30 33 33 27 45 40 48 43 39 31 33 42 29 30 27 36 9 17 42 34 4 34 24 26 33 0 25 43 43 49 36 52 29 45 41 23 44 46 3 26 38 30 7 45 6 44 26 29 23 43 16 39 47 34 34 21 15 23 24 42 35 32 12 29 19 29 45 27 37 34 44 36 35 46 20 26 25 19 33 
57 49 52 50 51 23 21 53 37 16 9 58 22 43 10 17 24 32 38 38 53 26 36 49 45 52 25 0 42 18 26 59 55 18 20 66 42 69 22 23 7 55 6 22 42 30 24 51 29 42 68 12 22 72 19 59 46 32 23 45 67 53 17 37 4 33 36 22 52 62 49 43 38 54 49 37 8 37 43 52 
85 38 76 76 49 60 61 90 79 53 34 63 61 72 32 25 66 41 59 5 40 47 73 56 34 37 43 42 0 54 63 75 16 60 52 77 33 73 55 41 49 80 46 48 2 42 62 63 15 34 72 47 64 73 24 69 58 58 60 65 77 77 25 50 41 62 16 40 64 63 77 2 75 39 10 63 50 68 59 40 
65 67 64 59 69 7 13 57 38 4 20 76 11 52 23 32 24 50 53 49 71 42 41 67 63 70 43 18 54 0 9 74 70 23 6 82 60 87 5 41 17 64 13 38 53 48 11 67 45 60 86 27 17 90 30 76 63 46 32 60 84 64 29 54 15 45 53 19 68 80 58 56 43 72 64 49 17 46 59 70 
66 75 67 62 76 4 12 56 37 10 29 82 9 54 32 41 23 57 59 58 79 48 40 73 71 78 49 26 63 9 0 78 79 25 13 87 68 93 10 48 23 67 20 44 62 55 8 73 54 68 92 33 16 96 39 82 69 51 35 65 90 67 38 60 24 48 62 27 74 86 59 65 42 80 73 52 23 49 65 78 
30 43 16 23 31 74 66 47 55 71 66 20 69 29 66 63 57 35 21 76 44 34 45 21 44 46 36 59 75 74 78 0 78 53 78 10 43 23 79 39 58 21 63 37 77 35 71 12 63 42 23 48 63 28 70 12 17 28 43 14 15 18 68 26 63 30 59 80 11 23 28 75 45 45 73 26 57 32 17 44 
94 37 83 85 49 76 76 100 91 69 50 63 76 81 47 39 79 48 67 21 38 56 85 58 35 35 52 55 16 70 79 78 0 73 68 78 35 73 71 50 62 88 61 58 17 50 78 66 27 36 72 59 77 72 40 70 62 67 72 71 77 85 41 56 56 71 23 56 67 63 86 14 87 37 6 72 63 77 65 38 
42 59 42 37 55 21 13 35 19 19 27 60 16 29 28 35 7 38 34 56 63 26 18 51 55 62 29 18 60 23 25 53 73 0 29 62 52 70 28 29 11 42 17 22 60 35 18 49 46 52 70 14 10 74 37 58 46 26 10 40 66 42 35 38 20 23 51 38 50 64 35 61 20 64 67 27 10 24 41 62 
71 68 68 65 71 12 19 63 44 10 18 78 17 58 21 30 30 52 57 47 72 45 47 69 64 70 45 20 52 6 13 78 68 29 0 85 61 89 3 43 21 70 15 41 51 50 17 70 43 61 88 30 23 92 28 79 66 50 38 64 87 69 27 57 16 49 51 14 71 82 64 54 49 72 62 53 21 52 62 71 
40 41 26 33 29 83 75 57 64 78 71 15 78 39 70 67 66 38 29 78 41 40 54 21 43 44 41 66 77 82 87 10 78 62 85 0 44 13 86 43 65 31 70 44 79 38 80 15 65 43 13 55 72 18 74 8 20 36 52 22 5 28 72 29 70 39 61 85 14 17 38 77 55 42 74 35 65 41 23 41 
61 8 49 52 16 65 61 70 66 58 43 30 62 50 40 32 59 15 33 34 11 27 57 23 3 10 23 42 33 60 68 43 35 52 61 44 0 40 63 23 46 54 48 30 35 18 64 31 24 1 39 38 61 41 38 36 27 36 46 37 44 51 37 22 45 41 17 54 32 30 55 33 59 12 30 41 46 47 30 11 
53 36 39 46 24 89 83 70 73 83 74 11 85 50 73 68 74 38 36 74 35 45 63 20 39 38 44 69 73 87 93 23 73 70 89 13 40 0 90 46 70 44 74 49 75 40 87 21 63 39 1 60 80 5 75 12 25 44 60 31 8 41 73 33 73 48 57 88 20 10 51 73 64 36 70 44 70 50 29 35 
70 70 69 64 72 10 18 62 43 9 21 79 15 57 24 33 29 53 58 50 74 46 46 70 66 73 46 22 55 5 10 79 71 28 3 86 63 90 0 44 21 69 16 42 54 51 15 71 46 63 89 31 22 93 31 80 67 51 37 65 88 69 30 58 18 50 54 17 72 83 63 57 48 75 65 54 22 51 63 73 
44 30 36 35 28 44 39 50 44 38 28 35 41 31 27 24 36 9 20 39 34 6 36 26 26 33 3 23 41 41 48 39 50 29 43 43 23 46 44 0 25 40 28 8 42 7 43 28 26 23 45 15 38 49 31 36 23 17 24 27 44 37 29 14 27 21 27 42 29 39 36 42 38 35 44 22 25 27 22 33 
52 53 48 45 53 19 15 46 30 13 16 59 16 38 17 24 17 34 37 45 57 25 29 50 49 56 26 7 49 17 23 58 62 11 21 65 46 70 21 25 0 50 6 21 49 32 18 50 36 46 69 10 15 73 26 59 46 30 18 44 67 49 24 37 9 29 42 27 51 63 44 50 31 58 56 33 1 32 42 56 
9 56 5 5 45 63 55 26 38 60 64 39 58 13 64 63 44 40 21 79 58 34 29 35 55 59 38 55 80 64 67 21 88 42 70 31 54 44 69 40 50 0 56 35 81 38 59 26 66 53 44 43 51 49 70 32 28 23 32 17 36 3 68 32 59 22 65 77 26 43 9 81 28 59 82 18 49 18 24 57 
58 55 54 51 56 17 16 52 36 10 12 63 16 44 14 22 21 37 42 42 59 30 35 54 51 58 30 6 46 13 20 63 61 17 15 70 48 74 16 28 6 56 0 26 46 35 18 55 34 48 73 15 18 77 23 64 51 35 24 49 72 55 21 42 5 35 42 21 56 67 50 48 37 60 55 39 7 38 47 58 
39 37 32 30 33 40 34 43 36 34 29 38 36 25 29 28 29 16 16 46 41 4 28 29 33 40 7 22 48 38 44 37 58 22 41 44 30 49 42 8 21 35 26 0 49 13 38 29 33 30 48 11 32 52 35 38 25 12 16 23 46 33 33 16 26 14 35 43 30 42 31 49 30 42 52 17 21 20 21 40 
86 40 77 77 51 60 61 91 79 53 34 65 61 73 32 25 66 43 60 4 42 48 74 58 36 39 45 42 2 53 62 77 17 60 51 79 35 75 54 42 49 81 46 49 0 43 62 65 16 36 74 48 64 75 23 71 60 59 61 66 79 78 25 52 41 63 18 39 66 65 78 3 76 41 11 64 50 69 61 42 
45 24 34 36 21 51 46 52 48 45 35 29 48 33 33 29 42 3 17 41 28 9 40 20 20 27 6 30 42 48 55 35 50 35 50 38 18 40 51 7 32 38 35 13 43 0 50 23 28 18 39 22 45 43 36 31 18 19 29 23 39 35 34 9 34 23 27 48 24 32 38 43 41 29 44 24 32 29 18 27 
58 71 59 54 71 5 5 48 29 9 28 76 2 46 31 39 15 52 52 58 75 42 32 67 67 74 44 24 62 11 8 71 78 18 17 80 64 87 15 43 18 59 18 38 62 50 0 66 52 64 86 28 8 90 39 75 63 44 28 58 83 59 37 54 22 41 60 30 67 80 51 64 34 76 72 45 18 41 58 74 
35 31 21 27 19 69 62 51 54 63 56 13 64 31 55 52 53 23 15 64 32 25 44 9 32 34 26 51 63 67 73 12 66 49 70 15 31 21 71 28 50 26 55 29 65 23 66 0 51 31 21 40 59 25 59 9 5 23 39 12 17 23 57 14 55 27 47 70 1 17 32 63 45 33 61 24 50 31 8 32 
70 31 62 61 39 51 50 75 64 44 25 52 50 57 22 13 52 28 45 13 34 32 58 44 26 31 29 29 15 45 54 63 27 46 43 65 24 63 46 26 36 66 34 33 16 28 52 51 0 25 62 32 51 64 16 57 46 43 45 51 65 63 16 37 30 47 8 33 52 53 62 16 60 33 21 48 36 53 46 34 
60 7 48 51 15 65 61 70 66 58 43 29 62 50 41 33 59 15 32 35 11 27 57 22 3 10 23 42 34 60 68 42 36 52 61 43 1 39 63 23 46 53 48 30 36 18 64 31 25 0 38 38 61 40 39 35 26 36 46 36 43 50 38 21 45 41 18 55 31 29 54 34 59 12 31 41 46 47 30 10 
53 35 39 46 23 88 82 70 73 82 73 10 84 50 72 67 74 37 36 73 34 44 63 19 38 37 43 68 72 86 92 23 72 70 88 13 39 1 89 45 69 44 73 48 74 39 86 21 62 38 0 59 80 5 74 12 24 44 60 31 9 41 72 32 72 48 56 87 20 9 51 72 64 35 69 44 69 50 29 34 
45 45 40 38 43 29 24 43 32 23 21 49 26 31 21 23 21 24 27 44 49 15 26 40 41 48 16 12 47 27 33 48 59 14 30 55 38 60 31 15 10 43 15 11 48 22 28 40 32 38 59 0 23 63 28 49 36 20 13 34 57 41 26 27 16 21 37 34 41 53 37 48 28 50 53 25 10 25 32 48 
50 68 51 46 65 13 4 40 21 13 30 70 7 38 32 39 7 47 44 60 72 36 24 61 64 71 39 22 64 17 16 63 77 10 23 72 61 80 22 38 15 51 18 32 64 45 8 59 51 61 80 23 0 84 41 68 56 36 20 50 76 51 39 48 23 33 57 35 60 74 43 65 26 73 71 37 15 33 51 71 
58 35 44 51 25 92 86 75 78 86 77 14 88 55 76 70 78 41 40 75 34 48 68 23 39 37 47 72 73 90 96 28 72 74 92 18 41 5 93 49 73 49 77 52 75 43 90 25 64 40 5 63 84 0 77 17 28 48 64 36 13 46 75 36 76 52 58 91 25 11 56 72 69 35 69 49 73 55 33 34 
73 46 67 65 53 37 38 71 56 30 11 64 38 59 9 7 43 37 51 19 49 37 54 55 41 47 34 19 24 30 39 70 40 37 28 74 38 75 31 31 26 70 23 35 23 36 39 59 16 39 74 28 41 77 0 67 54 47 41 58 75 68 2 45 18 48 24 17 60 66 65 26 56 49 34 52 27 53 53 49 
41 33 27 34 21 78 71 58 61 72 64 8 73 38 63 60 62 30 24 70 34 34 51 13 35 36 34 59 69 76 82 12 70 58 79 8 36 12 80 36 59 32 64 38 71 31 75 9 57 35 12 49 68 17 67 0 13 32 48 19 8 29 65 22 63 36 53 78 8 11 39 69 52 35 66 32 59 38 17 34 
37 28 23 28 17 65 59 50 53 59 51 14 61 30 50 47 50 18 13 59 30 21 43 7 28 31 21 46 58 63 69 17 62 46 66 20 27 25 67 23 46 28 51 25 60 18 63 5 46 26 24 36 56 28 54 13 0 20 36 12 21 25 52 9 50 25 42 65 6 18 32 58 44 31 57 23 46 30 6 29 
27 41 20 18 35 47 39 34 33 43 41 34 42 14 41 40 30 21 8 56 45 11 23 27 39 44 15 32 58 46 51 28 67 26 50 36 36 44 51 17 30 23 35 12 59 19 44 23 43 36 44 20 36 48 47 32 20 0 16 14 40 21 45 16 36 5 44 54 24 38 19 59 24 46 61 5 29 11 15 44 
34 53 32 27 49 31 23 30 20 28 32 50 26 20 33 36 14 32 24 57 57 20 13 43 49 56 23 23 60 32 35 43 72 10 38 52 46 60 37 24 18 32 24 16 61 29 28 39 45 46 60 13 20 64 41 48 36 16 0 30 56 32 39 30 27 13 49 45 40 54 26 61 15 58 66 17 17 14 31 56 
25 39 12 16 29 61 53 39 42 57 52 25 56 19 52 51 44 24 7 64 42 21 32 19 38 42 24 45 65 60 65 14 71 40 64 22 37 31 65 27 44 17 49 23 66 23 58 12 51 36 31 34 50 36 58 19 12 14 30 0 26 14 56 15 49 17 50 66 12 29 20 66 33 43 66 13 43 19 7 41 
45 40 31 38 28 86 79 62 68 80 72 14 81 44 71 68 70 38 32 78 40 42 58 21 43 43 42 67 77 84 90 15 77 66 87 5 44 8 88 44 67 36 72 46 79 39 83 17 65 43 9 57 76 13 75 8 21 40 56 26 0 33 73 30 71 43 61 86 16 15 43 77 59 41 74 39 67 45 25 40 
12 53 2 5 42 63 55 29 38 60 62 36 58 13 62 61 44 37 18 76 55 31 29 32 52 56 35 53 77 64 67 18 85 42 69 28 51 41 69 37 49 3 55 33 78 35 59 23 63 50 41 41 51 46 68 29 25 21 32 14 33 0 66 29 57 20 62 75 23 40 10 78 28 56 79 16 48 18 21 54 
71 45 65 63 51 35 36 69 54 28 9 62 36 57 7 5 41 35 49 21 48 35 52 53 40 46 32 17 25 29 38 68 41 35 27 72 37 73 30 29 24 68 21 33 25 34 37 57 16 38 72 26 39 75 2 65 52 45 39 56 73 66 0 43 16 46 24 17 58 64 63 27 54 48 35 50 25 51 51 48 
39 25 27 30 19 56 50 49 49 50 42 22 52 29 41 38 44 9 11 50 29 12 39 13 24 28 12 37 50 54 60 26 56 38 57 29 22 33 58 14 37 32 42 16 52 9 54 14 37 21 32 27 48 36 45 22 9 16 30 15 30 29 43 0 41 21 35 56 15 26 33 51 40 30 51 20 37 27 9 28 
61 52 56 54 55 21 21 55 39 14 7 62 20 47 9 17 26 36 42 37 56 30 38 53 48 55 29 4 41 15 24 63 56 20 16 70 45 73 18 27 9 59 5 26 41 34 22 55 30 45 72 16 23 76 18 63 50 36 27 49 71 57 16 41 0 37 38 18 56 66 53 43 40 57 50 41 10 41 47 55 
25 46 19 17 40 44 36 29 28 41 42 39 39 11 42 42 27 26 12 60 50 15 18 32 43 49 19 33 62 45 48 30 71 23 49 39 41 48 50 21 29 22 35 14 63 23 41 27 47 41 48 21 33 52 48 36 25 5 13 17 43 20 46 21 37 0 48 55 28 43 17 63 19 51 65 4 28 6 19 49 
71 23 61 62 33 59 57 77 69 52 33 47 58 58 30 21 58 26 44 17 26 33 62 40 19 23 29 36 16 53 62 59 23 51 51 61 17 57 54 27 42 65 42 35 18 27 60 47 8 18 56 37 57 58 24 53 42 44 49 50 61 62 24 35 38 48 0 41 48 47 63 16 64 25 17 49 43 54 44 26 
79 62 74 72 68 26 32 73 56 22 14 77 30 65 15 22 41 50 59 35 65 46 56 68 57 63 45 22 40 19 27 80 56 38 14 85 54 88 17 42 27 77 21 43 39 48 30 70 33 55 87 34 35 91 17 78 65 54 45 66 86 75 17 56 18 55 41 0 71 80 71 42 58 65 50 59 28 59 63 65 
35 32 21 27 20 70 63 51 54 64 57 13 65 31 56 53 54 24 16 65 33 26 44 10 33 35 27 52 64 68 74 11 67 50 71 14 32 20 72 29 51 26 56 30 66 24 67 1 52 31 20 41 60 25 60 8 6 24 40 12 16 23 58 15 56 28 48 71 0 17 32 64 45 34 62 25 51 31 9 33 
52 26 38 44 14 82 76 68 71 76 67 4 78 48 65 59 68 30 31 64 25 38 61 13 29 28 37 62 63 80 86 23 63 64 82 17 30 10 83 39 63 43 67 42 65 32 80 17 53 29 9 53 74 11 66 11 18 38 54 29 15 40 64 26 66 43 47 80 17 0 49 63 62 26 60 41 63 48 24 25 
8 58 12 5 49 56 47 19 29 54 58 45 50 6 58 59 36 40 22 75 62 30 20 39 57 61 34 49 77 58 59 28 86 35 64 38 55 51 63 36 44 9 50 31 78 38 51 32 62 54 51 37 43 56 65 39 32 19 26 20 43 10 63 33 53 17 63 71 32 49 0 78 19 63 80 14 43 12 27 61 
86 37 77 77 49 62 63 91 80 55 36 63 63 73 34 26 67 42 60 7 39 48 74 56 34 36 44 43 2 56 65 75 14 61 54 77 33 73 57 42 50 81 48 49 3 43 64 63 16 34 72 48 65 72 26 69 58 59 61 66 77 78 27 51 43 63 16 42 64 63 78 0 76 38 8 64 51 69 60 39 
24 65 30 23 59 39 30 15 10 39 47 58 33 16 48 51 19 44 31 72 69 32 2 51 61 68 36 38 75 43 42 45 87 20 49 55 59 64 48 38 31 28 37 30 76 41 34 45 60 59 64 28 26 69 56 52 44 24 15 33 59 28 54 40 40 19 64 58 45 62 19 76 0 70 81 21 30 14 38 68 
68 5 54 59 14 77 73 79 77 70 54 27 74 59 52 43 71 26 41 42 1 38 68 24 9 2 35 54 39 72 80 45 37 64 72 42 12 36 75 35 58 59 60 42 41 29 76 33 33 12 35 50 73 35 49 35 31 46 58 43 41 56 48 30 57 51 25 65 34 26 63 38 70 0 34 50 58 57 36 2 
88 34 78 79 46 70 70 94 85 63 44 60 70 75 41 33 73 42 61 15 35 50 79 53 31 32 46 49 10 64 73 73 6 67 62 74 30 70 65 44 56 82 55 52 11 44 72 61 21 31 69 53 71 69 34 66 57 61 66 66 74 79 35 51 50 65 17 50 62 60 80 8 81 34 0 66 57 71 60 35 
22 45 15 13 38 48 40 29 30 45 46 37 43 9 46 45 31 26 10 61 49 16 20 30 44 48 20 37 63 49 52 26 72 27 53 35 41 44 54 22 33 18 39 17 64 24 45 24 48 41 44 25 37 49 52 32 23 5 17 13 39 16 50 20 41 4 49 59 25 41 14 64 21 50 66 0 32 7 17 48 
51 53 47 44 53 19 15 45 29 14 17 59 16 37 18 25 16 34 36 46 57 25 28 50 49 56 26 8 50 17 23 57 63 10 21 65 46 70 22 25 1 49 7 21 50 32 18 50 36 46 69 10 15 73 27 59 46 29 17 43 67 48 25 37 10 28 43 28 51 63 43 51 30 58 57 32 0 31 42 56 
20 52 18 13 45 45 37 23 23 42 46 44 40 6 46 48 27 32 17 66 56 21 13 37 49 55 25 37 68 46 49 32 77 24 52 41 47 50 51 27 32 18 38 20 69 29 41 31 53 47 50 25 33 55 53 38 30 11 14 19 45 18 51 27 41 6 54 59 31 48 12 69 14 57 71 7 31 0 24 55 
32 32 19 23 22 61 54 44 47 55 49 20 56 24 49 46 45 18 7 59 35 17 37 13 31 35 19 43 59 59 65 17 65 41 62 23 30 29 63 22 42 24 47 21 61 18 58 8 46 30 29 32 51 33 53 17 6 15 31 7 25 21 51 9 47 19 44 63 9 24 27 60 38 36 60 17 42 24 0 34 
66 3 52 57 13 75 71 77 75 68 53 26 72 57 51 43 69 24 39 42 1 36 66 23 8 3 33 52 40 70 78 44 38 62 71 41 11 35 73 33 56 57 58 40 42 27 74 32 34 10 34 48 71 34 49 34 29 44 56 41 40 54 48 28 55 49 26 65 33 25 61 39 68 2 35 48 56 55 34 0 
65
19
95
5
76
76
65
92
18
97
67
75
56
48
84
20
47
79
94
13
51
94
96
28
59
36
34
28
99
26
26
20
32
63
12
51
39
18
95
83
51
3
62
71
66
6
94
73
59
78
38
81
6
56
72
53
19
31
73
34
28
92
78
27
16
38
39
83
32
74
96
35
28
84
57
82
37
25
97
