22
0 479 468 297 365 238 478 450 40 361 637 93 260 258 327 158 420 355 384 631 161 527 
479 0 530 246 844 402 210 614 444 552 662 507 271 727 782 380 139 559 198 224 566 995 
468 530 0 322 715 635 689 889 439 140 171 394 552 669 750 331 391 797 333 754 629 730 
297 246 322 0 653 354 370 610 257 312 480 289 243 554 624 154 135 528 88 458 433 772 
365 844 715 653 0 520 815 589 403 575 855 367 603 132 144 500 783 517 741 978 315 239 
238 402 635 354 520 0 302 257 236 560 806 327 133 388 419 308 418 175 416 472 205 728 
478 210 689 370 815 302 0 446 455 675 839 540 218 685 721 446 323 415 366 170 504 1004 
450 614 889 610 589 257 446 0 464 803 1060 543 375 467 450 558 661 95 667 603 325 826 
40 444 439 257 403 236 455 464 0 339 609 92 238 297 367 120 381 369 344 602 193 557 
361 552 140 312 575 560 675 803 339 0 287 275 503 536 617 254 420 708 358 770 517 593 
637 662 171 480 855 806 839 1060 609 287 0 558 718 823 904 502 524 968 473 885 797 835 
93 507 394 289 367 327 540 543 92 275 558 0 326 286 365 135 423 448 376 681 242 488 
260 271 552 243 603 133 218 375 238 503 718 326 0 477 522 253 287 303 292 375 303 786 
258 727 669 554 132 388 685 467 297 536 823 286 477 0 81 408 678 390 641 851 183 359 
327 782 750 624 144 419 721 450 367 617 904 365 522 81 0 481 743 384 711 890 219 383 
158 380 331 154 500 308 446 558 120 254 502 135 253 408 481 0 288 466 242 570 313 619 
420 139 391 135 783 418 323 661 381 420 524 423 287 678 743 288 0 590 62 363 540 907 
355 559 797 528 517 175 415 95 369 708 968 448 303 390 384 466 590 0 591 582 235 749 
384 198 333 88 741 416 366 667 344 358 473 376 292 641 711 242 62 591 0 422 516 855 
631 224 754 458 978 472 170 603 602 770 885 681 375 851 890 570 363 582 422 0 672 1158 
161 566 629 433 315 205 504 325 193 517 797 242 303 183 219 313 540 235 516 672 0 531 
527 995 730 772 239 728 1004 826 557 593 835 488 786 359 383 619 907 749 855 1158 531 0 
14
30
4
37
32
41
8
16
44
51
89
22
3
53
80
79
49
90
98
43
23
