20
0 699 447 337 776 710 850 456 415 848 514 607 575 760 775 710 684 949 184 662 
699 0 551 559 198 24 481 274 570 508 595 567 363 104 197 198 467 333 557 462 
447 551 0 110 503 574 444 302 692 951 76 831 686 652 722 434 265 646 473 809 
337 559 110 0 549 579 538 288 606 907 179 758 632 652 710 479 362 707 374 751 
776 198 503 549 0 217 294 320 737 703 523 758 554 280 381 70 331 174 669 659 
710 24 574 579 217 0 504 293 566 486 619 555 352 80 173 222 491 344 564 446 
850 481 444 538 294 504 0 458 941 989 418 1005 807 573 674 284 179 311 803 923 
456 274 302 288 320 293 458 0 485 653 363 576 402 364 424 255 343 494 357 526 
415 570 692 606 737 566 941 485 0 470 768 195 255 571 532 695 825 898 251 282 
848 508 951 907 703 486 989 653 470 0 1015 298 281 425 325 706 955 798 665 190 
514 595 76 179 523 619 418 363 768 1015 0 905 755 698 775 458 242 652 548 879 
607 567 831 758 758 555 1005 576 195 298 905 0 204 533 463 733 918 899 434 136 
575 363 686 632 554 352 807 402 255 281 755 204 0 335 281 531 734 696 392 124 
760 104 652 652 280 80 573 364 571 425 698 533 335 0 101 296 571 379 603 412 
775 197 722 710 381 173 674 424 532 325 775 463 281 101 0 395 664 474 606 334 
710 198 434 479 70 222 284 255 695 706 458 733 531 296 395 0 282 239 610 643 
684 467 265 362 331 491 179 343 825 955 242 918 734 571 664 282 0 426 657 857 
949 333 646 707 174 344 311 494 898 798 652 899 696 379 474 239 426 0 843 788 
184 557 473 374 669 564 803 357 251 665 548 434 392 603 606 610 657 843 0 479 
662 462 809 751 659 446 923 526 282 190 879 136 124 412 334 643 857 788 479 0 
20
66
32
39
86
45
67
27
28
69
9
2
33
25
29
35
80
50
26
