40
0 692 356 25 492 434 58 772 624 279 649 151 685 533 716 190 715 254 433 405 475 804 552 391 371 319 435 813 784 507 190 140 901 297 932 645 335 628 444 221 
692 0 550 712 209 314 713 436 122 503 54 755 686 768 509 633 179 595 521 700 616 592 263 304 757 877 752 470 289 579 584 617 225 843 240 134 569 315 651 858 
356 550 0 359 353 238 328 829 439 107 532 302 883 806 825 473 660 503 611 680 694 924 309 362 207 672 206 873 764 702 434 216 775 646 770 578 27 663 129 577 
25 712 359 0 511 449 41 797 643 288 670 133 707 552 741 212 739 278 457 424 497 828 566 413 359 324 425 838 808 531 214 143 923 304 952 668 336 653 441 219 
492 209 353 511 0 117 508 509 134 295 180 546 662 679 538 464 309 443 431 583 532 635 145 135 557 713 559 552 416 511 413 409 433 679 447 227 369 347 467 675 
434 314 238 449 117 0 438 617 211 194 294 460 736 719 634 453 426 448 483 609 581 733 119 180 443 696 442 661 533 571 402 327 539 664 542 344 255 453 350 638 
58 713 328 41 508 438 0 819 637 266 673 93 743 591 768 248 749 312 488 463 533 857 553 419 318 363 385 861 823 564 245 118 928 344 953 676 304 672 404 254 
772 436 829 797 509 617 819 0 529 738 400 898 334 522 120 614 259 547 369 530 404 165 641 467 1007 789 1030 44 172 349 589 777 424 759 515 311 835 166 954 834 
624 122 439 643 134 211 637 529 0 405 132 668 740 788 585 598 285 572 537 702 637 676 142 264 646 847 636 567 398 609 547 533 339 813 332 218 460 387 534 809 
279 503 107 288 295 194 266 738 405 0 475 270 776 699 726 371 590 397 504 574 587 825 297 272 272 584 293 782 687 595 330 148 728 556 736 509 103 572 234 500 
649 54 532 670 180 294 673 400 132 475 0 720 637 714 466 582 153 543 467 646 562 552 264 258 737 825 736 438 266 526 534 582 256 791 284 90 549 269 640 809 
151 755 302 133 546 460 93 898 668 270 720 0 835 684 853 341 809 404 577 556 625 944 567 475 240 441 311 941 890 655 336 138 976 425 993 733 275 746 349 322 
685 686 883 707 662 736 743 334 740 776 637 835 0 232 214 495 539 431 273 310 210 214 807 556 1012 570 1056 341 491 183 500 750 742 548 827 552 879 373 1010 656 
533 768 806 552 679 719 591 522 788 699 714 684 232 0 406 348 661 304 251 129 152 438 815 549 892 348 948 540 648 194 376 631 880 331 954 646 795 492 926 450 
716 509 825 741 538 634 768 120 585 726 466 853 214 406 0 544 344 475 290 428 302 99 679 466 988 694 1019 134 280 248 527 742 533 665 621 376 828 198 954 752 
190 633 473 212 464 453 248 614 598 371 582 341 495 348 544 0 609 69 254 219 285 625 568 334 544 249 601 652 657 321 51 284 817 215 864 553 459 490 586 233 
715 179 660 739 309 426 749 259 285 590 153 809 539 661 344 609 0 556 433 619 514 420 415 334 860 836 866 292 113 467 568 674 220 802 293 82 674 171 776 842 
254 595 503 278 443 448 312 547 572 397 543 404 431 304 475 69 556 0 185 177 221 556 559 308 593 283 646 585 597 253 72 330 769 249 821 505 492 428 622 292 
433 521 611 457 431 483 488 369 537 504 467 577 273 251 290 254 433 185 0 186 101 372 571 306 741 424 784 404 446 91 243 481 653 392 720 404 607 276 738 465 
405 700 680 424 583 609 463 530 702 574 646 556 310 129 428 219 619 177 186 0 126 486 713 449 763 267 819 558 628 181 247 502 839 241 905 588 669 460 798 346 
475 616 694 497 532 581 533 404 637 587 562 625 210 152 302 285 514 221 101 126 0 363 671 406 809 392 857 432 511 55 291 546 734 364 806 495 688 348 820 460 
804 592 924 828 635 733 857 165 676 825 552 944 214 438 99 625 420 556 372 486 363 0 775 565 1085 753 1117 150 337 313 614 837 589 727 680 462 927 290 1053 822 
552 263 309 566 145 119 553 641 142 297 264 567 807 815 679 568 415 559 571 713 671 775 0 266 515 813 499 682 528 654 517 439 479 781 464 339 332 485 394 757 
391 304 362 413 135 180 419 467 264 272 258 475 556 549 466 334 334 308 306 449 406 565 266 0 543 583 563 511 421 392 284 340 510 549 542 258 368 301 490 554 
371 757 207 359 557 443 318 1007 646 272 737 240 1012 892 988 544 860 593 741 763 809 1085 515 543 0 680 73 1051 959 829 521 263 982 662 977 778 188 843 154 562 
319 877 672 324 713 696 363 789 847 584 825 441 570 348 694 249 836 283 424 267 392 753 813 583 680 0 748 821 866 446 300 457 1051 34 1104 788 652 696 763 127 
435 752 206 425 559 442 385 1030 636 293 736 311 1056 948 1019 601 866 646 784 819 857 1117 499 563 73 748 0 1074 970 873 574 317 975 729 963 784 195 864 109 632 
813 470 873 838 552 661 861 44 567 782 438 941 341 540 134 652 292 585 404 558 432 150 682 511 1051 821 1074 0 195 377 629 821 441 791 533 349 879 210 998 869 
784 289 764 808 416 533 823 172 398 687 266 890 491 648 280 657 113 597 446 628 511 337 528 421 959 866 970 195 0 459 621 758 253 833 343 190 776 170 883 889 
507 579 702 531 511 571 564 349 609 595 526 655 183 194 248 321 467 253 91 181 55 313 654 392 829 446 873 377 459 0 319 567 687 417 760 453 698 299 829 509 
190 584 434 214 413 402 245 589 547 330 534 336 500 376 527 51 568 72 243 247 291 614 517 284 521 300 574 629 621 319 0 258 772 266 817 509 422 457 551 277 
140 617 216 143 409 327 118 777 533 148 582 138 750 631 742 284 674 330 481 502 546 837 439 340 263 457 317 821 758 567 258 0 838 433 856 597 195 620 309 361 
901 225 775 923 433 539 928 424 339 728 256 976 742 880 533 817 220 769 653 839 734 589 479 510 982 1051 975 441 253 687 772 838 0 1017 92 264 794 388 873 1049 
297 843 646 304 679 664 344 759 813 556 791 425 548 331 665 215 802 249 392 241 364 727 781 549 662 34 729 791 833 417 266 433 1017 0 1070 754 627 663 741 125 
932 240 770 952 447 542 953 515 332 736 284 993 827 954 621 864 293 821 720 905 806 680 464 542 977 1104 963 533 343 760 817 856 92 1070 0 318 791 464 857 1093 
645 134 578 668 227 344 676 311 218 509 90 733 552 646 376 553 82 505 404 588 495 462 339 258 778 788 784 349 190 453 509 597 264 754 318 0 592 181 694 786 
335 569 27 336 369 255 304 835 460 103 549 275 879 795 828 459 674 492 607 669 688 927 332 368 188 652 195 879 776 698 422 195 794 627 791 592 0 669 132 555 
628 315 663 653 347 453 672 166 387 572 269 746 373 492 198 490 171 428 276 460 348 290 485 301 843 696 864 210 170 299 457 620 388 663 464 181 669 0 788 720 
444 651 129 441 467 350 404 954 534 234 640 349 1010 926 954 586 776 622 738 798 820 1053 394 490 154 763 109 998 883 829 551 309 873 741 857 694 132 788 0 658 
221 858 577 219 675 638 254 834 809 500 809 322 656 450 752 233 842 292 465 346 460 822 757 554 562 127 632 869 889 509 277 361 1049 125 1093 786 555 720 658 0 
93
23
59
4
84
93
65
88
76
17
16
63
75
91
28
53
46
53
77
38
4
47
70
23
94
46
39
24
60
41
97
7
71
89
8
37
9
63
87
