22
0 633 650 786 872 258 578 924 775 326 618 716 367 909 765 547 622 1074 896 417 947 485 
633 0 462 467 280 535 149 292 598 825 53 383 571 309 186 152 22 441 347 269 410 572 
650 462 0 154 714 404 575 641 150 634 409 828 333 732 399 555 478 735 797 573 428 237 
786 467 154 0 676 550 604 574 171 788 417 850 486 686 345 591 487 640 767 642 299 391 
872 280 714 676 0 810 295 159 832 1097 325 328 851 38 331 325 278 280 95 460 490 849 
258 535 404 550 810 0 545 818 520 291 501 755 115 842 613 513 533 955 860 428 756 227 
578 149 575 604 295 545 0 377 720 820 190 253 608 332 334 33 127 529 321 166 558 637 
924 292 641 574 159 818 377 0 740 1109 317 478 838 144 242 400 302 153 249 538 346 814 
775 598 150 171 832 520 720 740 0 708 545 973 428 845 504 702 615 811 919 723 467 312 
326 825 634 788 1097 291 820 1109 708 0 792 1006 304 1130 902 787 822 1246 1141 682 1030 400 
618 53 409 417 325 501 190 317 545 792 0 433 529 352 164 185 70 460 397 284 384 524 
716 383 828 850 328 755 253 478 973 1006 433 0 836 359 546 276 363 608 276 327 757 880 
367 571 333 486 851 115 608 838 428 304 529 836 0 880 614 577 573 965 911 513 726 119 
909 309 732 686 38 842 332 144 845 1130 352 359 880 0 342 363 309 249 106 498 485 875 
765 186 399 345 331 613 334 242 504 902 164 546 614 342 0 338 208 351 423 448 224 578 
547 152 555 591 325 513 33 400 702 787 185 276 577 363 338 0 130 553 354 138 562 609 
622 22 478 487 278 533 127 302 615 822 70 363 573 309 208 130 0 453 339 251 432 579 
1074 441 735 640 280 955 529 153 811 1246 460 608 965 249 351 553 453 0 347 691 363 929 
896 347 797 767 95 860 321 249 919 1141 397 276 911 106 423 354 339 347 0 479 585 918 
417 269 573 642 460 428 166 538 723 682 284 327 513 498 448 138 251 691 479 0 668 570 
947 410 428 299 490 756 558 346 467 1030 384 757 726 485 224 562 432 363 585 668 0 656 
485 572 237 391 849 227 637 814 312 400 524 880 119 875 578 609 579 929 918 570 656 0 
20
72
23
2
1
94
96
56
26
91
87
48
96
47
33
34
38
52
57
22
79
