80
0 67 67 27 31 73 39 21 55 75 18 75 18 46 13 45 40 54 16 76 27 49 29 22 46 67 27 63 36 50 41 46 74 30 62 44 30 57 63 65 11 18 47 54 79 16 60 81 36 52 59 38 62 39 53 62 61 36 77 45 42 47 13 65 72 45 62 76 39 80 76 86 57 25 27 55 60 58 51 28 
67 0 18 44 42 25 50 48 38 11 56 30 50 26 56 43 38 28 61 44 65 39 42 50 33 8 47 43 31 19 27 27 18 37 6 52 38 11 6 45 56 56 36 27 20 51 22 14 58 38 8 53 45 62 17 36 13 53 18 32 26 62 54 10 25 28 9 52 40 13 40 22 42 42 54 56 18 12 57 43 
67 18 0 40 50 43 41 53 25 27 52 48 54 21 55 57 31 44 66 62 73 54 38 46 25 26 43 59 36 19 35 40 36 39 22 66 43 18 13 61 59 52 26 43 37 51 38 25 49 26 20 65 61 53 32 52 29 44 10 45 27 52 54 8 43 22 25 70 53 23 58 20 58 42 62 72 7 13 45 39 
27 44 40 0 25 56 18 20 28 55 12 59 19 19 15 41 13 39 31 65 42 42 2 6 19 48 3 55 17 25 24 31 56 9 41 46 18 33 38 57 20 12 20 39 61 12 43 58 20 25 36 42 55 24 35 50 43 17 50 33 18 30 14 38 55 18 42 69 34 56 63 59 50 4 33 56 33 33 30 1 
31 42 50 25 0 42 43 10 50 49 31 44 13 32 28 17 35 23 20 46 23 19 26 27 39 41 28 33 14 31 15 16 45 17 36 21 8 33 40 35 20 30 42 23 50 21 30 56 45 47 34 18 32 49 26 31 34 42 55 14 24 55 23 43 41 33 35 46 10 54 45 64 27 21 12 32 44 37 55 25 
73 25 43 56 42 0 68 52 60 21 67 5 55 44 67 32 56 19 61 19 59 27 55 61 53 17 59 21 39 37 32 27 10 47 22 41 43 29 31 22 62 67 56 19 13 60 13 29 74 59 26 44 23 78 21 16 16 69 43 28 40 81 63 35 1 46 19 28 36 29 15 44 24 53 50 38 43 34 77 56 
39 50 41 18 43 68 0 38 18 61 21 72 37 25 27 58 13 55 49 81 60 59 17 20 17 55 16 72 34 32 40 47 64 26 48 64 35 40 44 74 37 22 15 55 68 29 56 64 8 16 43 60 72 12 47 66 53 4 51 50 28 13 30 43 67 23 50 86 51 62 79 61 67 22 51 73 35 38 12 18 
21 48 53 20 10 52 38 0 48 55 22 54 3 33 18 26 33 33 13 56 22 29 22 20 37 47 22 43 17 34 21 25 54 15 42 29 10 39 46 45 10 21 40 33 59 12 39 62 38 45 40 23 42 43 33 41 41 36 60 24 26 49 13 48 51 32 42 56 19 60 55 69 37 16 13 40 47 41 50 21 
55 38 25 28 50 60 18 48 0 49 38 65 47 19 42 62 15 53 59 78 70 59 26 33 11 46 28 70 36 25 39 46 55 33 39 70 42 31 32 72 48 38 8 53 58 40 52 49 26 3 34 68 71 29 43 64 45 22 35 50 27 27 42 28 60 18 41 84 56 47 75 45 66 32 61 77 20 27 20 27 
75 11 27 55 49 21 61 55 49 0 67 26 58 37 67 47 49 31 68 40 71 42 53 61 44 8 58 41 40 30 34 33 11 47 14 56 45 22 17 42 64 67 47 30 10 61 23 8 69 49 19 58 43 73 23 34 15 64 23 37 37 73 64 21 21 39 14 49 46 8 36 23 42 53 60 57 29 23 68 54 
18 56 52 12 31 67 21 22 38 67 0 70 19 31 6 48 24 50 28 75 40 50 14 6 30 60 10 64 28 37 35 42 68 20 53 50 26 45 50 66 16 1 31 50 73 10 54 70 18 35 48 45 63 21 47 60 55 18 62 42 30 29 9 50 66 30 54 77 41 68 74 71 58 14 34 61 45 45 33 13 
75 30 48 59 44 5 72 54 65 26 70 0 57 48 69 32 60 21 62 14 59 27 59 64 57 22 62 18 42 41 35 29 15 50 27 39 45 34 36 19 64 70 60 21 17 62 16 34 78 64 31 44 20 82 25 14 20 73 47 30 44 85 65 40 5 50 24 23 36 34 10 49 22 56 50 35 48 39 81 59 
18 50 54 19 13 55 37 3 47 58 19 57 0 34 15 29 32 36 13 59 23 32 21 18 37 50 21 46 19 35 24 28 57 16 45 31 13 41 48 48 7 18 39 36 62 9 42 64 36 44 42 26 45 40 36 44 44 35 62 27 27 47 10 50 54 33 45 59 22 63 58 71 40 15 15 42 48 43 49 20 
46 26 21 19 32 44 25 33 19 37 31 48 34 0 34 43 12 34 46 59 54 40 17 25 9 30 22 51 18 7 20 27 39 18 23 52 24 15 20 53 38 31 12 34 43 30 33 40 32 17 18 50 52 36 24 45 28 27 31 31 8 38 33 19 43 2 25 65 38 38 56 40 47 21 43 58 14 14 33 18 
13 56 55 15 28 67 27 18 42 67 6 69 15 34 0 44 28 48 23 73 35 47 17 9 34 60 14 61 28 39 35 40 68 20 53 46 24 46 52 63 11 5 35 48 73 7 54 70 24 39 48 41 60 27 47 58 55 24 65 40 31 35 5 53 66 33 54 74 37 69 72 74 55 14 30 57 48 47 39 16 
45 43 57 41 17 32 58 26 62 47 48 32 29 43 44 0 49 16 31 32 27 5 41 44 51 39 44 19 26 40 23 17 39 32 37 9 23 39 45 20 35 47 54 17 44 38 24 55 61 59 38 12 17 65 26 18 32 58 61 12 35 71 39 49 31 44 35 31 7 54 32 65 12 37 19 16 53 44 70 41 
40 38 31 13 35 56 13 33 15 49 24 60 32 12 28 49 0 43 44 69 55 48 11 19 6 42 14 60 23 19 28 35 51 18 35 56 27 27 32 62 33 24 7 43 55 25 44 52 20 12 30 53 60 24 35 54 40 15 41 39 16 26 27 31 55 10 37 74 43 50 67 51 55 17 46 65 24 26 23 12 
54 28 44 39 23 19 55 33 53 31 50 21 36 34 48 16 43 0 42 26 42 11 39 44 43 23 42 17 22 29 15 8 24 30 22 25 24 26 31 19 43 49 46 1 29 41 8 39 59 51 24 28 18 63 12 11 16 55 46 9 28 68 44 36 18 36 19 31 17 38 24 50 14 36 31 28 40 31 66 39 
16 61 66 31 20 61 49 13 59 68 28 62 13 46 23 31 44 42 0 63 12 36 33 29 49 60 33 50 30 47 34 36 65 28 55 28 23 52 59 51 12 27 51 42 70 20 49 75 46 56 53 22 48 49 46 49 54 46 73 33 39 57 19 61 60 45 55 62 26 73 63 82 43 27 12 39 60 54 61 32 
76 44 62 65 46 19 81 56 78 40 75 14 59 59 73 32 69 26 63 0 58 27 65 70 68 36 68 13 48 53 41 34 29 56 40 36 49 47 49 12 66 75 71 27 31 66 26 48 85 76 44 42 15 89 35 15 33 81 61 33 54 94 69 54 19 61 37 9 37 48 4 63 20 62 51 29 61 52 92 65 
27 65 73 42 23 59 60 22 70 71 40 59 23 54 35 27 55 42 12 58 0 32 44 40 59 63 44 45 37 54 38 38 65 37 59 22 30 56 63 46 24 39 62 42 70 31 49 78 58 67 57 16 43 61 48 45 56 57 78 34 47 69 31 66 58 54 57 56 25 76 58 87 38 38 11 32 67 60 72 43 
49 39 54 42 19 27 59 29 59 42 50 27 32 40 47 5 48 11 36 27 32 0 42 45 49 34 45 14 26 37 20 14 34 33 33 14 24 36 41 16 39 49 52 12 39 40 19 50 62 57 34 17 13 66 22 13 27 59 57 9 33 72 42 46 26 42 30 27 10 49 27 61 8 38 24 18 50 41 71 42 
29 42 38 2 26 55 17 22 26 53 14 59 21 17 17 41 11 39 33 65 44 42 0 8 17 46 5 55 17 23 24 31 54 9 39 47 18 31 36 57 22 14 18 39 59 14 43 56 20 23 34 44 55 25 34 50 41 17 48 33 16 30 16 36 54 16 40 69 34 54 63 57 50 6 35 56 31 31 29 1 
22 50 46 6 27 61 20 20 33 61 6 64 18 25 9 44 19 44 29 70 40 45 8 0 25 54 5 59 22 31 29 36 62 14 47 48 21 39 44 61 17 6 26 44 67 9 48 64 18 30 42 43 58 23 41 55 49 17 56 37 24 29 10 44 60 24 48 72 37 62 68 65 53 8 33 59 39 39 32 7 
46 33 25 19 39 53 17 37 11 44 30 57 37 9 34 51 6 43 49 68 59 49 17 25 0 39 20 60 25 16 29 36 48 22 32 59 31 24 27 62 39 30 3 43 52 31 42 47 25 8 27 57 61 29 33 54 37 20 35 40 16 29 33 26 52 7 34 74 45 45 65 45 56 22 50 67 18 21 24 18 
67 8 26 48 41 17 55 47 46 8 60 22 50 30 60 39 42 23 60 36 63 34 46 54 39 0 51 35 32 23 26 25 10 40 7 48 37 15 14 37 56 60 42 22 13 53 15 16 62 45 12 50 37 66 15 28 7 57 26 29 30 68 56 18 17 32 6 44 38 15 32 28 35 46 52 50 26 19 63 47 
27 47 43 3 28 59 16 22 28 58 10 62 21 22 14 44 14 42 33 68 44 45 5 5 20 51 0 58 20 28 27 34 59 12 44 49 21 36 41 60 21 10 21 42 64 13 46 61 17 25 39 45 58 21 38 53 46 14 53 36 21 27 14 41 58 21 45 72 37 59 66 62 53 7 35 59 36 36 28 4 
63 43 59 55 33 21 72 43 70 41 64 18 46 51 61 19 60 17 50 13 45 14 55 59 60 35 58 0 39 46 32 25 31 46 37 23 38 42 46 2 53 63 63 18 34 54 21 49 75 68 39 29 2 79 28 7 30 72 61 22 45 85 56 51 21 53 34 14 24 49 13 63 7 52 38 17 56 47 83 55 
36 31 36 17 14 39 34 17 36 40 28 42 19 18 28 26 23 22 30 48 37 26 17 22 25 32 20 39 0 17 7 14 40 8 26 34 7 22 29 41 25 28 28 22 45 21 26 45 37 33 23 32 39 41 19 33 27 33 43 17 10 46 24 31 38 19 26 53 20 44 46 52 34 14 26 42 30 24 46 17 
50 19 19 25 31 37 32 34 25 30 37 41 35 7 39 40 19 29 47 53 54 37 23 31 16 23 28 46 17 0 17 23 32 20 16 49 24 8 13 48 40 37 19 28 36 34 27 33 39 24 11 47 47 43 18 39 21 34 27 28 8 45 37 15 36 9 18 59 35 31 50 36 43 25 43 55 13 8 40 24 
41 27 35 24 15 32 40 21 39 34 35 35 24 20 35 23 28 15 34 41 38 20 24 29 29 26 27 32 7 17 0 7 33 15 21 32 11 18 25 34 30 35 32 15 38 28 19 41 44 37 19 30 32 48 12 26 20 40 40 11 13 53 31 28 31 22 21 46 18 39 39 49 27 21 27 38 30 22 51 24 
46 27 40 31 16 27 47 25 46 33 42 29 28 27 40 17 35 8 36 34 38 14 31 36 36 25 34 25 14 23 7 0 29 22 21 26 16 22 28 27 35 41 39 8 34 33 14 40 51 44 21 26 25 55 10 19 18 47 44 5 20 60 36 32 26 29 19 39 13 38 32 49 20 28 27 32 36 27 58 31 
74 18 36 56 45 10 64 54 55 11 68 15 57 39 68 39 51 24 65 29 65 34 54 62 48 10 59 31 40 32 33 29 0 48 17 48 44 24 24 32 63 68 51 23 5 61 16 19 71 54 21 51 33 75 21 25 13 66 33 32 38 77 64 28 10 41 14 38 40 19 25 34 33 54 54 48 36 29 72 55 
30 37 39 9 17 47 26 15 33 47 20 50 16 18 20 32 18 30 28 56 37 33 9 14 22 40 12 46 8 20 15 22 48 0 33 38 9 27 33 48 20 20 25 30 53 14 34 51 29 30 29 35 46 33 27 41 35 26 47 24 12 39 17 35 46 17 34 60 25 50 54 56 41 6 28 47 32 28 38 9 
62 6 22 41 36 22 48 42 39 14 53 27 45 23 53 37 35 22 55 40 59 33 39 47 32 7 44 37 26 16 21 21 17 33 0 46 32 8 9 39 51 53 35 21 20 47 16 20 55 38 5 47 39 59 11 30 7 50 24 26 23 61 50 14 22 25 3 48 34 18 37 28 36 39 48 50 21 12 56 40 
44 52 66 46 21 41 64 29 70 56 50 39 31 52 46 9 56 25 28 36 22 14 47 48 59 48 49 23 34 49 32 26 48 38 46 0 29 48 54 24 36 49 62 26 53 40 33 64 66 67 47 6 21 70 35 25 41 63 70 21 44 76 41 58 40 53 44 34 14 63 36 74 17 42 17 11 62 53 76 46 
30 38 43 18 8 43 35 10 42 45 26 45 13 24 24 23 27 24 23 49 30 24 18 21 31 37 21 38 7 24 11 16 44 9 32 29 0 29 36 40 19 26 34 24 49 17 30 52 38 39 30 26 37 42 23 34 31 35 50 16 17 48 20 38 42 25 32 51 16 50 48 59 32 14 19 38 37 31 47 18 
57 11 18 33 33 29 40 39 31 22 45 34 41 15 46 39 27 26 52 47 56 36 31 39 24 15 36 42 22 8 18 22 24 27 8 48 29 0 7 44 47 45 27 25 28 41 21 25 47 30 3 48 44 51 14 35 14 42 22 27 15 53 44 10 29 17 10 54 35 24 44 31 40 32 45 54 14 5 48 32 
63 6 13 38 40 31 44 46 32 17 50 36 48 20 52 45 32 31 59 49 63 41 36 44 27 14 41 46 29 13 25 28 24 33 9 54 36 7 0 48 53 50 30 30 26 47 25 20 52 32 7 54 48 56 19 39 16 47 16 33 21 56 50 5 31 22 12 57 41 18 46 24 45 38 52 59 12 6 51 37 
65 45 61 57 35 22 74 45 72 42 66 19 48 53 63 20 62 19 51 12 46 16 57 61 62 37 60 2 41 48 34 27 32 48 39 24 40 44 48 0 55 65 65 20 35 56 23 50 77 70 41 30 3 81 30 9 32 74 63 24 47 87 58 53 22 55 36 12 26 50 13 65 8 54 39 17 58 49 85 57 
11 56 59 20 20 62 37 10 48 64 16 64 7 38 11 35 33 43 12 66 24 39 22 17 39 56 21 53 25 40 30 35 63 20 51 36 19 47 53 55 0 15 40 43 68 8 49 70 34 45 48 30 52 37 42 51 50 34 67 34 32 45 7 55 61 37 51 66 29 69 65 76 47 17 19 47 52 48 49 21 
18 56 52 12 30 67 22 21 38 67 1 70 18 31 5 47 24 49 27 75 39 49 14 6 30 60 10 63 28 37 35 41 68 20 53 49 26 45 50 65 15 0 31 49 73 9 54 70 19 35 48 44 62 22 47 60 55 19 62 42 30 30 8 50 66 30 54 76 40 68 73 71 57 14 33 60 45 45 34 13 
47 36 26 20 42 56 15 40 8 47 31 60 39 12 35 54 7 46 51 71 62 52 18 26 3 42 21 63 28 19 32 39 51 25 35 62 34 27 30 65 40 31 0 46 55 32 45 49 23 5 30 60 64 27 36 57 40 18 36 43 19 26 34 28 55 10 37 77 48 47 68 46 59 24 53 70 20 24 21 19 
54 27 43 39 23 19 55 33 53 30 50 21 36 34 48 17 43 1 42 27 42 12 39 44 43 22 42 18 22 28 15 8 23 30 21 26 24 25 30 20 43 49 46 0 28 41 7 38 59 51 23 29 19 63 11 12 15 55 45 9 27 68 44 35 18 36 18 32 17 37 25 49 15 36 31 29 39 30 66 39 
79 20 37 61 50 13 68 59 58 10 73 17 62 43 73 44 55 29 70 31 70 39 59 67 52 13 64 34 45 36 38 34 5 53 20 53 49 28 26 35 68 73 55 28 0 66 21 17 75 58 25 56 36 79 26 28 18 70 33 37 43 81 69 30 13 45 19 40 45 17 27 32 36 59 59 51 38 32 76 60 
16 51 51 12 21 60 29 12 40 61 10 62 9 30 7 38 25 41 20 66 31 40 14 9 31 53 13 54 21 34 28 33 61 14 47 40 17 41 47 56 8 9 32 41 66 0 47 65 27 37 43 35 53 31 40 51 48 26 61 33 26 38 3 49 59 29 47 67 31 64 65 70 48 9 24 51 44 42 41 13 
60 22 38 43 30 13 56 39 52 23 54 16 42 33 54 24 44 8 49 26 49 19 43 48 42 15 46 21 26 27 19 14 16 34 16 33 30 21 25 23 49 54 45 7 21 47 0 31 62 50 18 36 23 66 9 14 9 57 40 16 28 69 50 30 12 35 13 33 24 30 23 43 20 40 38 35 35 26 66 43 
81 14 25 58 56 29 64 62 49 8 70 34 64 40 70 55 52 39 75 48 78 50 56 64 47 16 61 49 45 33 41 40 19 51 20 64 52 25 20 50 70 70 49 38 17 65 31 0 72 49 22 66 51 76 30 42 23 67 18 45 40 75 68 21 29 42 21 57 53 2 44 15 50 56 67 65 29 26 68 57 
36 58 49 20 45 74 8 38 26 69 18 78 36 32 24 61 20 59 46 85 58 62 20 18 25 62 17 75 37 39 44 51 71 29 55 66 38 47 52 77 34 19 23 59 75 27 62 72 0 24 50 61 75 5 53 70 59 5 59 53 34 11 27 51 73 30 57 89 54 70 83 69 70 24 51 76 43 46 15 20 
52 38 26 25 47 59 16 45 3 49 35 64 44 17 39 59 12 51 56 76 67 57 23 30 8 45 25 68 33 24 37 44 54 30 38 67 39 30 32 70 45 35 5 51 58 37 50 49 24 0 33 65 69 27 41 62 44 20 36 48 24 26 39 28 59 15 40 82 53 47 73 46 64 29 58 75 20 26 19 24 
59 8 20 36 34 26 43 40 34 19 48 31 42 18 48 38 30 24 53 44 57 34 34 42 27 12 39 39 23 11 19 21 21 29 5 47 30 3 7 41 48 48 30 23 25 43 18 22 50 33 0 47 41 54 12 32 11 45 23 26 18 56 46 12 26 20 7 51 34 21 41 30 38 34 46 52 17 8 51 35 
38 53 65 42 18 44 60 23 68 58 45 44 26 50 41 12 53 28 22 42 16 17 44 43 57 50 45 29 32 47 30 26 51 35 47 6 26 48 54 30 30 44 60 29 56 35 36 66 61 65 47 0 27 66 36 30 43 59 70 21 42 72 36 58 43 51 45 40 13 64 42 75 22 38 11 17 60 52 72 43 
62 45 61 55 32 23 72 42 71 43 63 20 45 52 60 17 60 18 48 15 43 13 55 58 61 37 58 2 39 47 32 25 33 46 39 21 37 44 48 3 52 62 64 19 36 53 23 51 75 69 41 27 0 79 30 9 32 72 63 22 45 85 55 53 23 54 36 14 23 51 15 65 5 51 36 15 58 49 83 55 
39 62 53 24 49 78 12 43 29 73 21 82 40 36 27 65 24 63 49 89 61 66 25 23 29 66 21 79 41 43 48 55 75 33 59 70 42 51 56 81 37 22 27 63 79 31 66 76 5 27 54 66 79 0 57 74 63 9 63 57 38 8 30 55 77 34 61 93 58 74 87 73 74 28 55 80 47 50 14 25 
53 17 32 35 26 21 47 33 43 23 47 25 36 24 47 26 35 12 46 35 48 22 34 41 33 15 38 28 19 18 12 10 21 27 11 35 23 14 19 30 42 47 36 11 26 40 9 30 53 41 12 36 30 57 0 21 8 48 35 15 19 60 43 24 20 26 9 41 23 28 32 39 26 33 37 40 28 19 57 35 
62 36 52 50 31 16 66 41 64 34 60 14 44 45 58 18 54 11 49 15 45 13 50 55 54 28 53 7 33 39 26 19 25 41 30 25 34 35 39 9 51 60 57 12 28 51 14 42 70 62 32 30 9 74 21 0 23 66 54 18 39 79 54 44 15 47 27 20 23 42 14 56 8 47 37 23 49 40 77 50 
61 13 29 43 34 16 53 41 45 15 55 20 44 28 55 32 40 16 54 33 56 27 41 49 37 7 46 30 27 21 20 18 13 35 7 41 31 14 16 32 50 55 40 15 18 48 9 23 59 44 11 43 32 63 8 23 0 54 31 22 25 66 51 21 15 30 4 41 31 22 30 35 29 41 45 44 28 19 61 42 
36 53 44 17 42 69 4 36 22 64 18 73 35 27 24 58 15 55 46 81 57 59 17 17 20 57 14 72 33 34 40 47 66 26 50 63 35 42 47 74 34 19 18 55 70 26 57 67 5 20 45 59 72 9 48 66 54 0 54 50 29 13 27 46 68 25 52 86 51 65 79 64 67 21 49 73 38 41 15 17 
77 18 10 50 55 43 51 60 35 23 62 47 62 31 65 61 41 46 73 61 78 57 48 56 35 26 53 61 43 27 40 44 33 47 24 70 50 22 16 63 67 62 36 45 33 61 40 18 59 36 23 70 63 63 35 54 31 54 0 49 35 62 64 12 42 32 27 70 57 17 57 10 60 52 67 74 17 19 55 49 
45 32 45 33 14 28 50 24 50 37 42 30 27 31 40 12 39 9 33 33 34 9 33 37 40 29 36 22 17 28 11 5 32 24 26 21 16 27 33 24 34 42 43 9 37 33 16 45 53 48 26 21 22 57 15 18 22 50 49 0 24 63 36 37 27 33 24 36 9 43 32 54 17 30 23 27 41 32 62 33 
42 26 27 18 24 40 28 26 27 37 30 44 27 8 31 35 16 28 39 54 47 33 16 24 16 30 21 45 10 8 13 20 38 12 23 44 17 15 21 47 32 30 19 27 43 26 28 40 34 24 18 42 45 38 19 39 25 29 35 24 0 41 29 23 39 9 24 59 30 39 51 44 40 17 36 51 21 16 39 17 
47 62 52 30 55 81 13 49 27 73 29 85 47 38 35 71 26 68 57 94 69 72 30 29 29 68 27 85 46 45 53 60 77 39 61 76 48 53 56 87 45 30 26 68 81 38 69 75 11 26 56 72 85 8 60 79 66 13 62 63 41 0 38 54 80 36 63 99 64 73 92 72 80 34 62 86 46 50 8 30 
13 54 54 14 23 63 30 13 42 64 9 65 10 33 5 39 27 44 19 69 31 42 16 10 33 56 14 56 24 37 31 36 64 17 50 41 20 44 50 58 7 8 34 44 69 3 50 68 27 39 46 36 55 30 43 54 51 27 64 36 29 38 0 52 62 32 50 69 32 67 68 73 50 12 25 52 47 45 42 15 
65 10 8 38 43 35 43 48 28 21 50 40 50 19 53 49 31 36 61 54 66 46 36 44 26 18 41 51 31 15 28 32 28 35 14 58 38 10 5 53 55 50 28 35 30 49 30 21 51 28 12 58 53 55 24 44 21 46 12 37 23 54 52 0 35 21 17 62 45 19 50 21 50 40 55 64 8 7 47 37 
72 25 43 55 41 1 67 51 60 21 66 5 54 43 66 31 55 18 60 19 58 26 54 60 52 17 58 21 38 36 31 26 10 46 22 40 42 29 31 22 61 66 55 18 13 59 12 29 73 59 26 43 23 77 20 15 15 68 42 27 39 80 62 35 0 45 19 28 35 29 15 44 23 52 49 38 43 34 76 55 
45 28 22 18 33 46 23 32 18 39 30 50 33 2 33 44 10 36 45 61 54 42 16 24 7 32 21 53 19 9 22 29 41 17 25 53 25 17 22 55 37 30 10 36 45 29 35 42 30 15 20 51 54 34 26 47 30 25 32 33 9 36 32 21 45 0 27 67 39 40 58 42 49 20 44 60 15 16 31 17 
62 9 25 42 35 19 50 42 41 14 54 24 45 25 54 35 37 19 55 37 57 30 40 48 34 6 45 34 26 18 21 19 14 34 3 44 32 10 12 36 51 54 37 18 19 47 13 21 57 40 7 45 36 61 9 27 4 52 27 24 24 63 50 17 19 27 0 45 32 19 34 31 33 40 46 47 24 15 58 41 
76 52 70 69 46 28 86 56 84 49 77 23 59 65 74 31 74 31 62 9 56 27 69 72 74 44 72 14 53 59 46 39 38 60 48 34 51 54 57 12 66 76 77 32 40 67 33 57 89 82 51 40 14 93 41 20 41 86 70 36 59 99 69 62 28 67 45 0 37 57 13 72 19 65 50 24 68 59 97 69 
39 40 53 34 10 36 51 19 56 46 41 36 22 38 37 7 43 17 26 37 25 10 34 37 45 38 37 24 20 35 18 13 40 25 34 14 16 35 41 26 29 40 48 17 45 31 24 53 54 53 34 13 23 58 23 23 31 51 57 9 30 64 32 45 35 39 32 37 0 51 37 62 18 30 14 22 48 40 63 34 
80 13 23 56 54 29 62 60 47 8 68 34 63 38 69 54 50 38 73 48 76 49 54 62 45 15 59 49 44 31 39 38 19 50 18 63 50 24 18 50 69 68 47 37 17 64 30 2 70 47 21 64 51 74 28 42 22 65 17 43 39 73 67 19 29 40 19 57 51 0 44 15 50 55 65 65 27 24 66 55 
76 40 58 63 45 15 79 55 75 36 74 10 58 56 72 32 67 24 63 4 58 27 63 68 65 32 66 13 46 50 39 32 25 54 37 36 48 44 46 13 65 73 68 25 27 65 23 44 83 73 41 42 15 87 32 14 30 79 57 32 51 92 68 50 15 58 34 13 37 44 0 59 20 60 51 30 58 49 89 63 
86 22 20 59 64 44 61 69 45 23 71 49 71 40 74 65 51 50 82 63 87 61 57 65 45 28 62 63 52 36 49 49 34 56 28 74 59 31 24 65 76 71 46 49 32 70 43 15 69 46 30 75 65 73 39 56 35 64 10 54 44 72 73 21 44 42 31 72 62 15 59 0 63 61 76 78 27 28 65 58 
57 42 58 50 27 24 67 37 66 42 58 22 40 47 55 12 55 14 43 20 38 8 50 53 56 35 53 7 34 43 27 20 33 41 36 17 32 40 45 8 47 57 59 15 36 48 20 50 70 64 38 22 5 74 26 8 29 67 60 17 40 80 50 50 23 49 33 19 18 50 20 63 0 46 31 15 54 45 78 50 
25 42 42 4 21 53 22 16 32 53 14 56 15 21 14 37 17 36 27 62 38 38 6 8 22 46 7 52 14 25 21 28 54 6 39 42 14 32 38 54 17 14 24 36 59 9 40 56 24 29 34 38 51 28 33 47 41 21 52 30 17 34 12 40 52 20 40 65 30 55 60 61 46 0 29 52 35 33 34 5 
27 54 62 33 12 50 51 13 61 60 34 50 15 43 30 19 46 31 12 51 11 24 35 33 50 52 35 38 26 43 27 27 54 28 48 17 19 45 52 39 19 33 53 31 59 24 38 67 51 58 46 11 36 55 37 37 45 49 67 23 36 62 25 55 49 44 46 50 14 65 51 76 31 29 0 28 56 49 63 34 
55 56 72 56 32 38 73 40 77 57 61 35 42 58 57 16 65 28 39 29 32 18 56 59 67 50 59 17 42 55 38 32 48 47 50 11 38 54 59 17 47 60 70 29 51 51 35 65 76 75 52 17 15 80 40 23 44 73 74 27 51 86 52 64 38 60 47 24 22 65 30 78 15 52 28 0 68 59 85 56 
60 18 7 33 44 43 35 47 20 29 45 48 48 14 48 53 24 40 60 61 67 50 31 39 18 26 36 56 30 13 30 36 36 32 21 62 37 14 12 58 52 45 20 39 38 44 35 29 43 20 17 60 58 47 28 49 28 38 17 41 21 46 47 8 43 15 24 68 48 27 58 27 54 35 56 68 0 9 39 32 
58 12 13 33 37 34 38 41 27 23 45 39 43 14 47 44 26 31 54 52 60 41 31 39 21 19 36 47 24 8 22 27 29 28 12 53 31 5 6 49 48 45 24 30 32 42 26 26 46 26 8 52 49 50 19 40 19 41 19 32 16 50 45 7 34 16 15 59 40 24 49 28 45 33 49 59 9 0 45 32 
51 57 45 30 55 77 12 50 20 68 33 81 49 33 39 70 23 66 61 92 72 71 29 32 24 63 28 83 46 40 51 58 72 38 56 76 47 48 51 85 49 34 21 66 76 41 66 68 15 19 51 72 83 14 57 77 61 15 55 62 39 8 42 47 76 31 58 97 63 66 89 65 78 34 63 85 39 45 0 30 
28 43 39 1 25 56 18 21 27 54 13 59 20 18 16 41 12 39 32 65 43 42 1 7 18 47 4 55 17 24 24 31 55 9 40 46 18 32 37 57 21 13 19 39 60 13 43 57 20 24 35 43 55 25 35 50 42 17 49 33 17 30 15 37 55 17 41 69 34 55 63 58 50 5 34 56 32 32 30 0 
26
31
17
45
73
41
14
78
81
83
38
40
76
89
51
33
69
71
21
30
1
24
35
83
69
50
41
57
34
18
58
57
84
28
21
34
67
97
70
31
20
90
27
23
70
86
95
86
43
8
13
3
74
86
35
16
31
30
82
22
51
97
8
92
33
31
26
9
52
56
48
62
86
77
95
18
23
7
3
