45
0 141 408 646 703 482 744 225 696 860 700 519 450 910 500 816 876 210 612 631 380 551 144 66 753 680 510 337 301 422 315 213 304 254 398 217 831 917 745 231 796 658 240 515 268 
141 0 488 779 786 623 881 312 804 1001 841 657 479 1045 635 934 1014 71 719 771 433 692 238 99 891 808 555 444 429 535 437 99 426 242 539 85 935 1054 841 90 874 768 207 649 283 
408 488 0 432 298 451 547 183 340 715 686 396 174 685 605 492 691 518 837 660 102 542 264 470 581 416 160 123 225 153 190 472 549 302 444 505 457 697 358 541 389 312 344 349 244 
646 779 432 0 418 246 115 505 257 285 351 148 603 269 430 241 259 835 700 376 533 282 552 709 150 81 562 371 350 288 349 810 552 690 335 832 357 279 356 858 498 232 721 131 639 
703 786 298 418 0 579 504 480 172 680 761 483 372 582 769 314 623 814 1033 768 368 654 560 766 551 351 290 375 457 317 425 765 787 586 621 800 203 596 100 836 101 186 628 426 528 
482 623 451 246 579 0 300 426 456 381 244 105 617 461 194 484 410 690 465 209 528 91 437 538 292 320 610 338 255 307 279 680 316 611 98 693 581 466 549 712 676 419 630 156 574 
744 881 547 115 504 300 0 616 334 177 315 227 717 166 457 259 144 940 714 365 648 302 659 807 49 153 674 485 456 403 459 917 616 803 398 938 403 173 429 963 574 318 833 233 753 
225 312 183 505 480 426 616 0 493 763 669 414 252 774 529 630 759 352 723 622 168 514 81 287 637 517 296 139 173 231 159 315 414 189 379 343 623 784 529 375 572 459 217 386 148 
696 804 340 257 172 456 334 493 0 508 607 352 473 412 650 160 451 845 921 625 436 519 566 762 383 184 405 360 410 274 386 805 712 642 518 835 139 426 99 868 242 40 683 300 584 
860 1001 715 285 680 381 177 763 508 0 261 350 888 171 474 409 86 1065 693 340 814 337 795 918 135 330 847 640 593 566 604 1049 676 952 476 1066 560 163 600 1088 745 495 979 378 906 
700 841 686 351 761 244 315 669 607 261 0 295 857 415 234 571 334 910 432 85 769 156 676 747 272 429 841 579 499 536 523 907 458 853 304 917 704 411 706 931 846 579 870 349 817 
519 657 396 148 483 105 227 414 352 350 295 0 569 393 299 381 357 718 570 286 486 171 445 580 234 217 548 300 243 243 255 700 404 603 187 718 476 400 447 741 577 316 629 57 559 
450 479 174 603 372 617 717 252 473 888 857 569 0 850 757 633 860 486 971 825 91 708 317 497 753 581 85 279 374 327 343 430 665 244 598 467 565 862 459 505 434 454 286 523 196 
910 1045 685 269 582 461 166 774 412 171 415 393 850 0 599 277 85 1103 842 485 787 448 821 973 171 269 796 638 619 551 618 1079 776 957 559 1101 428 14 489 1126 629 412 990 396 904 
500 635 605 430 769 194 457 529 650 474 234 299 757 599 0 671 530 706 271 150 666 155 511 537 432 508 765 483 383 478 416 713 227 693 161 716 775 600 743 725 867 613 702 350 670 
816 934 492 241 314 484 259 630 160 409 571 381 633 277 671 0 336 981 941 610 591 523 696 882 308 164 565 491 517 399 501 945 780 792 567 973 152 291 216 1004 352 180 830 345 734 
876 1014 691 259 623 410 144 759 451 86 334 357 860 85 530 336 0 1075 764 407 792 383 799 937 123 285 814 629 596 547 600 1056 719 947 508 1075 488 79 537 1098 681 444 976 373 897 
210 71 518 835 814 690 940 352 845 1065 910 718 486 1103 706 981 1075 0 788 841 451 761 286 170 952 860 566 490 485 582 489 59 497 242 608 24 973 1112 876 23 897 811 201 707 293 
612 719 837 700 1033 465 714 723 921 693 432 570 971 842 271 941 764 788 0 357 880 419 680 622 683 779 994 714 612 729 648 813 315 852 412 804 1046 840 1014 800 1132 884 847 621 844 
631 771 660 376 768 209 365 622 625 340 85 286 825 485 150 610 407 841 357 0 736 119 619 675 329 457 819 546 457 515 484 842 376 800 245 848 733 483 724 861 859 593 813 343 769 
380 433 102 533 368 528 648 168 436 814 769 486 91 787 666 591 792 451 880 736 0 619 240 434 681 518 130 190 283 248 252 399 577 218 507 435 545 799 441 472 446 411 261 442 161 
551 692 542 282 654 91 302 514 519 337 156 171 708 448 155 523 383 761 419 119 619 0 520 602 278 362 700 429 345 396 370 755 339 697 153 766 635 449 616 782 748 485 714 228 662 
144 238 264 552 560 437 659 81 566 795 676 445 317 821 511 696 799 286 680 619 240 520 0 206 676 574 370 206 203 297 203 258 365 182 374 281 698 830 607 309 653 530 194 426 165 
66 99 470 709 766 538 807 287 762 918 747 580 497 973 537 882 937 170 622 675 434 602 206 0 814 746 563 403 367 488 381 191 327 282 449 184 897 980 810 188 859 724 259 578 308 
753 891 581 150 551 292 49 637 383 135 272 234 753 171 432 308 123 952 683 329 681 278 676 814 0 200 712 511 473 433 478 933 605 826 390 952 452 174 478 975 623 365 854 251 778 
680 808 416 81 351 320 153 517 184 330 429 217 581 269 508 164 285 860 779 457 518 362 574 746 200 0 530 378 380 288 371 830 618 695 403 855 276 281 281 883 426 165 729 183 641 
510 555 160 562 290 610 674 296 405 847 841 548 85 796 765 565 814 566 994 819 130 700 370 563 712 530 0 282 384 305 349 510 698 324 604 547 487 809 381 585 349 390 367 497 273 
337 444 123 371 375 338 485 139 360 640 579 300 279 638 483 491 629 490 714 546 190 429 206 403 511 378 282 0 102 92 67 454 431 319 322 482 494 649 408 513 474 324 352 262 268 
301 429 225 350 457 255 456 173 410 593 499 243 374 619 383 517 596 485 612 457 283 345 203 367 473 380 384 102 0 142 36 461 333 361 224 482 549 628 474 508 558 370 386 223 320 
422 535 153 288 317 307 403 231 274 566 536 243 327 551 478 399 547 582 729 515 248 396 297 488 433 288 305 92 142 0 113 546 470 407 319 574 411 562 333 605 418 236 441 196 353 
315 437 190 349 425 279 459 159 386 604 523 255 343 618 416 501 600 489 648 484 252 370 203 381 478 371 349 67 36 113 0 461 369 348 256 484 524 628 446 512 525 347 376 227 304 
213 99 472 810 765 680 917 315 805 1049 907 700 430 1079 713 945 1056 59 813 842 399 755 258 191 933 830 510 454 461 546 461 0 514 186 603 37 929 1088 830 75 845 772 144 684 239 
304 426 549 552 787 316 616 414 712 676 458 404 665 776 227 780 719 497 315 376 577 339 365 327 605 618 698 431 333 470 369 514 0 537 219 510 849 779 792 514 888 672 534 435 530 
254 242 302 690 586 611 803 189 642 952 853 603 244 957 693 792 947 242 852 800 218 697 182 282 826 695 324 319 361 407 348 186 537 0 555 223 759 968 657 261 663 613 43 575 58 
398 539 444 335 621 98 398 379 518 476 304 187 598 559 161 567 508 608 412 245 507 153 374 449 390 403 604 322 224 319 256 603 219 555 0 613 650 564 606 629 720 479 568 224 525 
217 85 505 832 800 693 938 343 835 1066 917 718 467 1101 716 973 1075 24 804 848 435 766 281 184 952 855 547 482 482 574 484 37 510 223 613 0 961 1110 863 38 881 801 181 705 275 
831 935 457 357 203 581 403 623 139 560 704 476 565 428 775 152 488 973 1046 733 545 635 698 897 452 276 487 494 549 411 524 929 849 759 650 961 0 442 106 995 210 179 801 428 701 
917 1054 697 279 596 466 173 784 426 163 411 400 862 14 600 291 79 1112 840 483 799 449 830 980 174 281 809 649 628 562 628 1088 779 968 564 1110 442 0 503 1135 643 426 1000 405 915 
745 841 358 356 100 549 429 529 99 600 706 447 459 489 743 216 537 876 1014 724 441 616 607 810 478 281 381 408 474 333 446 830 792 657 606 863 106 503 0 898 145 131 699 393 599 
231 90 541 858 836 712 963 375 868 1088 931 741 505 1126 725 1004 1098 23 800 861 472 782 309 188 975 883 585 513 508 605 512 75 514 261 629 38 995 1135 898 0 918 834 219 730 313 
796 874 389 498 101 676 574 572 242 745 846 577 434 629 867 352 681 897 1132 859 446 748 653 859 623 426 349 474 558 418 525 845 888 663 720 881 210 643 145 918 0 267 706 521 606 
658 768 312 232 186 419 318 459 40 495 579 316 454 412 613 180 444 811 884 593 411 485 530 724 365 165 390 324 370 236 347 772 672 613 479 801 179 426 131 834 267 0 653 263 555 
240 207 344 721 628 630 833 217 683 979 870 629 286 990 702 830 976 201 847 813 261 714 194 259 854 729 367 352 386 441 376 144 534 43 568 181 801 1000 699 219 706 653 0 603 100 
515 649 349 131 426 156 233 386 300 378 349 57 523 396 350 345 373 707 621 343 442 228 426 578 251 183 497 262 223 196 227 684 435 575 224 705 428 405 393 730 521 263 603 0 528 
268 283 244 639 528 574 753 148 584 906 817 559 196 904 670 734 897 293 844 769 161 662 165 308 778 641 273 268 320 353 304 239 530 58 525 275 701 915 599 313 606 555 100 528 0 
47
83
63
58
73
78
48
19
92
61
33
37
9
28
70
12
24
50
54
11
90
21
94
99
15
85
88
45
18
54
70
18
86
74
77
29
6
80
54
4
10
30
27
12
