30
0 657 740 920 683 980 493 345 779 281 221 702 728 594 823 443 213 853 1050 955 781 294 543 464 646 530 319 219 481 556 
657 0 466 688 26 534 740 323 123 513 437 401 870 474 488 681 598 647 764 374 460 396 280 391 147 764 373 438 708 488 
740 466 0 229 468 265 483 466 484 464 567 65 491 160 89 454 556 181 334 386 53 469 248 276 319 484 448 579 456 204 
920 688 229 0 686 296 554 683 689 639 772 294 455 330 206 551 717 67 136 515 228 673 475 477 543 539 657 786 536 364 
683 26 468 686 0 522 758 348 97 535 463 404 882 484 484 699 621 648 758 353 458 420 293 408 150 781 397 464 726 500 
980 534 265 296 522 0 745 668 486 715 785 281 716 424 178 719 810 311 284 242 213 692 443 518 415 743 668 795 719 468 
493 740 483 554 758 745 0 488 825 290 480 492 235 337 567 65 291 492 688 845 536 419 472 350 631 37 426 494 32 297 
345 323 466 683 348 668 488 0 442 211 126 411 676 363 536 423 281 621 799 612 494 77 226 214 302 520 62 132 459 345 
779 123 484 689 97 486 825 442 0 621 559 424 930 529 483 769 710 657 743 285 464 512 353 476 195 846 487 560 793 552 
281 513 464 639 535 715 290 211 621 0 191 434 503 314 551 226 98 572 769 728 510 135 305 198 445 326 149 205 265 275 
221 437 567 772 463 785 480 126 559 191 0 519 694 443 644 416 215 708 895 738 602 99 342 295 428 516 119 14 455 416 
702 401 65 294 404 281 492 411 424 434 519 0 529 156 125 455 529 246 394 356 83 422 188 238 254 499 400 531 463 197 
728 870 491 455 882 716 235 676 930 503 694 529 0 401 554 287 522 412 571 877 538 618 590 491 738 198 619 708 248 382 
594 474 160 330 484 424 337 363 529 314 443 156 401 0 249 300 401 265 458 509 211 344 198 150 337 345 329 457 307 44 
823 488 89 206 484 178 567 536 483 551 644 125 554 249 0 541 644 182 279 332 42 546 311 359 345 566 525 656 541 293 
443 681 454 551 699 719 65 423 769 226 416 455 287 300 541 0 235 487 687 804 507 354 417 293 576 100 361 430 39 258 
213 598 556 717 621 810 291 281 710 98 215 529 522 401 644 235 0 650 851 826 603 204 403 296 540 328 225 227 274 360 
853 647 181 67 648 311 492 621 657 572 708 246 412 265 182 487 650 0 202 510 193 609 419 413 500 480 593 722 473 297 
1050 764 334 136 758 284 688 799 743 769 895 394 571 458 279 687 851 202 0 525 315 796 582 600 623 671 778 909 671 494 
955 374 386 515 353 242 845 612 285 728 738 356 877 509 332 804 826 510 525 0 340 662 423 539 312 854 636 744 815 548 
781 460 53 228 458 213 536 494 464 510 602 83 538 211 42 507 603 193 315 340 0 504 270 317 315 537 483 614 509 255 
294 396 469 673 420 692 419 77 512 135 99 422 618 344 546 354 204 609 796 662 504 0 251 196 357 453 26 113 392 319 
543 280 248 475 293 443 472 226 353 305 342 188 590 198 311 417 403 419 582 423 270 251 0 125 159 493 226 352 440 208 
464 391 276 477 408 518 350 214 476 198 295 238 491 150 359 293 296 413 600 539 317 196 125 0 283 373 180 309 318 131 
646 147 319 543 150 415 631 302 195 445 428 254 738 337 345 576 540 500 623 312 315 357 159 283 0 651 331 433 599 357 
530 764 484 539 781 743 37 520 846 326 516 499 198 345 566 100 328 480 671 854 537 453 493 373 651 0 459 530 61 308 
319 373 448 657 397 668 426 62 487 149 119 400 619 329 525 361 225 593 778 636 483 26 226 180 331 459 0 131 398 306 
219 438 579 786 464 795 494 132 560 205 14 531 708 457 656 430 227 722 909 744 614 113 352 309 433 530 131 0 469 430 
481 708 456 536 726 719 32 459 793 265 455 463 248 307 541 39 274 473 671 815 509 392 440 318 599 61 398 469 0 267 
556 488 204 364 500 468 297 345 552 275 416 197 382 44 293 258 360 297 494 548 255 319 208 131 357 308 306 430 267 0 
32
39
10
1
50
74
1
60
60
53
28
37
7
59
72
64
51
98
80
41
74
38
62
6
58
62
96
59
46
