80
0 49 57 41 46 9 52 36 29 38 42 61 61 58 49 22 26 82 4 98 98 62 44 4 37 61 72 70 71 38 18 40 97 54 61 1 25 54 49 10 49 36 75 90 79 74 64 79 56 23 57 36 43 35 76 87 34 93 54 57 58 21 51 77 50 14 34 6 79 76 72 35 69 37 68 73 43 44 12 80 
49 0 18 31 33 41 55 44 54 11 26 55 66 63 23 48 23 68 49 72 75 76 14 47 17 13 76 69 76 23 52 11 70 8 43 48 31 16 42 41 68 14 85 68 85 67 73 55 20 29 20 27 16 42 31 53 51 76 19 72 64 28 14 41 33 36 20 45 83 52 54 49 71 13 19 53 6 63 37 75 
57 18 0 26 24 49 47 41 56 22 21 43 58 55 12 53 31 51 56 55 58 69 14 54 21 11 68 58 68 22 58 18 53 10 28 56 36 3 34 48 64 21 77 51 77 53 65 38 3 35 3 26 15 39 19 35 50 59 4 65 56 38 6 23 22 44 24 52 73 35 37 46 62 20 22 36 23 60 46 61 
41 31 26 0 5 32 24 15 30 25 5 26 35 32 14 28 23 43 39 57 57 45 17 37 16 36 46 39 45 9 34 21 57 30 20 40 16 24 12 31 38 20 54 49 55 39 42 38 24 20 25 7 15 13 45 48 24 54 22 41 33 30 23 40 10 28 14 35 52 36 31 20 41 20 46 32 31 34 33 47 
46 33 24 5 0 37 23 19 34 29 7 22 34 31 12 33 27 38 44 52 52 45 19 42 20 35 44 37 44 13 39 24 52 30 15 45 21 23 10 36 40 24 53 44 53 35 41 33 22 25 23 11 17 17 42 43 28 49 20 41 32 34 22 35 5 33 18 40 50 31 26 24 38 24 46 27 34 37 38 43 
9 41 49 32 37 0 46 29 24 30 33 55 56 53 40 17 18 75 8 89 89 57 35 6 28 53 67 64 66 29 16 32 88 46 52 8 16 46 42 2 44 28 70 81 74 67 59 70 47 14 48 27 34 29 68 78 29 86 45 52 53 13 43 68 41 5 25 4 74 67 63 30 64 29 60 64 35 39 5 74 
52 55 47 24 23 46 0 17 27 49 29 13 11 8 35 31 44 34 49 54 52 22 41 48 40 58 22 18 21 33 37 45 56 53 25 52 34 46 13 44 22 44 30 45 31 22 18 39 45 39 46 30 39 18 63 56 20 45 43 19 9 50 45 51 26 44 37 46 29 39 29 17 18 44 69 33 55 21 50 28 
36 44 41 15 19 29 17 0 15 36 20 27 27 24 29 16 28 48 33 66 65 32 31 32 27 50 38 35 37 22 22 33 66 44 30 36 17 39 15 27 24 31 43 58 46 38 31 47 39 22 40 18 29 2 60 61 9 59 37 28 24 33 38 54 24 27 24 30 45 46 39 5 35 31 60 41 42 19 33 45 
29 54 56 30 34 24 27 15 0 44 35 40 34 32 44 7 34 61 25 81 79 33 43 25 37 62 44 45 43 34 11 43 81 56 45 29 23 53 30 22 20 40 46 72 50 49 35 62 54 27 55 30 41 17 75 76 7 72 52 28 31 34 50 69 39 25 34 23 51 61 54 11 42 41 72 56 51 15 29 55 
38 11 22 25 29 30 49 36 44 0 22 51 60 57 21 38 12 66 38 74 76 68 11 36 9 23 71 64 70 16 41 5 73 16 41 37 21 19 37 30 60 5 79 68 80 64 67 55 23 18 23 19 13 34 40 56 43 74 21 64 58 17 16 45 30 25 12 34 77 52 52 41 66 5 30 51 7 55 26 72 
42 26 21 5 7 33 29 20 35 22 0 29 40 37 9 32 21 44 40 56 56 50 12 38 13 31 50 43 50 6 38 17 55 25 19 41 17 19 16 32 43 17 59 48 59 42 47 37 19 20 20 6 10 18 40 45 29 53 17 46 38 28 18 36 8 29 11 36 57 34 30 25 45 17 41 31 27 39 34 50 
61 55 43 26 22 55 13 27 40 51 29 0 18 17 32 43 49 21 59 41 39 33 41 57 42 54 25 15 25 35 49 46 43 50 15 61 40 42 14 53 35 46 37 32 34 13 27 26 40 44 40 33 39 26 55 43 33 32 39 32 20 55 42 41 22 52 40 55 30 26 16 29 19 46 65 20 56 34 57 21 
61 66 58 35 34 56 11 27 34 60 40 18 0 3 46 39 55 34 57 57 53 15 52 57 51 69 11 12 10 44 44 56 59 64 33 61 44 57 24 54 20 55 20 48 20 20 9 44 55 49 56 41 50 28 73 61 27 44 54 14 3 60 56 59 36 54 48 55 18 44 34 26 8 55 80 38 66 22 60 22 
58 63 55 32 31 53 8 24 32 57 37 17 3 0 43 37 52 34 55 56 53 16 49 54 48 66 14 13 13 41 42 53 59 61 31 58 41 54 21 51 20 52 23 47 23 21 11 43 52 46 53 38 47 25 70 60 25 45 51 15 3 57 53 57 33 51 45 52 21 43 33 23 11 52 77 37 63 21 57 23 
49 23 12 14 12 40 35 29 44 21 9 32 46 43 0 41 25 45 47 53 55 57 10 45 15 23 56 47 56 11 46 16 52 18 20 48 25 11 22 39 52 17 65 47 65 44 53 34 10 26 11 14 8 27 31 39 38 53 8 53 44 32 10 28 10 35 15 43 62 31 31 34 50 16 34 30 26 48 40 52 
22 48 53 28 33 17 31 16 7 38 32 43 39 37 41 0 27 64 18 82 81 40 39 18 32 58 50 49 49 31 6 38 82 51 46 22 17 50 31 15 27 34 53 74 57 53 42 63 51 20 52 27 38 17 72 76 12 75 49 35 36 27 47 68 38 18 29 16 57 62 55 14 47 35 67 57 45 22 22 59 
26 23 31 23 27 18 44 28 34 12 21 49 55 52 25 27 0 65 26 77 77 60 18 24 11 35 66 62 65 15 30 14 76 28 40 25 11 28 35 18 50 10 71 69 74 62 59 58 31 7 32 16 18 27 50 64 33 74 29 55 52 7 25 53 29 13 10 22 73 55 51 31 62 11 42 52 18 45 15 70 
82 68 51 43 38 75 34 48 61 66 44 21 34 34 45 64 65 0 80 23 19 48 55 78 57 62 35 24 36 50 70 61 26 61 25 82 59 52 34 74 54 61 48 14 42 14 42 17 48 63 48 49 53 47 56 34 54 11 49 48 37 72 54 38 36 71 55 76 36 19 14 50 29 61 72 15 71 55 76 18 
4 49 56 39 44 8 49 33 25 38 40 59 57 55 47 18 26 80 0 96 96 58 42 2 35 61 68 67 67 36 14 40 95 54 59 4 23 53 47 8 45 36 71 88 75 71 60 77 54 21 55 34 41 33 75 85 30 91 52 53 54 21 50 75 48 13 32 4 75 74 70 32 65 37 68 71 43 40 12 77 
98 72 55 57 52 89 54 66 81 74 56 41 57 56 53 82 77 23 96 0 6 71 63 94 68 64 58 47 59 62 88 69 4 65 37 97 73 56 51 88 76 70 71 9 65 37 65 20 53 76 52 62 61 65 52 23 74 15 54 71 59 84 59 34 48 85 67 92 59 22 27 70 52 69 73 25 77 75 90 40 
98 75 58 57 52 89 52 65 79 76 56 39 53 53 55 81 77 19 96 6 0 66 65 94 69 68 53 42 54 62 87 71 10 68 37 97 73 59 50 88 73 72 66 8 60 33 60 21 55 76 55 62 63 64 56 28 72 10 57 67 56 84 62 38 48 85 67 92 54 24 27 68 47 71 77 25 80 73 90 35 
62 76 69 45 45 57 22 32 33 68 50 33 15 16 57 40 60 48 58 71 66 0 62 58 59 80 16 24 15 54 44 65 74 75 47 62 49 68 35 55 13 63 13 62 18 34 6 59 67 54 68 50 60 34 85 76 29 57 65 5 13 64 67 73 48 56 56 56 20 59 49 29 19 63 91 53 74 18 62 33 
44 14 14 17 19 35 41 31 43 11 12 41 52 49 10 39 18 55 42 63 65 62 0 40 7 19 62 55 62 9 44 6 62 13 30 43 22 11 28 34 55 8 71 57 71 53 59 44 13 21 14 13 2 29 33 47 39 63 11 58 50 25 8 35 19 30 10 38 69 41 41 36 57 7 29 40 16 50 33 61 
4 47 54 37 42 6 48 32 25 36 38 57 57 54 45 18 24 78 2 94 94 58 40 0 33 59 68 66 67 34 14 38 93 52 57 4 21 51 45 6 45 34 71 86 75 70 60 75 52 19 53 32 39 31 73 83 30 89 50 53 54 19 48 73 46 11 30 2 75 72 68 31 65 35 66 69 41 40 10 76 
37 17 21 16 20 28 40 27 37 9 13 42 51 48 15 32 11 57 35 68 69 59 7 33 0 26 62 55 61 7 37 6 67 19 32 36 15 18 28 27 51 4 70 61 71 55 58 49 20 14 21 10 7 25 40 53 34 66 18 55 49 18 15 42 21 23 3 31 68 46 43 32 57 4 35 44 15 46 26 63 
61 13 11 36 35 53 58 50 62 23 31 54 69 66 23 58 35 62 61 64 68 80 19 59 26 0 79 69 79 28 63 21 61 7 39 60 41 12 45 53 74 25 88 61 88 64 76 48 14 40 14 32 21 48 18 43 58 69 15 76 67 40 13 31 33 48 29 57 84 45 48 55 73 24 11 47 19 69 49 72 
72 76 68 46 44 67 22 38 44 71 50 25 11 14 56 50 66 35 68 58 53 16 62 68 62 79 0 11 1 55 55 67 61 74 40 72 55 67 34 65 26 66 13 49 9 21 10 47 65 60 65 52 60 39 80 65 38 43 64 18 14 71 66 65 46 65 59 66 7 48 38 37 6 66 90 42 77 30 71 18 
70 69 58 39 37 64 18 35 45 64 43 15 12 13 47 49 62 24 67 47 42 24 55 66 55 69 11 0 12 48 55 60 50 65 30 70 52 57 27 62 32 59 24 38 20 10 18 36 55 57 55 46 53 36 70 54 38 33 54 25 15 68 57 54 37 62 53 64 15 37 27 35 5 59 80 31 70 34 68 10 
71 76 68 45 44 66 21 37 43 70 50 25 10 13 56 49 65 36 67 59 54 15 62 67 61 79 1 12 0 54 54 66 62 74 40 71 54 67 34 64 25 65 12 50 10 22 9 48 65 59 65 51 60 38 80 66 37 44 64 17 13 70 66 66 46 64 58 65 8 49 39 36 7 65 90 43 76 29 70 19 
38 23 22 9 13 29 33 22 34 16 6 35 44 41 11 31 15 50 36 62 62 54 9 34 7 28 55 48 54 0 36 12 61 22 25 37 14 19 21 28 46 11 63 54 64 48 51 43 20 15 21 4 7 20 41 50 30 59 18 50 42 22 16 39 14 24 5 32 61 40 36 27 50 11 38 37 22 41 29 56 
18 52 58 34 39 16 37 22 11 41 38 49 44 42 46 6 30 70 14 88 87 44 44 14 37 63 55 55 54 36 0 42 88 56 52 18 22 55 37 14 31 38 57 80 61 59 46 69 56 23 57 32 43 23 77 82 17 81 54 39 41 28 52 74 44 18 34 13 62 68 61 20 52 39 71 63 48 26 21 65 
40 11 18 21 24 32 45 33 43 5 17 46 56 53 16 38 14 61 40 69 71 65 6 38 6 21 67 60 66 12 42 0 68 14 36 39 21 15 33 32 57 4 75 63 76 59 63 50 18 19 19 16 8 31 37 52 40 69 16 61 54 21 12 40 25 27 9 36 73 47 47 38 62 3 29 46 10 52 29 67 
97 70 53 57 52 88 56 66 81 73 55 43 59 59 52 82 76 26 95 4 10 74 62 93 67 61 61 50 62 61 88 68 0 63 37 96 72 54 51 87 78 69 74 12 68 40 68 19 51 75 50 61 60 65 49 20 74 19 52 73 62 83 57 31 47 84 66 91 62 21 28 70 55 68 70 25 75 77 89 43 
54 8 10 30 30 46 53 44 56 16 25 50 64 61 18 51 28 61 54 65 68 75 13 52 19 7 74 65 74 22 56 14 63 0 37 53 34 9 40 46 68 18 83 61 83 62 71 48 13 33 13 26 15 42 24 45 52 69 12 71 62 33 8 33 28 41 22 50 80 45 47 49 68 17 16 46 14 63 42 70 
61 43 28 20 15 52 25 30 45 41 19 15 33 31 20 46 40 25 59 37 37 47 30 57 32 39 40 30 40 25 52 36 37 37 0 60 36 28 15 51 47 36 52 29 49 25 42 18 25 39 25 25 28 29 40 31 38 34 25 44 34 47 29 26 11 48 30 55 45 16 11 34 34 36 50 12 46 45 53 33 
1 48 56 40 45 8 52 36 29 37 41 61 61 58 48 22 25 82 4 97 97 62 43 4 36 60 72 70 71 37 18 39 96 53 60 0 24 53 49 9 49 35 75 89 79 74 64 78 55 22 56 35 42 35 75 86 34 93 53 57 58 20 50 76 49 13 33 6 79 75 71 35 69 36 67 72 42 44 11 80 
25 31 36 16 21 16 34 17 23 21 17 40 44 41 25 17 11 59 23 73 73 49 22 21 15 41 55 52 54 14 22 21 72 34 36 24 0 33 26 15 39 17 60 65 63 53 48 54 34 5 35 11 21 16 55 62 22 70 32 44 41 16 30 53 25 12 12 19 62 51 47 20 52 18 50 48 28 34 17 60 
54 16 3 24 23 46 46 39 53 19 19 42 57 54 11 50 28 52 53 56 59 68 11 51 18 12 67 57 67 19 55 15 54 9 28 53 33 0 33 45 62 18 76 52 76 53 64 39 4 32 4 23 12 37 22 37 48 60 3 64 55 35 3 26 21 41 21 49 72 36 38 44 61 17 23 37 21 58 43 61 
49 42 34 12 10 42 13 15 30 37 16 14 24 21 22 31 35 34 47 51 50 35 28 45 28 45 34 27 34 21 37 33 51 40 15 49 26 33 0 40 32 32 43 43 43 27 31 32 32 30 33 19 26 14 51 46 23 45 30 32 22 41 32 41 13 38 26 43 41 31 24 19 29 32 56 26 43 30 43 35 
10 41 48 31 36 2 44 27 22 30 32 53 54 51 39 15 18 74 8 88 88 55 34 6 27 53 65 62 64 28 14 32 87 46 51 9 15 45 40 0 42 28 68 80 72 65 57 69 46 13 47 26 33 27 67 77 27 85 44 50 51 14 42 67 40 5 24 4 72 66 62 28 62 29 60 63 35 37 7 72 
49 68 64 38 40 44 22 24 20 60 43 35 20 20 52 27 50 54 45 76 73 13 55 45 51 74 26 32 25 46 31 57 78 68 47 49 39 62 32 42 0 55 26 67 30 40 16 61 62 43 63 42 53 26 82 78 17 64 60 8 17 53 61 73 45 44 48 43 32 61 51 19 28 55 84 55 66 5 49 42 
36 14 21 20 24 28 44 31 40 5 17 46 55 52 17 34 10 61 36 70 72 63 8 34 4 25 66 59 65 11 38 4 69 18 36 35 17 18 32 28 55 0 74 64 75 59 62 51 21 15 22 14 9 29 40 55 38 70 19 59 53 17 15 43 25 23 7 32 72 48 47 36 61 1 33 47 12 50 25 67 
75 85 77 54 53 70 30 43 46 79 59 37 20 23 65 53 71 48 71 71 66 13 71 71 70 88 13 24 12 63 57 75 74 83 52 75 60 76 43 68 26 74 0 62 7 34 12 60 75 65 76 60 69 45 92 78 41 56 73 18 21 76 75 78 56 68 67 69 12 61 51 41 19 74 99 55 85 31 74 31 
90 68 51 49 44 81 45 58 72 68 48 32 48 47 47 74 69 14 88 9 8 62 57 86 61 61 49 38 50 54 80 63 12 61 29 89 65 52 43 80 67 64 62 0 56 28 56 13 48 68 48 54 55 57 50 24 65 10 49 62 50 76 54 32 40 77 59 84 50 16 19 61 43 63 70 17 72 66 82 31 
79 85 77 55 53 74 31 46 50 80 59 34 20 23 65 57 74 42 75 65 60 18 71 75 71 88 9 20 10 64 61 76 68 83 49 79 63 76 43 72 30 75 7 56 0 29 15 56 74 68 74 61 69 47 89 74 45 50 73 22 22 79 75 74 55 72 68 73 6 57 47 44 15 75 99 51 86 35 78 25 
74 67 53 39 35 67 22 38 49 64 42 13 20 21 44 53 62 14 71 37 33 34 53 70 55 64 21 10 22 48 59 59 40 62 25 74 53 53 27 65 40 59 34 28 29 0 28 27 50 57 50 46 51 39 63 45 42 24 50 34 23 68 54 46 34 64 53 68 24 28 19 39 15 59 75 23 69 42 70 8 
64 73 65 42 41 59 18 31 35 67 47 27 9 11 53 42 59 42 60 65 60 6 59 60 58 76 10 18 9 51 46 63 68 71 42 64 48 64 31 57 16 62 12 56 15 28 0 53 63 53 64 48 57 33 81 70 30 51 61 8 9 64 63 68 44 57 55 58 16 53 43 29 13 62 87 47 73 20 63 27 
79 55 38 38 33 70 39 47 62 55 37 26 44 43 34 63 58 17 77 20 21 59 44 75 49 48 47 36 48 43 69 50 19 48 18 78 54 39 32 69 61 51 60 13 56 27 53 0 35 57 35 43 42 46 39 18 55 21 36 58 46 65 41 21 29 66 48 73 51 3 10 51 41 50 58 6 59 60 71 33 
56 20 3 24 22 47 45 39 54 23 19 40 55 52 10 51 31 48 54 53 55 67 13 52 20 14 65 55 65 20 56 18 51 13 25 55 34 4 32 46 62 21 75 48 74 50 63 35 0 33 1 24 13 37 21 34 48 56 2 63 54 38 7 22 19 42 22 50 70 32 34 44 59 20 25 33 25 58 46 58 
23 29 35 20 25 14 39 22 27 18 20 44 49 46 26 20 7 63 21 76 76 54 21 19 14 40 60 57 59 15 23 19 75 33 39 22 5 32 30 13 43 15 65 68 68 57 53 57 33 0 34 14 20 21 54 65 26 73 31 49 46 11 29 54 28 9 11 17 67 54 50 25 57 16 48 51 25 38 14 65 
57 20 3 25 23 48 46 40 55 23 20 40 56 53 11 52 32 48 55 52 55 68 14 53 21 14 65 55 65 21 57 19 50 13 25 56 35 4 33 47 63 22 76 48 74 50 64 35 1 34 0 25 14 38 20 33 49 56 3 64 55 39 7 22 20 43 23 51 70 32 34 45 59 21 25 33 25 59 47 58 
36 27 26 7 11 27 30 18 30 19 6 33 41 38 14 27 16 49 34 62 62 50 13 32 10 32 52 46 51 4 32 16 61 26 25 35 11 23 19 26 42 14 60 54 61 46 48 43 24 14 25 0 11 16 45 51 26 59 22 46 39 23 20 42 14 23 7 30 59 40 36 23 47 14 42 37 25 37 28 54 
43 16 15 15 17 34 39 29 41 13 10 39 50 47 8 38 18 53 41 61 63 60 2 39 7 21 60 53 60 7 43 8 60 15 28 42 21 12 26 33 53 9 69 55 69 51 57 42 13 20 14 11 0 27 34 46 37 61 11 56 48 25 9 35 17 29 9 37 67 39 39 34 55 8 31 38 18 48 33 59 
35 42 39 13 17 29 18 2 17 34 18 26 28 25 27 17 27 47 33 65 64 34 29 31 25 48 39 36 38 20 23 31 65 42 29 35 16 37 14 27 26 29 45 57 47 39 33 46 37 21 38 16 27 0 58 59 11 58 35 30 25 32 36 52 22 26 22 29 46 45 38 7 36 29 58 40 40 21 32 45 
76 31 19 45 42 68 63 60 75 40 40 55 73 70 31 72 50 56 75 52 56 85 33 73 40 18 80 70 80 41 77 37 49 24 40 75 55 22 51 67 82 40 92 50 89 63 81 39 21 54 20 45 34 58 0 29 69 59 23 82 72 57 25 18 38 63 43 71 85 37 44 65 74 39 22 41 37 79 65 70 
87 53 35 48 43 78 56 61 76 56 45 43 61 60 39 76 64 34 85 23 28 76 47 83 53 43 65 54 66 50 82 52 20 45 31 86 62 37 46 77 78 55 78 24 74 45 70 18 34 65 33 51 46 59 29 0 69 34 36 75 63 71 40 12 38 74 54 81 69 17 27 65 59 54 50 23 58 76 79 51 
34 51 50 24 28 29 20 9 7 43 29 33 27 25 38 12 33 54 30 74 72 29 39 30 34 58 38 38 37 30 17 40 74 52 38 34 22 48 23 27 17 38 41 65 45 42 30 55 48 26 49 26 37 11 69 69 0 65 46 24 24 36 46 63 33 27 31 28 45 54 47 4 35 38 68 49 49 12 33 48 
93 76 59 54 49 86 45 59 72 74 53 32 44 45 53 75 74 11 91 15 10 57 63 89 66 69 43 33 44 59 81 69 19 69 34 93 70 60 45 85 64 70 56 10 50 24 51 21 56 73 56 59 61 58 59 34 65 0 57 58 47 81 62 41 45 82 64 87 44 24 23 61 38 69 79 23 79 66 87 25 
54 19 4 22 20 45 43 37 52 21 17 39 54 51 8 49 29 49 52 54 57 65 11 50 18 15 64 54 64 18 54 16 52 12 25 53 32 3 30 44 60 19 73 49 73 50 61 36 2 31 3 22 11 35 23 36 46 57 0 61 52 36 5 24 18 40 20 48 69 33 35 42 58 18 26 34 23 56 44 58 
57 72 65 41 41 52 19 28 28 64 46 32 14 15 53 35 55 48 53 71 67 5 58 53 55 76 18 25 17 50 39 61 73 71 44 57 44 64 32 50 8 59 18 62 22 34 8 58 63 49 64 46 56 30 82 75 24 58 61 0 12 59 63 70 45 51 52 51 24 58 48 24 21 59 87 52 70 13 57 35 
58 64 56 33 32 53 9 24 31 58 38 20 3 3 44 36 52 37 54 59 56 13 50 54 49 67 14 15 13 42 41 54 62 62 34 58 41 55 22 51 17 53 21 50 22 23 9 46 54 46 55 39 48 25 72 63 24 47 52 12 0 57 54 60 35 51 46 52 21 46 36 23 11 53 78 40 64 19 57 25 
21 28 38 30 34 13 50 33 34 17 28 55 60 57 32 27 7 72 21 84 84 64 25 19 18 40 71 68 70 22 28 21 83 33 47 20 16 35 41 14 53 17 76 76 79 68 64 65 38 11 39 23 25 32 57 71 36 81 36 59 57 0 32 60 36 10 17 17 78 62 58 35 68 18 47 59 22 48 9 76 
51 14 6 23 22 43 45 38 50 16 18 42 56 53 10 47 25 54 50 59 62 67 8 48 15 13 66 57 66 16 52 12 57 8 29 50 30 3 32 42 61 15 75 54 75 54 63 41 7 29 7 20 9 36 25 40 46 62 5 63 54 32 0 29 20 38 18 46 72 38 40 43 60 14 24 39 18 57 40 62 
77 41 23 40 35 68 51 54 69 45 36 41 59 57 28 68 53 38 75 34 38 73 35 73 42 31 65 54 66 39 74 40 31 33 26 76 53 26 41 67 73 43 78 32 74 46 68 21 22 54 22 42 35 52 18 12 63 41 24 70 60 60 29 0 30 63 43 71 69 19 27 59 59 42 39 24 46 71 68 53 
50 33 22 10 5 41 26 24 39 30 8 22 36 33 10 38 29 36 48 48 48 48 19 46 21 33 46 37 46 14 44 25 47 28 11 49 25 21 13 40 45 25 56 40 55 34 44 29 19 28 20 14 17 22 38 38 33 45 18 45 35 36 20 30 0 37 19 44 52 26 22 29 40 25 44 23 35 41 42 42 
14 36 44 28 33 5 44 27 25 25 29 52 54 51 35 18 13 71 13 85 85 56 30 11 23 48 65 62 64 24 18 27 84 41 48 13 12 41 38 5 44 23 68 77 72 64 57 66 42 9 43 23 29 26 63 74 27 82 40 51 51 10 38 63 37 0 20 9 72 63 59 28 62 24 55 60 30 39 6 71 
34 20 24 14 18 25 37 24 34 12 11 40 48 45 15 29 10 55 32 67 67 56 10 30 3 29 59 53 58 5 34 9 66 22 30 33 12 21 26 24 48 7 67 59 68 53 55 48 22 11 23 7 9 22 43 54 31 64 20 52 46 17 18 43 19 20 0 28 66 45 41 29 54 7 38 42 18 43 25 61 
6 45 52 35 40 4 46 30 23 34 36 55 55 52 43 16 22 76 4 92 92 56 38 2 31 57 66 64 65 32 13 36 91 50 55 6 19 49 43 4 43 32 69 84 73 68 58 73 50 17 51 30 37 29 71 81 28 87 48 51 52 17 46 71 44 9 28 0 73 70 66 29 63 33 64 67 39 38 9 74 
79 83 73 52 50 74 29 45 51 77 57 30 18 21 62 57 73 36 75 59 54 20 69 75 68 84 7 15 8 61 62 73 62 80 45 79 62 72 41 72 32 72 12 50 6 24 16 51 70 67 70 59 67 46 85 69 45 44 69 24 21 78 72 69 52 72 66 73 0 52 42 44 12 72 95 46 83 36 78 19 
76 52 35 36 31 67 39 46 61 52 34 26 44 43 31 62 55 19 74 22 24 59 41 72 46 45 48 37 49 40 68 47 21 45 16 75 51 36 31 66 61 48 61 16 57 28 53 3 32 54 32 40 39 45 37 17 54 24 33 58 46 62 38 19 26 63 45 70 52 0 10 50 42 47 55 6 56 60 68 35 
72 54 37 31 26 63 29 39 54 52 30 16 34 33 31 55 51 14 70 27 27 49 41 68 43 48 38 27 39 36 61 47 28 47 11 71 47 38 24 62 51 47 51 19 47 19 43 10 34 50 34 36 39 38 44 27 47 23 35 48 36 58 40 27 22 59 41 66 42 10 0 43 32 47 59 4 57 50 64 26 
35 49 46 20 24 30 17 5 11 41 25 29 26 23 34 14 31 50 32 70 68 29 36 31 32 55 37 35 36 27 20 38 70 49 34 35 20 44 19 28 19 36 41 61 44 39 29 51 44 25 45 23 34 7 65 65 4 61 42 24 23 35 43 59 29 28 29 29 44 50 43 0 34 36 65 45 47 15 34 45 
69 71 62 41 38 64 18 35 42 66 45 19 8 11 50 47 62 29 65 52 47 19 57 65 57 73 6 5 7 50 52 62 55 68 34 69 52 61 29 62 28 61 19 43 15 15 13 41 59 57 59 47 55 36 74 59 35 38 58 21 11 68 60 59 40 62 54 63 12 42 32 34 0 61 84 36 72 30 68 14 
37 13 20 20 24 29 44 31 41 5 17 46 55 52 16 35 11 61 37 69 71 63 7 35 4 24 66 59 65 11 39 3 68 17 36 36 18 17 32 29 55 1 74 63 75 59 62 50 20 16 21 14 8 29 39 54 38 69 18 59 53 18 14 42 25 24 7 33 72 47 47 36 61 0 32 46 11 50 26 67 
68 19 22 46 46 60 69 60 72 30 41 65 80 77 34 67 42 72 68 73 77 91 29 66 35 11 90 80 90 38 71 29 70 16 50 67 50 23 56 60 84 33 99 70 99 75 87 58 25 48 25 42 31 58 22 50 68 79 26 87 78 47 24 39 44 55 38 64 95 55 59 65 84 32 0 57 25 79 56 83 
73 53 36 32 27 64 33 41 56 51 31 20 38 37 30 57 52 15 71 25 25 53 40 69 44 47 42 31 43 37 63 46 25 46 12 72 48 37 26 63 55 47 55 17 51 23 47 6 33 51 33 37 38 40 41 23 49 23 34 52 40 59 39 24 23 60 42 67 46 6 4 45 36 46 57 0 56 54 65 30 
43 6 23 31 34 35 55 42 51 7 27 56 66 63 26 45 18 71 43 77 80 74 16 41 15 19 77 70 76 22 48 10 75 14 46 42 28 21 43 35 66 12 85 72 86 69 73 59 25 25 25 25 18 40 37 58 49 79 23 70 64 22 18 46 35 30 18 39 83 56 57 47 72 11 25 56 0 61 31 77 
44 63 60 34 37 39 21 19 15 55 39 34 22 21 48 22 45 55 40 75 73 18 50 40 46 69 30 34 29 41 26 52 77 63 45 44 34 58 30 37 5 50 31 66 35 42 20 60 58 38 59 37 48 21 79 76 12 66 56 13 19 48 57 71 41 39 43 38 36 60 50 15 30 50 79 54 61 0 44 44 
12 37 46 33 38 5 50 33 29 26 34 57 60 57 40 22 15 76 12 90 90 62 33 10 26 49 71 68 70 29 21 29 89 42 53 11 17 43 43 7 49 25 74 82 78 70 63 71 46 14 47 28 33 32 65 79 33 87 44 57 57 9 40 68 42 6 25 9 78 68 64 34 68 26 56 65 31 44 0 77 
80 75 61 47 43 74 28 45 55 72 50 21 22 23 52 59 70 18 77 40 35 33 61 76 63 72 18 10 19 56 65 67 43 70 33 80 60 61 35 72 42 67 31 31 25 8 27 33 58 65 58 54 59 45 70 51 48 25 58 35 25 76 62 53 42 71 61 74 19 35 26 45 14 67 83 30 77 44 77 0 
87
42
38
84
69
6
62
65
44
70
10
6
96
30
18
46
91
64
48
48
50
55
73
38
78
65
48
86
70
9
89
95
36
94
29
17
94
76
44
79
89
78
92
75
74
65
95
98
28
37
88
24
42
16
97
79
43
29
91
10
74
2
37
57
51
24
13
35
73
37
99
88
45
70
33
54
8
90
8
