80
0 42 40 61 16 58 90 54 60 39 66 45 51 44 60 40 60 35 64 89 38 34 75 74 51 47 36 18 78 49 69 11 73 50 60 39 57 14 64 46 77 53 16 48 85 31 57 70 69 54 17 80 76 80 21 61 44 82 85 23 44 25 44 57 10 26 90 44 79 70 43 27 74 73 42 62 76 73 60 58 
42 0 43 57 37 53 55 48 67 33 51 14 58 13 44 16 38 18 27 54 11 24 39 40 13 10 12 34 42 31 58 37 34 17 26 55 23 28 36 11 35 59 26 33 49 13 62 54 57 21 25 55 39 48 31 25 36 57 49 19 9 46 48 25 37 20 58 37 37 55 2 19 37 37 14 20 46 31 21 16 
40 43 0 21 24 18 63 14 24 11 29 33 15 55 25 28 30 54 50 60 51 19 57 48 41 53 31 54 58 21 29 48 76 36 39 15 39 37 36 37 70 16 37 18 64 44 19 33 30 36 39 46 58 51 54 44 11 48 61 37 37 19 5 36 47 47 59 10 76 32 42 46 56 53 55 57 46 67 64 57 
61 57 21 0 45 4 56 9 20 27 18 45 17 70 20 41 28 72 54 53 67 36 57 45 50 66 47 74 56 27 12 69 85 44 43 29 43 57 34 48 76 15 57 25 59 62 14 21 15 43 59 35 57 43 74 48 22 37 55 57 50 39 18 40 68 67 50 21 84 19 55 66 57 52 70 66 38 74 74 67 
16 37 24 45 0 42 78 38 45 24 51 36 36 45 45 30 46 39 57 75 39 21 66 61 44 46 28 31 68 35 53 25 71 41 49 24 46 16 50 39 71 38 17 33 75 31 42 55 54 43 19 66 67 66 32 52 29 68 74 22 37 11 28 45 24 30 76 29 74 55 38 30 65 63 43 57 62 68 58 53 
58 53 18 4 42 0 54 5 22 23 16 41 18 66 16 37 24 68 50 51 63 32 53 41 46 62 43 70 52 23 12 66 81 40 39 28 39 53 30 44 72 17 53 21 57 58 16 19 14 39 55 33 53 41 70 44 18 35 53 53 46 37 16 36 65 63 48 17 80 17 51 62 53 48 66 62 36 70 70 63 
90 55 63 56 78 54 0 53 76 55 38 45 72 65 39 50 33 73 30 3 66 57 18 17 42 60 54 89 14 43 45 88 61 40 30 78 33 76 28 46 44 71 75 46 10 68 70 36 42 36 75 23 18 13 86 30 52 22 6 69 48 78 66 33 88 75 10 53 54 38 53 74 20 18 67 46 18 46 57 51 
54 48 14 9 38 5 53 0 24 18 15 36 19 61 14 32 21 63 46 50 58 27 50 39 41 57 38 65 49 18 15 61 76 35 35 26 35 49 27 39 68 18 48 16 55 53 18 19 16 34 50 32 50 40 65 40 13 34 51 48 41 33 14 32 61 58 47 12 76 18 46 57 50 45 61 57 35 66 65 58 
60 67 24 20 45 22 76 24 0 35 38 57 9 79 38 52 45 78 70 73 75 43 74 63 65 77 55 76 73 42 32 70 100 59 59 21 59 59 51 61 92 8 60 39 79 68 6 41 35 58 62 55 74 63 76 64 33 57 75 61 61 35 19 56 69 71 70 32 100 39 66 70 74 69 79 81 58 90 88 81 
39 33 11 27 24 23 55 18 35 0 27 22 26 45 21 17 22 45 39 52 41 9 48 39 30 42 21 47 49 12 31 44 65 25 30 25 28 31 27 26 59 27 31 9 55 35 30 31 31 25 32 42 49 43 47 34 5 44 52 30 26 23 16 26 43 40 52 6 65 31 31 39 47 44 45 46 38 56 53 46 
66 51 29 18 51 16 38 15 38 27 0 37 34 64 7 36 13 68 39 35 62 34 40 27 40 60 42 73 38 20 9 71 73 34 28 41 29 58 18 40 61 33 57 20 41 58 32 4 6 30 58 17 40 25 73 33 22 19 37 55 42 48 29 26 70 64 32 22 70 4 49 63 40 35 65 54 20 60 63 56 
45 14 33 45 36 41 45 36 57 22 37 0 48 27 30 6 24 32 21 44 25 16 30 29 8 23 9 44 33 18 44 43 43 5 15 47 12 31 23 4 37 49 30 20 40 23 51 40 43 9 30 42 31 37 41 16 24 44 40 24 5 41 38 13 43 30 47 25 43 41 12 29 29 28 28 24 35 34 31 24 
51 58 15 17 36 18 72 19 9 26 34 48 0 70 33 43 40 69 63 69 66 34 69 58 56 68 46 67 68 34 29 61 91 50 52 13 52 50 46 52 84 2 51 31 74 59 6 37 32 49 53 51 69 59 67 57 24 53 70 52 52 26 10 49 60 62 66 23 91 35 57 61 69 64 70 72 54 82 79 72 
44 13 55 70 45 66 65 61 79 45 64 27 70 0 57 29 51 11 35 65 6 36 47 51 24 5 24 32 51 44 71 37 29 30 38 65 35 31 49 24 35 71 29 46 57 14 74 67 70 34 28 68 47 60 28 36 49 69 59 23 22 55 60 38 38 19 70 50 35 68 15 18 45 48 3 21 58 31 16 16 
60 44 25 20 45 16 39 14 38 21 7 30 33 57 0 29 8 61 34 36 55 27 37 25 34 53 35 66 36 13 14 64 68 28 23 39 24 51 14 33 56 32 50 13 41 51 32 10 13 25 51 21 37 26 66 28 17 23 37 48 35 43 27 21 63 57 34 17 65 11 42 56 37 32 58 49 21 55 58 51 
40 16 28 41 30 37 50 32 52 17 36 6 43 29 29 0 24 32 27 49 26 10 36 34 14 25 6 41 39 16 43 39 48 11 20 41 17 27 25 9 42 44 26 17 46 22 47 39 42 14 26 44 37 41 39 22 20 46 45 21 9 35 33 17 39 28 51 21 48 40 14 27 35 34 29 29 37 39 36 29 
60 38 30 28 46 24 33 21 45 22 13 24 40 51 8 24 0 56 26 30 49 26 29 18 27 47 30 65 28 11 22 63 60 21 15 45 16 50 6 27 48 39 49 13 34 46 39 16 19 17 50 20 29 21 63 20 19 22 31 45 29 45 33 13 62 52 30 20 57 17 36 51 29 24 52 41 16 47 50 43 
35 18 54 72 39 68 73 63 78 45 68 32 69 11 61 32 56 0 44 72 7 36 56 58 31 15 26 21 60 48 75 26 40 35 44 62 41 23 54 29 45 70 22 49 66 10 73 71 74 39 20 73 56 66 17 43 50 75 67 18 27 50 59 43 27 9 76 51 46 72 20 9 54 55 8 31 64 41 27 26 
64 27 50 54 57 50 30 46 70 39 39 21 63 35 34 27 26 44 0 30 37 37 12 19 14 30 29 61 16 29 48 61 35 16 11 64 12 51 22 18 22 63 49 32 22 40 64 41 45 14 48 38 12 28 58 6 39 39 24 42 20 62 54 14 61 47 37 40 31 43 25 46 10 13 37 18 28 21 29 22 
89 54 60 53 75 51 3 50 73 52 35 44 69 65 36 49 30 72 30 0 65 55 19 15 41 60 53 88 15 40 42 87 62 39 29 75 32 75 25 45 45 68 74 43 11 67 67 33 39 35 74 20 19 10 85 29 49 19 7 68 47 75 63 32 87 74 8 50 55 35 52 73 21 17 67 47 15 47 58 52 
38 11 51 67 39 63 66 58 75 41 62 25 66 6 55 26 49 7 37 65 0 32 49 51 24 9 20 27 53 42 69 31 35 28 37 60 34 25 47 22 39 67 23 43 59 8 70 65 68 32 22 66 49 59 23 36 45 68 60 17 20 49 56 36 32 13 69 46 41 66 13 12 47 48 4 25 57 35 22 20 
34 24 19 36 21 32 57 27 43 9 34 16 34 36 27 10 26 36 37 55 32 0 46 40 24 34 12 39 47 15 39 37 58 21 28 31 26 24 30 19 52 35 23 14 54 26 38 37 39 23 24 46 47 46 39 32 14 48 53 21 19 25 24 24 36 31 56 15 58 38 23 30 45 42 36 39 42 49 45 39 
75 39 57 57 66 53 18 50 74 48 40 30 69 47 37 36 29 56 12 19 49 46 0 13 26 42 39 73 4 36 48 73 43 25 18 72 20 61 23 30 26 68 60 39 10 52 68 39 45 23 60 32 1 20 70 14 46 32 12 54 32 71 61 22 73 59 27 47 36 41 37 58 2 5 49 28 22 28 39 33 
74 40 48 45 61 41 17 39 63 39 27 29 58 51 25 34 18 58 19 15 51 40 13 0 27 46 38 73 11 27 35 72 53 24 14 63 17 60 12 30 37 57 59 30 16 52 57 26 32 20 59 19 13 9 70 15 37 20 13 53 32 62 51 17 72 59 19 38 47 28 38 58 13 8 53 37 9 39 48 41 
51 13 41 50 44 46 42 41 65 30 40 8 56 24 34 14 27 31 14 41 24 24 26 27 0 20 16 47 29 23 48 48 35 6 14 55 11 38 25 5 29 57 36 26 36 26 59 43 46 10 35 44 26 36 44 12 32 45 36 29 7 49 46 14 48 33 46 33 35 44 11 32 24 24 26 16 34 26 24 17 
47 10 53 66 46 62 60 57 77 42 60 23 68 5 53 25 47 15 30 60 9 34 42 46 20 0 22 36 46 40 67 40 26 26 34 65 31 33 45 20 30 69 31 42 52 16 72 63 66 30 30 64 42 55 32 31 45 65 54 25 18 55 58 34 41 22 65 46 32 64 11 21 40 43 7 16 54 26 13 11 
36 12 31 47 28 43 54 38 55 21 42 9 46 24 35 6 30 26 29 53 20 12 39 38 16 22 0 35 42 22 49 34 46 14 24 43 21 22 31 11 43 47 21 23 49 16 50 45 48 18 21 50 40 46 33 25 25 52 49 15 9 35 36 22 34 22 56 26 48 46 11 21 38 37 24 29 43 40 33 27 
18 34 54 74 31 70 89 65 76 47 73 44 67 32 66 41 65 21 61 88 27 39 73 73 47 36 35 0 76 54 78 7 61 49 59 55 56 17 66 43 66 69 17 53 83 21 73 76 78 53 15 85 73 81 4 59 52 87 83 20 41 42 59 57 8 14 91 53 67 77 36 15 71 71 29 52 78 62 48 47 
78 42 58 56 68 52 14 49 73 49 38 33 68 51 36 39 28 60 16 15 53 47 4 11 29 46 42 76 0 37 46 76 47 28 19 73 22 64 22 33 30 67 63 40 7 55 67 37 43 25 63 29 4 17 73 17 47 29 8 57 35 72 61 23 76 62 23 48 40 39 40 61 6 5 53 32 19 32 43 37 
49 31 21 27 35 23 43 18 42 12 20 18 34 44 13 16 11 48 29 40 42 15 36 27 23 40 22 54 37 0 27 52 58 17 18 36 18 39 15 21 51 34 38 3 43 38 36 23 26 16 39 31 37 31 53 23 10 33 40 35 23 35 25 15 51 44 41 11 58 24 29 43 35 32 45 39 27 49 47 40 
69 58 29 12 53 12 45 15 32 31 9 44 29 71 14 43 22 75 48 42 69 39 48 35 48 67 49 78 46 27 0 75 82 42 37 40 38 62 27 47 70 27 62 26 49 65 26 9 3 39 63 23 48 32 78 42 26 25 45 60 49 48 28 35 74 70 38 25 79 7 56 69 48 43 72 63 28 69 72 65 
11 37 48 69 25 66 88 61 70 44 71 43 61 37 64 39 63 26 61 87 31 37 73 72 48 40 34 7 76 52 75 0 66 48 58 49 55 13 64 43 70 63 14 51 83 24 67 74 75 52 13 83 73 80 10 59 49 85 83 19 41 35 53 56 1 18 90 50 72 75 39 19 71 71 34 55 76 66 53 51 
73 34 76 85 71 81 61 76 100 65 73 43 91 29 68 48 60 40 35 62 35 58 43 53 35 26 46 61 47 58 82 66 0 41 45 89 44 59 56 39 17 92 57 61 51 42 94 75 79 44 56 72 43 62 57 40 67 73 55 51 39 80 81 47 67 48 70 68 9 77 35 47 41 46 32 19 62 15 13 19 
50 17 36 44 41 40 40 35 59 25 34 5 50 30 28 11 21 35 16 39 28 21 25 24 6 26 14 49 28 17 42 48 41 0 10 50 7 36 19 6 34 51 35 20 35 28 53 37 40 4 35 38 26 32 46 11 26 40 35 29 8 46 41 8 48 35 42 27 41 38 15 34 24 23 31 22 30 32 30 23 
60 26 39 43 49 39 30 35 59 30 28 15 52 38 23 20 15 44 11 29 37 28 18 14 14 34 24 59 19 18 37 58 45 10 0 54 3 46 11 16 33 52 45 21 26 38 53 30 34 6 45 30 19 22 56 5 28 31 25 39 18 53 43 4 58 45 32 29 42 32 24 44 17 14 40 27 20 32 37 30 
39 55 15 29 24 28 78 26 21 25 41 47 13 65 39 41 45 62 64 75 60 31 72 63 55 65 43 55 73 36 40 49 89 50 54 0 53 40 51 50 83 15 41 33 79 53 19 45 42 50 43 58 73 65 56 59 26 60 76 44 50 14 12 51 48 54 73 25 89 44 54 53 71 68 64 70 60 80 76 70 
57 23 39 43 46 39 33 35 59 28 29 12 52 35 24 17 16 41 12 32 34 26 20 17 11 31 21 56 22 18 38 55 44 7 3 53 0 43 14 13 33 52 42 21 29 35 53 32 35 3 42 33 21 25 53 6 28 34 28 36 15 51 43 3 55 42 35 29 41 33 21 41 19 17 37 25 23 31 34 27 
14 28 37 57 16 53 76 49 59 31 58 31 50 31 51 27 50 23 51 75 25 24 61 60 38 33 22 17 64 39 62 13 59 36 46 40 43 0 52 33 63 52 2 38 71 17 56 61 62 40 3 70 62 68 17 47 36 72 71 9 31 27 42 44 12 14 78 37 65 62 29 14 60 59 29 48 64 59 46 44 
64 36 36 34 50 30 28 27 51 27 18 23 46 49 14 25 6 54 22 25 47 30 23 12 25 45 31 66 22 15 27 64 56 19 11 51 14 52 0 25 44 45 51 18 28 46 45 19 24 15 51 19 23 16 64 16 25 21 25 46 27 50 39 11 64 53 26 26 53 21 34 52 23 18 50 38 12 43 48 41 
46 11 37 48 39 44 46 39 61 26 40 4 52 24 33 9 27 29 18 45 22 19 30 30 5 20 11 43 33 21 47 43 39 6 16 50 13 33 25 0 33 53 31 24 40 22 55 43 46 10 30 44 30 38 40 16 28 46 40 24 2 44 42 14 43 29 48 29 39 44 9 28 28 28 25 20 36 30 27 20 
77 35 70 76 71 72 44 68 92 59 61 37 84 35 56 42 48 45 22 45 39 52 26 37 29 30 43 66 30 51 70 70 17 34 33 83 33 63 44 33 0 85 61 54 34 46 86 63 67 35 60 56 26 45 62 28 60 57 38 54 35 77 75 36 71 52 53 61 10 65 34 51 24 29 37 15 46 4 20 19 
53 59 16 15 38 17 71 18 8 27 33 49 2 71 32 44 39 70 63 68 67 35 68 57 57 69 47 69 67 34 27 63 92 51 52 15 52 52 45 53 85 0 52 31 73 60 4 36 30 50 54 50 68 58 69 57 25 52 69 53 53 28 11 49 62 63 65 24 92 34 58 62 68 63 71 73 53 83 80 73 
16 26 37 57 17 53 75 48 60 31 57 30 51 29 50 26 49 22 49 74 23 23 60 59 36 31 21 17 63 38 62 14 57 35 45 41 42 2 51 31 61 52 0 37 70 15 56 60 62 39 2 69 61 67 17 46 36 71 70 7 29 28 42 43 14 13 77 37 63 61 27 13 59 58 27 46 63 57 44 42 
48 33 18 25 33 21 46 16 39 9 20 20 31 46 13 17 13 49 32 43 43 14 39 30 26 42 23 53 40 3 26 51 61 20 21 33 21 38 18 24 54 31 37 0 46 39 33 23 25 19 38 33 40 34 53 26 7 35 43 35 25 32 22 18 50 44 43 8 61 24 31 43 38 35 46 42 29 52 50 43 
85 49 64 59 75 57 10 55 79 55 41 40 74 57 41 46 34 66 22 11 59 54 10 16 36 52 49 83 7 43 49 83 51 35 26 79 29 71 28 40 34 73 70 46 0 62 73 40 46 32 70 29 10 17 80 24 53 29 5 64 42 78 67 30 83 69 19 54 44 42 47 68 12 12 59 38 21 36 49 43 
31 13 44 62 31 58 68 53 68 35 58 23 59 14 51 22 46 10 40 67 8 26 52 52 26 16 16 21 55 38 65 24 42 28 38 53 35 17 46 22 46 60 15 39 62 0 63 61 64 32 14 65 52 60 18 38 40 67 62 9 20 41 49 36 25 7 70 41 48 62 15 6 50 50 12 31 58 42 29 27 
57 62 19 14 42 16 70 18 6 30 32 51 6 74 32 47 39 73 64 67 70 38 68 57 59 72 50 73 67 36 26 67 94 53 53 19 53 56 45 55 86 4 56 33 73 63 0 35 29 52 58 49 68 57 73 58 27 51 69 56 56 32 14 50 66 66 64 26 94 33 61 65 68 63 74 75 52 84 82 75 
70 54 33 21 55 19 36 19 41 31 4 40 37 67 10 39 16 71 41 33 65 37 39 26 43 63 45 76 37 23 9 74 75 37 30 45 32 61 19 43 63 36 60 23 40 61 35 0 6 33 61 14 39 23 76 35 26 16 36 58 45 52 33 29 73 67 29 26 72 2 52 66 39 34 68 57 19 62 66 59 
69 57 30 15 54 14 42 16 35 31 6 43 32 70 13 42 19 74 45 39 68 39 45 32 46 66 48 78 43 26 3 75 79 40 34 42 35 62 24 46 67 30 62 25 46 64 29 6 0 36 63 20 45 29 78 39 26 22 42 60 48 49 30 32 74 69 35 25 76 4 55 68 45 40 71 60 25 66 69 62 
54 21 36 43 43 39 36 34 58 25 30 9 49 34 25 14 17 39 14 35 32 23 23 20 10 30 18 53 25 16 39 52 44 4 6 50 3 40 15 10 35 50 39 19 32 32 52 33 36 0 39 34 24 28 50 9 25 36 31 33 12 48 40 4 52 39 38 26 43 34 19 38 22 20 35 25 26 33 34 27 
17 25 39 59 19 55 75 50 62 32 58 30 53 28 51 26 50 20 48 74 22 24 60 59 35 30 21 15 63 39 63 13 56 35 45 43 42 3 51 30 60 54 2 38 70 14 58 61 63 39 0 70 60 67 15 46 37 72 70 6 28 30 44 43 13 11 77 38 62 62 26 11 58 58 26 45 63 56 43 41 
80 55 46 35 66 33 23 32 55 42 17 42 51 68 21 44 20 73 38 20 66 46 32 19 44 64 50 85 29 31 23 83 72 38 30 58 33 70 19 44 56 50 69 33 29 65 49 14 20 34 70 0 32 12 83 34 38 2 25 65 46 64 46 30 82 72 15 38 66 16 53 71 32 27 69 56 10 58 67 60 
76 39 58 57 67 53 18 50 74 49 40 31 69 47 37 37 29 56 12 19 49 47 1 13 26 42 40 73 4 37 48 73 43 26 19 73 21 62 23 30 26 68 61 40 10 52 68 39 45 24 60 32 0 20 70 15 47 32 12 54 32 72 62 23 73 59 27 48 36 41 37 58 2 5 49 28 22 28 39 33 
80 48 51 43 66 41 13 40 63 43 25 37 59 60 26 41 21 66 28 10 59 46 20 9 36 55 46 81 17 31 32 80 62 32 22 65 25 68 16 38 45 58 67 34 17 60 57 23 29 28 67 12 20 0 78 24 40 12 13 61 40 66 53 25 80 67 10 41 55 25 46 66 21 16 62 46 5 47 57 50 
21 31 54 74 32 70 86 65 76 47 73 41 67 28 66 39 63 17 58 85 23 39 70 70 44 32 33 4 73 53 78 10 57 46 56 56 53 17 64 40 62 69 17 53 80 18 73 76 78 50 15 83 70 78 0 56 52 85 80 18 38 43 59 54 11 11 88 53 63 77 33 12 68 68 25 48 76 58 44 43 
61 25 44 48 52 44 30 40 64 34 33 16 57 36 28 22 20 43 6 29 36 32 14 15 12 31 25 59 17 23 42 59 40 11 5 59 6 47 16 16 28 57 46 26 24 38 58 35 39 9 46 34 15 24 56 0 33 35 24 40 18 57 48 8 59 45 34 34 37 37 23 44 13 12 38 22 24 27 33 26 
44 36 11 22 29 18 52 13 33 5 22 24 24 49 17 20 19 50 39 49 45 14 46 37 32 45 25 52 47 10 26 49 67 26 28 26 28 36 25 28 60 25 36 7 53 40 27 26 26 25 37 38 47 40 52 33 0 40 50 35 29 27 15 25 48 45 49 1 67 26 34 44 45 42 49 48 35 58 55 48 
82 57 48 37 68 35 22 34 57 44 19 44 53 69 23 46 22 75 39 19 68 48 32 20 45 65 52 87 29 33 25 85 73 40 31 60 34 72 21 46 57 52 71 35 29 67 51 16 22 36 72 2 32 12 85 35 40 0 24 67 48 66 48 32 84 74 13 40 67 18 55 73 33 28 71 57 11 59 68 61 
85 49 61 55 74 53 6 51 75 52 37 40 70 59 37 45 31 67 24 7 60 53 12 13 36 54 49 83 8 40 45 83 55 35 25 76 28 71 25 40 38 69 70 43 5 62 69 36 42 31 70 25 12 13 80 24 50 24 0 64 42 75 64 29 83 69 15 51 48 38 47 68 14 12 61 40 17 40 51 45 
23 19 37 57 22 53 69 48 61 30 55 24 52 23 48 21 45 18 42 68 17 21 54 53 29 25 15 20 57 35 60 19 51 29 39 44 36 9 46 24 54 53 7 35 64 9 56 58 60 33 6 65 54 61 18 40 35 67 64 0 22 32 42 37 19 10 71 36 56 59 20 9 52 52 21 39 58 50 38 35 
44 9 37 50 37 46 48 41 61 26 42 5 52 22 35 9 29 27 20 47 20 19 32 32 7 18 9 41 35 23 49 41 39 8 18 50 15 31 27 2 35 53 29 25 42 20 56 45 48 12 28 46 32 40 38 18 29 48 42 22 0 43 42 16 41 27 50 30 40 46 7 26 30 30 23 21 38 31 27 20 
25 46 19 39 11 37 78 33 35 23 48 41 26 55 43 35 45 50 62 75 49 25 71 62 49 55 35 42 72 35 48 35 80 46 53 14 51 27 50 44 77 28 28 32 78 41 32 52 49 48 30 64 72 66 43 57 27 66 75 32 43 0 21 49 34 41 75 26 83 51 46 41 70 67 53 64 61 74 67 62 
44 48 5 18 28 16 66 14 19 16 29 38 10 60 27 33 33 59 54 63 56 24 61 51 46 58 36 59 61 25 28 53 81 41 43 12 43 42 39 42 75 11 42 22 67 49 14 33 30 40 44 46 62 53 59 48 15 48 64 42 42 21 0 40 52 52 61 14 81 32 47 51 60 57 60 62 48 72 69 62 
57 25 36 40 45 36 33 32 56 26 26 13 49 38 21 17 13 43 14 32 36 24 22 17 14 34 22 57 23 15 35 56 47 8 4 51 3 44 11 14 36 49 43 18 30 36 50 29 32 4 43 30 23 25 54 8 25 32 29 37 16 49 40 0 56 43 35 26 44 30 23 42 21 18 39 28 22 34 37 30 
10 37 47 68 24 65 88 61 69 43 70 43 60 38 63 39 62 27 61 87 32 36 73 72 48 41 34 8 76 51 74 1 67 48 58 48 55 12 64 43 71 62 14 50 83 25 66 73 74 52 13 82 73 80 11 59 48 84 83 19 41 34 52 56 0 19 90 49 73 74 39 20 71 71 35 56 76 67 54 52 
26 20 47 67 30 63 75 58 71 40 64 30 62 19 57 28 52 9 47 74 13 31 59 59 33 22 22 14 62 44 70 18 48 35 45 54 42 14 53 29 52 63 13 44 69 7 66 67 69 39 11 72 59 67 11 45 45 74 69 10 27 41 52 43 19 0 77 46 54 68 22 1 57 57 16 38 65 48 35 33 
90 58 59 50 76 48 10 47 70 52 32 47 66 70 34 51 30 76 37 8 69 56 27 19 46 65 56 91 23 41 38 90 70 42 32 73 35 78 26 48 53 65 77 43 19 70 64 29 35 38 77 15 27 10 88 34 49 13 15 71 50 75 61 35 90 77 0 50 63 31 56 76 29 24 72 54 14 55 65 59 
44 37 10 21 29 17 53 12 32 6 22 25 23 50 17 21 20 51 40 50 46 15 47 38 33 46 26 53 48 11 25 50 68 27 29 25 29 37 26 29 61 24 37 8 54 41 26 26 25 26 38 38 48 41 53 34 1 40 51 36 30 26 14 26 49 46 50 0 68 26 35 45 46 43 50 49 36 59 56 49 
79 37 76 84 74 80 54 76 100 65 70 43 91 35 65 48 57 46 31 55 41 58 36 47 35 32 48 67 40 58 79 72 9 41 42 89 41 65 53 39 10 92 63 61 44 48 94 72 76 43 62 66 36 55 63 37 67 67 48 56 40 83 81 44 73 54 63 68 0 74 37 53 34 39 38 19 56 10 19 21 
70 55 32 19 55 17 38 18 39 31 4 41 35 68 11 40 17 72 43 35 66 38 41 28 44 64 46 77 39 24 7 75 77 38 32 44 33 62 21 44 65 34 61 24 42 62 33 2 4 34 62 16 41 25 77 37 26 18 38 59 46 51 32 30 74 68 31 26 74 0 53 67 41 36 69 58 21 64 67 60 
43 2 42 55 38 51 53 46 66 31 49 12 57 15 42 14 36 20 25 52 13 23 37 38 11 11 11 36 40 29 56 39 35 15 24 54 21 29 34 9 34 58 27 31 47 15 61 52 55 19 26 53 37 46 33 23 34 55 47 20 7 46 47 23 39 22 56 35 37 53 0 21 35 35 16 19 44 30 22 16 
27 19 46 66 30 62 74 57 70 39 63 29 61 18 56 27 51 9 46 73 12 30 58 58 32 21 21 15 61 43 69 19 47 34 44 53 41 14 52 28 51 62 13 43 68 6 65 66 68 38 11 71 58 66 12 44 44 73 68 9 26 41 51 42 20 1 76 45 53 67 21 0 56 56 15 37 64 47 34 32 
74 37 56 57 65 53 20 50 74 47 40 29 69 45 37 35 29 54 10 21 47 45 2 13 24 40 38 71 6 35 48 71 41 24 17 71 19 60 23 28 24 68 59 38 12 50 68 39 45 22 58 32 2 21 68 13 45 33 14 52 30 70 60 21 71 57 29 46 34 41 35 56 0 5 47 26 22 26 37 31 
73 37 53 52 63 48 18 45 69 44 35 28 64 48 32 34 24 55 13 17 48 42 5 8 24 43 37 71 5 32 43 71 46 23 14 68 17 59 18 28 29 63 58 35 12 50 63 34 40 20 58 27 5 16 68 12 42 28 12 52 30 67 57 18 71 57 24 43 39 36 35 56 5 0 50 30 17 31 41 35 
42 14 55 70 43 66 67 61 79 45 65 28 70 3 58 29 52 8 37 67 4 36 49 53 26 7 24 29 53 45 72 34 32 31 40 64 37 29 50 25 37 71 27 46 59 12 74 68 71 35 26 69 49 62 25 38 49 71 61 21 23 53 60 39 35 16 72 50 38 69 16 15 47 50 0 23 60 33 19 18 
62 20 57 66 57 62 46 57 81 46 54 24 72 21 49 29 41 31 18 47 25 39 28 37 16 16 29 52 32 39 63 55 19 22 27 70 25 48 38 20 15 73 46 42 38 31 75 57 60 25 45 56 28 46 48 22 48 57 40 39 21 64 62 28 56 38 54 49 19 58 19 37 26 30 23 0 46 11 11 5 
76 46 46 38 62 36 18 35 58 38 20 35 54 58 21 37 16 64 28 15 57 42 22 9 34 54 43 78 19 27 28 76 62 30 20 60 23 64 12 36 46 53 63 29 21 58 52 19 25 26 63 10 22 5 76 24 35 11 17 58 38 61 48 22 76 65 14 36 56 21 44 64 22 17 60 46 0 48 57 50 
73 31 67 74 68 70 46 66 90 56 60 34 82 31 55 39 47 41 21 47 35 49 28 39 26 26 40 62 32 49 69 66 15 32 32 80 31 59 43 30 4 83 57 52 36 42 84 62 66 33 56 58 28 47 58 27 58 59 40 50 31 74 72 34 67 48 55 59 10 64 30 47 26 31 33 11 48 0 16 15 
60 21 64 74 58 70 57 65 88 53 63 31 79 16 58 36 50 27 29 58 22 45 39 48 24 13 33 48 43 47 72 53 13 30 37 76 34 46 48 27 20 80 44 50 49 29 82 66 69 34 43 67 39 57 44 33 55 68 51 38 27 67 69 37 54 35 65 56 19 67 22 34 37 41 19 11 57 16 0 7 
58 16 57 67 53 63 51 58 81 46 56 24 72 16 51 29 43 26 22 52 20 39 33 41 17 11 27 47 37 40 65 51 19 23 30 70 27 44 41 20 19 73 42 43 43 27 75 59 62 27 41 60 33 50 43 26 48 61 45 35 20 62 62 30 52 33 59 49 21 60 16 32 31 35 18 5 50 15 7 0 
13
1
91
91
71
63
63
40
69
46
29
62
16
69
7
71
43
35
30
36
17
34
81
2
5
88
43
100
46
81
35
37
1
17
24
29
76
57
61
80
10
53
16
41
5
79
61
90
5
84
5
77
97
63
22
4
35
96
19
85
59
98
51
47
39
95
21
84
93
83
98
4
39
75
74
97
51
1
4
