80
0 24 28 20 58 55 39 35 67 46 54 31 44 29 56 64 27 76 57 77 82 81 51 42 18 30 82 35 75 54 63 20 82 13 65 12 26 65 36 24 18 37 78 79 77 48 31 52 11 28 17 52 34 37 72 17 41 56 68 44 10 25 67 60 43 49 43 79 29 35 17 74 49 34 70 44 22 40 46 82 
24 0 9 16 56 70 59 58 81 59 52 28 64 32 52 78 51 83 74 80 78 92 61 46 9 7 92 35 76 65 78 44 74 37 74 15 8 75 60 33 7 43 74 80 86 68 44 61 14 10 13 62 57 16 64 26 51 50 70 64 14 7 59 70 45 47 46 79 43 27 24 74 61 10 67 39 31 42 60 78 
28 9 0 13 47 69 59 61 79 57 43 21 63 27 43 77 55 76 73 73 69 90 59 40 11 5 88 28 68 63 77 48 65 41 68 18 2 72 64 32 10 38 65 72 80 67 43 56 18 1 13 60 60 9 55 25 49 41 63 64 19 3 50 66 38 39 40 70 42 18 23 65 59 11 58 30 30 35 59 69 
20 16 13 0 42 56 46 48 66 44 38 13 50 16 38 64 43 67 60 64 65 77 46 30 8 17 77 19 60 50 64 36 63 29 58 8 12 60 52 19 10 27 61 64 70 54 30 45 10 12 4 47 47 22 53 12 36 37 54 51 15 12 48 55 29 33 30 64 29 15 10 59 46 23 53 25 17 26 46 65 
58 56 47 42 0 54 56 63 57 40 4 29 56 29 6 56 68 38 57 30 25 59 36 21 50 52 55 23 21 40 58 63 26 58 36 49 48 43 73 37 52 26 21 26 44 59 39 30 51 46 46 37 62 50 21 41 34 10 21 57 57 49 17 38 17 9 20 24 40 29 41 19 40 58 13 17 39 20 46 25 
55 70 69 56 54 0 17 25 12 15 53 52 12 44 58 9 39 37 4 46 77 29 18 37 61 72 34 47 52 15 8 39 78 43 27 56 68 21 39 37 63 35 73 52 34 10 26 24 57 68 57 17 26 78 75 45 23 62 43 13 61 67 71 21 42 52 38 55 27 60 46 53 14 78 65 57 39 42 10 75 
39 59 59 46 56 17 0 8 29 19 55 46 5 38 58 26 22 50 18 56 81 46 25 36 51 62 51 42 60 25 25 22 82 26 38 44 58 36 22 29 52 32 77 62 49 9 19 31 45 58 47 25 9 68 76 34 22 61 51 5 48 57 71 32 41 51 37 63 19 54 36 61 21 68 69 53 30 39 13 80 
35 58 61 48 63 25 8 0 37 27 60 48 13 41 63 34 14 58 25 64 88 54 33 42 50 63 59 47 68 33 32 17 89 22 46 43 59 44 14 31 51 37 84 70 57 15 24 39 44 60 48 33 1 70 81 36 29 66 59 12 45 58 76 40 46 56 43 71 23 56 38 69 29 67 76 58 32 44 21 87 
67 81 79 66 57 12 29 37 0 22 57 60 24 52 62 3 51 31 12 40 74 17 21 41 72 83 22 53 48 17 5 51 77 55 22 67 78 15 51 48 74 42 71 48 25 22 37 27 68 78 68 20 38 86 77 56 30 66 40 25 72 78 74 19 46 56 42 50 38 66 57 50 20 89 66 61 50 46 21 72 
46 59 57 44 40 15 19 27 22 0 39 38 17 30 44 20 39 33 19 37 64 35 6 22 50 61 36 32 41 8 21 37 65 37 21 45 56 19 41 26 52 20 60 43 32 19 15 12 46 56 46 7 28 64 61 34 8 47 32 18 51 56 57 15 27 37 23 44 17 45 35 42 3 67 52 42 28 27 6 63 
54 52 43 38 4 53 55 60 57 39 0 25 55 25 5 56 65 40 57 33 29 60 36 19 46 48 56 19 25 40 58 60 29 55 37 45 44 43 70 34 48 23 25 29 46 58 36 30 47 42 42 37 59 46 23 37 33 9 23 56 53 45 18 38 14 5 18 27 37 25 37 22 39 54 17 13 35 17 45 29 
31 28 21 13 29 52 46 48 60 38 25 0 49 8 25 58 48 55 56 52 52 69 39 19 21 26 67 7 48 43 59 41 51 35 47 20 21 51 56 17 23 18 48 52 59 53 27 35 22 20 17 40 48 27 41 16 30 25 42 50 28 22 36 45 17 20 19 51 27 8 14 46 40 32 40 13 17 14 42 52 
44 64 63 50 56 12 5 13 24 17 55 49 0 41 58 21 27 47 13 53 81 41 23 36 55 66 46 45 58 22 20 27 82 31 35 49 62 32 27 32 57 33 77 60 45 4 22 29 50 62 51 23 14 72 76 39 22 61 49 1 53 61 71 29 41 51 37 61 22 57 40 59 19 72 69 55 33 40 11 80 
29 32 27 16 29 44 38 41 52 30 25 8 41 0 27 50 42 51 48 48 53 63 32 14 23 32 62 6 46 36 51 35 53 30 42 21 27 45 49 10 25 11 49 50 54 45 19 29 23 26 19 33 41 34 45 12 22 28 39 42 29 27 40 39 14 20 14 50 19 16 12 45 32 38 41 17 10 11 34 53 
56 52 43 38 6 58 58 63 62 44 5 25 58 27 0 61 68 44 62 36 27 65 41 22 46 48 61 21 27 45 63 62 26 57 42 45 44 48 73 36 48 26 23 32 50 61 39 35 47 42 42 42 62 44 18 39 36 4 27 59 53 45 13 43 18 7 21 30 40 25 39 25 44 54 15 13 37 19 49 27 
64 78 77 64 56 9 26 34 3 20 56 58 21 50 61 0 48 32 9 41 74 20 20 40 69 80 25 52 49 16 2 48 77 52 23 64 76 16 48 45 71 40 71 49 27 19 34 26 65 76 65 19 35 84 76 53 28 65 40 22 69 75 73 18 45 55 41 51 35 65 54 50 18 86 65 60 47 45 18 72 
27 51 55 43 68 39 22 14 51 39 65 48 27 42 68 48 0 72 39 76 93 68 45 47 44 57 73 48 78 47 46 7 94 14 60 37 53 58 9 32 45 42 89 80 71 29 30 50 37 54 42 46 13 64 86 32 38 70 69 26 37 52 81 54 51 61 48 81 28 54 34 78 42 61 81 59 32 49 35 93 
76 83 76 67 38 37 50 58 31 33 40 55 47 51 44 32 72 0 39 11 49 24 27 37 74 81 18 48 22 25 34 70 53 70 12 71 76 16 72 53 76 41 47 19 7 47 46 24 73 75 70 26 59 82 54 61 36 48 17 48 78 77 52 18 39 42 37 22 48 61 61 25 30 87 42 51 55 41 37 47 
57 74 73 60 57 4 18 25 12 19 57 56 13 48 62 9 39 39 0 48 80 29 21 41 65 76 34 51 55 18 7 40 81 44 29 60 72 23 39 41 67 39 76 55 35 10 30 27 61 72 61 21 26 82 78 49 27 66 46 13 65 71 74 24 46 56 42 57 31 64 50 56 18 82 68 61 43 46 14 78 
77 80 73 64 30 46 56 64 40 37 33 52 53 48 36 41 76 11 48 0 38 35 31 35 71 78 29 45 11 31 43 72 42 72 19 69 73 25 78 53 73 40 36 8 18 54 48 26 71 72 67 31 65 78 44 60 38 40 10 54 77 74 43 25 35 36 34 11 50 56 60 14 35 84 32 45 55 38 43 36 
82 78 69 65 25 77 81 88 74 64 29 52 81 53 27 74 93 49 80 38 0 73 59 46 72 74 67 47 27 62 76 88 5 83 52 72 70 59 98 62 74 51 4 30 56 83 64 53 74 68 69 60 87 68 14 65 59 28 34 82 80 71 19 56 42 33 45 27 65 51 65 24 63 79 12 40 63 45 70 2 
81 92 90 77 59 29 46 54 17 35 60 69 41 63 65 20 68 24 29 35 73 0 31 50 83 94 7 62 46 27 22 68 77 71 23 78 89 18 68 59 85 52 71 43 17 39 50 34 80 89 79 30 55 96 78 67 41 69 40 42 85 89 75 24 54 61 50 46 52 75 68 49 32 100 66 69 61 55 36 71 
51 61 59 46 36 18 25 33 21 6 36 39 23 32 41 20 45 27 21 31 59 31 0 20 52 63 31 32 35 4 22 43 60 43 15 47 58 14 47 28 54 21 55 37 26 24 20 6 49 58 48 1 34 66 57 36 10 45 26 24 54 58 53 9 25 35 21 38 22 45 37 36 4 69 47 40 30 25 12 57 
42 46 40 30 21 37 36 42 41 22 19 19 36 14 22 40 47 37 41 35 46 50 20 0 37 45 49 12 33 24 42 42 47 39 29 35 40 32 52 18 39 5 42 37 40 39 18 16 37 39 33 21 41 46 40 25 14 25 26 37 42 41 35 26 5 15 1 37 19 25 25 32 23 51 34 20 20 5 27 46 
18 9 11 8 50 61 51 50 72 50 46 21 55 23 46 69 44 74 65 71 72 83 52 37 0 13 83 27 68 56 69 37 69 30 65 7 9 66 53 24 2 34 68 72 77 59 35 52 7 10 4 53 49 20 59 17 42 44 62 56 9 8 54 61 37 41 37 72 34 21 15 67 52 18 61 33 22 34 51 72 
30 7 5 17 52 72 62 63 83 61 48 26 66 32 48 80 57 81 76 78 74 94 63 45 13 0 93 33 73 67 80 50 70 43 73 20 5 77 66 35 12 43 70 77 85 70 46 61 20 6 15 64 62 9 60 28 53 46 68 67 20 5 55 71 43 44 45 75 45 23 26 70 63 6 63 35 33 40 62 74 
82 92 88 77 55 34 51 59 22 36 56 67 46 62 61 25 73 18 34 29 67 7 31 49 83 93 0 60 40 28 27 72 71 73 20 78 88 17 73 59 85 51 65 37 11 44 51 33 80 87 79 30 60 94 72 67 41 65 34 47 85 89 69 23 52 58 49 40 53 73 68 43 33 99 60 66 61 53 39 65 
35 35 28 19 23 47 42 47 53 32 19 7 45 6 21 52 48 48 51 45 47 62 32 12 27 33 60 0 41 36 53 41 47 36 40 26 28 44 55 16 29 12 43 45 52 49 23 28 28 27 23 33 46 34 39 18 24 22 35 46 34 29 34 38 10 14 12 45 24 13 18 40 34 39 35 11 16 7 37 47 
75 76 68 60 21 52 60 68 48 41 25 48 58 46 27 49 78 22 55 11 27 46 35 33 68 73 40 41 0 37 51 73 31 72 26 67 69 33 81 51 70 38 25 5 29 59 49 29 69 67 64 35 68 71 33 58 40 31 9 59 75 69 32 31 32 29 32 4 50 50 58 3 39 79 21 38 53 35 47 25 
54 65 63 50 40 15 25 33 17 8 40 43 22 36 45 16 47 25 18 31 62 27 4 24 56 67 28 36 37 0 18 45 64 45 13 51 62 11 47 32 58 25 58 38 24 23 23 10 53 62 52 3 34 70 61 40 14 49 28 23 58 62 57 7 29 39 25 40 25 49 41 38 5 73 51 44 34 29 12 60 
63 78 77 64 58 8 25 32 5 21 58 59 20 51 63 2 46 34 7 43 76 22 22 42 69 80 27 53 51 18 0 47 79 51 25 64 76 18 46 45 71 41 73 51 29 17 34 28 65 76 65 21 33 85 78 53 29 67 42 20 69 75 75 20 47 57 43 53 35 66 54 52 19 86 67 62 47 47 18 74 
20 44 48 36 63 39 22 17 51 37 60 41 27 35 62 48 7 70 40 72 88 68 43 42 37 50 72 41 73 45 47 0 88 7 58 30 46 56 16 26 38 37 84 76 69 31 25 46 30 47 35 44 16 57 80 25 34 63 65 27 30 45 75 52 46 55 43 77 23 47 27 74 40 54 76 52 25 43 33 88 
82 74 65 63 26 78 82 89 77 65 29 51 82 53 26 77 94 53 81 42 5 77 60 47 69 70 71 47 31 64 79 88 0 83 55 71 66 62 99 62 71 52 6 34 60 84 65 54 73 64 66 61 88 64 10 65 60 26 37 83 78 67 15 59 43 33 46 31 66 48 65 28 64 75 13 38 63 45 71 7 
13 37 41 29 58 43 26 22 55 37 55 35 31 30 57 52 14 70 44 72 83 71 43 39 30 43 73 36 72 45 51 7 83 0 58 23 39 56 23 21 31 34 79 75 69 35 24 46 23 40 28 44 21 50 75 20 34 58 64 31 23 38 70 52 41 50 40 76 22 42 21 71 40 47 71 47 20 38 35 83 
65 74 68 58 36 27 38 46 22 21 37 47 35 42 42 23 60 12 29 19 52 23 15 29 65 73 20 40 26 13 25 58 55 58 0 61 68 7 60 42 67 31 49 26 12 36 34 13 63 67 61 14 47 74 56 50 24 46 18 36 68 69 53 6 32 38 29 28 36 53 51 28 18 79 44 46 44 33 25 50 
12 15 18 8 49 56 44 43 67 45 45 20 49 21 45 64 37 71 60 69 72 78 47 35 7 20 78 26 67 51 64 30 71 23 61 0 16 61 46 19 8 30 68 71 73 53 30 48 2 17 5 48 42 27 61 11 37 45 60 49 8 15 56 56 35 40 35 71 29 23 10 66 47 24 60 33 17 32 46 72 
26 8 2 12 48 68 58 59 78 56 44 21 62 27 44 76 53 76 72 73 70 89 58 40 9 5 88 28 69 62 76 46 66 39 68 16 0 72 62 31 8 38 66 73 80 66 42 56 16 2 11 59 58 11 56 24 48 42 63 63 17 1 51 66 38 40 40 71 41 19 22 66 58 11 59 31 29 35 58 70 
65 75 72 60 43 21 36 44 15 19 43 51 32 45 48 16 58 16 23 25 59 18 14 32 66 77 17 44 33 11 18 56 62 56 7 61 72 0 58 42 68 34 56 33 13 31 34 16 63 71 62 13 45 78 63 50 24 52 25 33 68 72 60 6 36 43 32 35 36 57 51 35 16 83 51 51 44 37 23 57 
36 60 64 52 73 39 22 14 51 41 70 56 27 49 73 48 9 72 39 78 98 68 47 52 53 66 73 55 81 47 46 16 99 23 60 46 62 58 0 39 54 47 94 83 71 29 35 52 46 63 51 47 13 73 91 41 42 76 72 26 46 61 86 54 56 66 53 84 33 63 43 82 43 70 86 66 39 54 35 98 
24 33 32 19 37 37 29 31 48 26 34 17 32 10 36 45 32 53 41 53 62 59 28 18 24 35 59 16 51 32 45 26 62 21 42 19 31 42 39 0 26 13 58 55 54 36 11 29 21 31 20 29 31 41 54 8 18 38 44 33 26 30 49 37 20 29 19 55 10 25 9 50 28 41 50 27 2 17 27 62 
18 7 10 10 52 63 52 51 74 52 48 23 57 25 48 71 45 76 67 73 74 85 54 39 2 12 85 29 70 58 71 38 71 31 67 8 8 68 54 26 0 36 70 74 79 61 37 54 8 10 6 55 50 19 61 19 44 46 64 57 9 7 56 63 39 43 39 74 36 23 17 69 54 16 63 35 24 36 53 74 
37 43 38 27 26 35 32 37 42 20 23 18 33 11 26 40 42 41 39 40 51 52 21 5 34 43 51 12 38 25 41 37 52 34 31 30 38 34 47 13 36 0 47 42 43 37 13 18 32 37 30 22 36 45 44 20 12 29 31 34 37 38 39 28 9 19 6 42 14 25 20 37 22 49 39 22 15 7 25 51 
78 74 65 61 21 73 77 84 71 60 25 48 77 49 23 71 89 47 76 36 4 71 55 42 68 70 65 43 25 58 73 84 6 79 49 68 66 56 94 58 70 47 0 28 54 79 60 49 70 64 65 56 83 64 12 61 55 24 31 78 76 67 15 53 38 29 41 25 61 47 61 22 59 75 8 36 59 41 66 4 
79 80 72 64 26 52 62 70 48 43 29 52 60 50 32 49 80 19 55 8 30 43 37 37 72 77 37 45 5 38 51 76 34 75 26 71 73 33 83 55 74 42 28 0 26 61 51 31 73 71 68 37 70 75 37 62 42 36 11 61 79 74 36 31 36 34 36 3 53 54 62 7 41 83 25 42 57 39 49 28 
77 86 80 70 44 34 49 57 25 32 46 59 45 54 50 27 71 7 35 18 56 17 26 40 77 85 11 52 29 24 29 69 60 69 12 73 80 13 71 54 79 43 54 26 0 44 46 25 75 79 73 25 58 86 61 62 36 54 23 46 80 81 58 17 43 47 40 29 48 65 63 32 29 91 49 56 56 45 36 54 
48 68 67 54 59 10 9 15 22 19 58 53 4 45 61 19 29 47 10 54 83 39 24 39 59 70 44 49 59 23 17 31 84 35 36 53 66 31 29 36 61 37 79 61 44 0 26 30 54 66 55 24 16 76 79 43 25 64 50 4 57 65 74 30 44 54 40 62 26 61 44 60 20 76 71 59 37 44 13 81 
31 44 43 30 39 26 19 24 37 15 36 27 22 19 39 34 30 46 30 48 64 50 20 18 35 46 51 23 49 23 34 25 65 24 34 30 42 34 35 11 37 13 60 51 46 26 0 22 31 42 31 21 23 52 57 19 10 42 40 23 36 41 52 29 22 32 19 52 2 35 20 49 18 52 52 34 13 20 16 64 
52 61 56 45 30 24 31 39 27 12 30 35 29 29 35 26 50 24 27 26 53 34 6 16 52 61 33 28 29 10 28 46 54 46 13 48 56 16 52 29 54 18 49 31 25 30 22 0 50 55 48 7 39 62 51 37 12 39 20 30 55 56 47 10 20 29 17 32 24 41 38 30 10 67 41 35 31 21 18 51 
11 14 18 10 51 57 45 44 68 46 47 22 50 23 47 65 37 73 61 71 74 80 49 37 7 20 80 28 69 53 65 30 73 23 63 2 16 63 46 21 8 32 70 73 75 54 31 50 0 17 7 50 43 27 63 13 39 47 62 50 6 15 58 58 37 42 37 73 30 25 12 68 49 24 62 35 19 34 47 74 
28 10 1 12 46 68 58 60 78 56 42 20 62 26 42 76 54 75 72 72 68 89 58 39 10 6 87 27 67 62 76 47 64 40 67 17 2 71 63 31 10 37 64 71 79 66 42 55 17 0 12 59 59 10 54 24 48 40 62 63 19 3 49 65 37 38 39 69 41 17 22 64 58 12 57 29 29 34 58 68 
17 13 13 4 46 57 47 48 68 46 42 17 51 19 42 65 42 70 61 67 69 79 48 33 4 15 79 23 64 52 65 35 66 28 61 5 11 62 51 20 6 30 65 68 73 55 31 48 7 12 0 49 47 22 56 13 38 41 58 52 12 10 51 57 33 37 33 68 30 18 11 63 48 21 57 29 18 30 47 69 
52 62 60 47 37 17 25 33 20 7 37 40 23 33 42 19 46 26 21 31 60 30 1 21 53 64 30 33 35 3 21 44 61 44 14 48 59 13 47 29 55 22 56 37 25 24 21 7 50 59 49 0 34 67 58 37 11 46 26 24 55 59 54 8 26 36 22 38 23 46 38 36 4 70 48 41 31 26 12 58 
34 57 60 47 62 26 9 1 38 28 59 48 14 41 62 35 13 59 26 65 87 55 34 41 49 62 60 46 68 34 33 16 88 21 47 42 58 45 13 31 50 36 83 70 58 16 23 39 43 59 47 34 0 69 80 35 29 65 59 13 44 57 75 41 45 55 42 71 22 55 37 69 30 66 75 57 31 43 22 87 
37 16 9 22 50 78 68 70 86 64 46 27 72 34 44 84 64 82 82 78 68 96 66 46 20 9 94 34 71 70 85 57 64 50 74 27 11 78 73 41 19 45 64 75 86 76 52 62 27 10 22 67 69 0 54 34 56 41 68 73 28 12 49 72 44 42 46 73 51 22 32 68 66 11 58 33 39 41 68 68 
72 64 55 53 21 75 76 81 77 61 23 41 76 45 18 76 86 54 78 44 14 78 57 40 59 60 72 39 33 61 78 80 10 75 56 61 56 63 91 54 61 44 12 37 61 79 57 51 63 54 56 58 80 54 0 57 54 17 38 77 68 57 5 58 36 25 39 34 58 38 55 30 61 65 12 28 55 37 67 15 
17 26 25 12 41 45 34 36 56 34 37 16 39 12 39 53 32 61 49 60 65 67 36 25 17 28 67 18 58 40 53 25 65 20 50 11 24 50 41 8 19 20 61 62 62 43 19 37 13 24 13 37 35 34 57 0 26 40 51 39 18 23 52 45 26 32 26 62 18 22 2 57 36 34 53 29 6 23 35 65 
41 51 49 36 34 23 22 29 30 8 33 30 22 22 36 28 38 36 27 38 59 41 10 14 42 53 41 24 40 14 29 34 60 34 24 37 48 24 42 18 44 12 55 42 36 25 10 12 39 48 38 11 29 56 54 26 0 39 31 23 44 48 49 19 19 29 15 43 12 37 27 40 10 59 47 34 20 19 13 58 
56 50 41 37 10 62 61 66 66 47 9 25 61 28 4 65 70 48 66 40 28 69 45 25 44 46 65 22 31 49 67 63 26 58 46 45 42 52 76 38 46 29 24 36 54 64 42 39 47 40 41 46 65 41 17 40 39 0 31 62 52 43 12 47 21 10 24 34 43 23 39 29 48 51 17 12 38 22 52 28 
68 70 63 54 21 43 51 59 40 32 23 42 49 39 27 40 69 17 46 10 34 40 26 26 62 68 34 35 9 28 42 65 37 64 18 60 63 25 72 44 64 31 31 11 23 50 40 20 62 62 58 26 59 68 38 51 31 31 0 50 68 64 35 22 25 26 25 12 42 46 51 10 30 74 26 35 46 28 38 32 
44 64 64 51 57 13 5 12 25 18 56 50 1 42 59 22 26 48 13 54 82 42 24 37 56 67 47 46 59 23 20 27 83 31 36 49 63 33 26 33 57 34 78 61 46 4 23 30 50 63 52 24 13 73 77 39 23 62 50 0 53 62 72 30 42 52 38 62 23 58 41 60 20 73 70 56 34 41 12 81 
10 14 19 15 57 61 48 45 72 51 53 28 53 29 53 69 37 78 65 77 80 85 54 42 9 20 85 34 75 58 69 30 78 23 68 8 17 68 46 26 9 37 76 79 80 57 36 55 6 19 12 55 44 28 68 18 44 52 68 53 0 16 63 63 43 48 43 79 34 30 17 74 54 24 68 40 24 40 51 80 
25 7 3 12 49 67 57 58 78 56 45 22 61 27 45 75 52 77 71 74 71 89 58 41 8 5 89 29 69 62 75 45 67 38 69 15 1 72 61 30 7 38 67 74 81 65 41 56 15 3 10 59 57 12 57 23 48 43 64 62 16 0 52 66 39 41 41 72 40 20 21 67 58 11 60 32 28 36 57 71 
67 59 50 48 17 71 71 76 74 57 18 36 71 40 13 73 81 52 74 43 19 75 53 35 54 55 69 34 32 57 75 75 15 70 53 56 51 60 86 49 56 39 15 36 58 74 52 47 58 49 51 54 75 49 5 52 49 12 35 72 63 52 0 55 31 20 34 34 53 33 50 29 57 60 12 23 50 32 62 19 
60 70 66 55 38 21 32 40 19 15 38 45 29 39 43 18 54 18 24 25 56 24 9 26 61 71 23 38 31 7 20 52 59 52 6 56 66 6 54 37 63 28 53 31 17 30 29 10 58 65 57 8 41 72 58 45 19 47 22 30 63 66 55 0 30 38 26 34 31 51 46 32 12 77 47 45 39 31 19 54 
43 45 38 29 17 42 41 46 46 27 14 17 41 14 18 45 51 39 46 35 42 54 25 5 37 43 52 10 32 29 47 46 43 41 32 35 38 36 56 20 39 9 38 36 43 44 22 20 37 37 33 26 45 44 36 26 19 21 25 42 43 39 31 30 0 11 4 36 23 22 26 31 28 49 30 15 22 3 32 42 
49 47 39 33 9 52 51 56 56 37 5 20 51 20 7 55 61 42 56 36 33 61 35 15 41 44 58 14 29 39 57 55 33 50 38 40 40 43 66 29 43 19 29 34 47 54 32 29 42 38 37 36 55 42 25 32 29 10 26 52 48 41 20 38 11 0 14 32 33 21 32 27 38 50 21 9 30 12 42 33 
43 46 40 30 20 38 37 43 42 23 18 19 37 14 21 41 48 37 42 34 45 50 21 1 37 45 49 12 32 25 43 43 46 40 29 35 40 32 53 19 39 6 41 36 40 40 19 17 37 39 33 22 42 46 39 26 15 24 25 38 43 41 34 26 4 14 0 36 20 25 26 31 24 51 33 19 21 5 28 45 
79 79 70 64 24 55 63 71 50 44 27 51 61 50 30 51 81 22 57 11 27 46 38 37 72 75 40 45 4 40 53 77 31 76 28 71 71 35 84 55 74 42 25 3 29 62 52 32 73 69 68 38 71 73 34 62 43 34 12 62 79 72 34 34 36 32 36 0 54 52 62 5 42 81 22 40 57 39 50 25 
29 43 42 29 40 27 19 23 38 17 37 27 22 19 40 35 28 48 31 50 65 52 22 19 34 45 53 24 50 25 35 23 66 22 36 29 41 36 33 10 36 14 61 53 48 26 2 24 30 41 30 23 22 51 58 18 12 43 42 23 34 40 53 31 23 33 20 54 0 35 19 51 20 51 53 35 12 21 17 65 
35 27 18 15 29 60 54 56 66 45 25 8 57 16 25 65 54 61 64 56 51 75 45 25 21 23 73 13 50 49 66 47 48 42 53 23 19 57 63 25 23 25 47 54 65 61 35 41 25 17 18 46 55 22 38 22 37 23 46 58 30 20 33 51 22 21 25 52 35 0 21 47 47 29 40 12 24 20 50 51 
17 24 23 10 41 46 36 38 57 35 37 14 40 12 39 54 34 61 50 60 65 68 37 25 15 26 68 18 58 41 54 27 65 21 51 10 22 51 43 9 17 20 61 62 63 44 20 38 12 22 11 38 37 32 55 2 27 39 51 41 17 21 50 46 26 32 26 62 19 21 0 57 37 32 53 27 7 23 36 65 
74 74 65 59 19 53 61 69 50 42 22 46 59 45 25 50 78 25 56 14 24 49 36 32 67 70 43 40 3 38 52 74 28 71 28 66 66 35 82 50 69 37 22 7 32 60 49 30 68 64 63 36 69 68 30 57 40 29 10 60 74 67 29 32 31 27 31 5 51 47 57 0 40 76 18 35 52 34 48 22 
49 61 59 46 40 14 21 29 20 3 39 40 19 32 44 18 42 30 18 35 63 32 4 23 52 63 33 34 39 5 19 40 64 40 18 47 58 16 43 28 54 22 59 41 29 20 18 10 49 58 48 4 30 66 61 36 10 48 30 20 54 58 57 12 28 38 24 42 20 47 37 40 0 69 51 43 30 28 8 61 
34 10 11 23 58 78 68 67 89 67 54 32 72 38 54 86 61 87 82 84 79 100 69 51 18 6 99 39 79 73 86 54 75 47 79 24 11 83 70 41 16 49 75 83 91 76 52 67 24 12 21 70 66 11 65 34 59 51 74 73 24 11 60 77 49 50 51 81 51 29 32 76 69 0 68 41 39 46 68 79 
70 67 58 53 13 65 69 76 66 52 17 40 69 41 15 65 81 42 68 32 12 66 47 34 61 63 60 35 21 51 67 76 13 71 44 60 59 51 86 50 63 39 8 25 49 71 52 41 62 57 57 48 75 58 12 53 47 17 26 70 68 60 12 47 30 21 33 22 53 40 53 18 51 68 0 28 51 33 58 12 
44 39 30 25 17 57 53 58 61 42 13 13 55 17 13 60 59 51 61 45 40 69 40 20 33 35 66 11 38 44 62 52 38 47 46 33 31 51 66 27 35 22 36 42 56 59 34 35 35 29 29 41 57 33 28 29 34 12 35 56 40 32 23 45 15 9 19 40 35 12 27 35 43 41 28 0 27 15 47 40 
22 31 30 17 39 39 30 32 50 28 35 17 33 10 37 47 32 55 43 55 63 61 30 20 22 33 61 16 53 34 47 25 63 20 44 17 29 44 39 2 24 15 59 57 56 37 13 31 19 29 18 31 31 39 55 6 20 38 46 34 24 28 50 39 22 30 21 57 12 24 7 52 30 39 51 27 0 19 29 63 
40 42 35 26 20 42 39 44 46 27 17 14 40 11 19 45 49 41 46 38 45 55 25 5 34 40 53 7 35 29 47 43 45 38 33 32 35 37 54 17 36 7 41 39 45 44 20 21 34 34 30 26 43 41 37 23 19 22 28 41 40 36 32 31 3 12 5 39 21 20 23 34 28 46 33 15 19 0 32 45 
46 60 59 46 46 10 13 21 21 6 45 42 11 34 49 18 35 37 14 43 70 36 12 27 51 62 39 37 47 12 18 33 71 35 25 46 58 23 35 27 53 25 66 49 36 13 16 18 47 58 47 12 22 68 67 35 13 52 38 12 51 57 62 19 32 42 28 50 17 50 36 48 8 68 58 47 29 32 0 69 
82 78 69 65 25 75 80 87 72 63 29 52 80 53 27 72 93 47 78 36 2 71 57 46 72 74 65 47 25 60 74 88 7 83 50 72 70 57 98 62 74 51 4 28 54 81 64 51 74 68 69 58 87 68 15 65 58 28 32 81 80 71 19 54 42 33 45 25 65 51 65 22 61 79 12 40 63 45 69 0 
39
60
43
98
74
19
64
16
94
21
48
18
36
8
96
96
95
7
12
25
84
14
89
65
32
12
38
14
23
54
81
78
67
40
18
40
57
38
78
82
31
28
39
6
36
92
28
81
82
31
21
29
51
9
47
28
27
64
46
59
44
95
65
37
27
67
30
34
12
28
97
20
34
79
16
39
94
13
1
