35
0 139 287 332 234 72 726 361 473 399 230 398 267 391 534 834 428 589 298 748 361 578 607 644 252 756 634 851 47 281 745 371 337 250 193 
139 0 426 256 351 75 856 299 605 442 317 460 333 528 555 934 537 693 354 880 500 536 617 739 148 832 752 969 120 371 883 297 466 387 315 
287 426 0 562 202 354 463 570 242 441 291 398 323 119 584 658 281 427 383 478 84 730 667 499 525 651 421 627 318 269 467 592 126 59 189 
332 256 562 0 566 270 903 52 786 327 556 377 301 628 381 879 540 662 606 935 646 287 419 683 364 727 756 958 346 370 1027 41 544 507 524 
234 351 202 566 0 302 654 591 265 561 93 536 425 318 706 860 469 624 181 663 223 796 787 693 397 838 623 828 232 399 563 603 322 221 42 
72 75 354 270 302 0 781 303 545 392 286 402 271 453 516 865 464 622 341 805 430 531 584 670 212 770 678 895 76 302 815 310 391 313 262 
726 856 463 903 654 781 0 888 498 626 746 562 602 344 708 357 367 308 833 40 431 944 775 357 977 501 186 222 766 533 381 918 390 480 650 
361 299 570 52 591 303 888 0 801 292 588 347 287 628 334 844 521 635 644 921 654 239 369 651 414 687 734 931 379 358 1030 32 540 513 549 
473 605 242 786 265 545 498 801 0 682 343 635 565 267 822 792 487 598 401 494 166 972 905 674 662 838 545 709 485 511 303 820 340 301 293 
399 442 441 327 561 392 626 292 682 0 604 64 138 443 145 552 266 349 688 663 517 322 227 359 589 405 457 643 443 172 843 324 353 384 521 
230 317 291 556 93 286 746 588 343 604 0 587 466 408 746 942 546 703 94 756 316 808 824 771 331 909 711 918 210 452 645 596 404 300 103 
398 460 398 377 536 402 562 347 635 64 587 0 131 388 187 502 202 288 675 599 469 386 270 306 608 372 393 584 444 137 783 379 300 343 498 
267 333 323 301 425 271 602 287 565 138 466 131 0 352 281 609 239 375 550 635 404 408 362 411 480 499 458 666 313 71 758 316 261 264 384 
391 528 119 628 318 453 344 628 267 443 408 388 352 0 574 554 220 338 499 361 117 755 657 413 638 574 310 510 427 284 406 653 91 141 308 
534 555 584 381 706 516 708 334 822 145 746 187 281 574 0 557 375 405 827 748 656 250 83 388 698 370 526 681 575 316 964 363 487 528 665 
834 934 658 879 860 865 357 844 792 552 942 502 609 554 557 0 407 245 1036 390 670 807 592 198 1077 211 247 175 881 563 737 876 538 642 839 
428 537 281 540 469 464 367 521 487 266 546 202 239 220 375 407 0 162 640 401 327 588 454 225 675 370 220 434 475 175 589 552 155 248 443 
589 693 427 662 624 622 308 635 598 349 703 288 375 338 405 245 162 0 797 348 455 649 467 76 834 240 122 296 636 322 627 667 302 403 600 
298 354 383 606 181 341 833 644 401 688 94 675 550 499 827 1036 640 797 0 842 402 872 904 865 326 1003 804 1009 267 542 703 647 498 394 197 
748 880 478 935 663 805 40 921 494 663 756 599 635 361 748 390 401 348 842 0 440 982 815 397 997 540 226 245 786 565 354 951 414 500 662 
361 500 84 646 223 430 431 654 166 517 316 469 404 117 656 670 327 455 402 440 0 812 739 530 588 689 425 617 386 346 385 676 176 143 226 
578 536 730 287 796 531 944 239 972 322 808 386 408 755 250 807 588 649 872 982 812 0 224 637 651 612 767 930 605 472 1161 249 664 671 754 
607 617 667 419 787 584 775 369 905 227 824 270 362 657 83 592 454 467 904 815 739 224 0 439 756 391 589 729 647 399 1043 394 570 611 746 
644 739 499 683 693 670 357 651 674 359 771 306 411 413 388 198 225 76 865 397 530 637 439 0 882 165 174 293 691 368 694 683 373 472 668 
252 148 525 364 397 212 977 414 662 589 331 608 480 638 698 1077 675 834 326 997 588 651 756 882 0 979 886 1103 211 514 957 404 589 497 373 
756 832 651 727 838 770 501 687 838 405 909 372 499 574 370 211 370 240 1003 540 689 612 391 165 979 0 331 374 803 475 855 718 525 617 809 
634 752 421 756 623 678 186 734 545 457 711 393 458 310 526 247 220 122 804 226 425 767 589 174 886 331 0 217 679 395 525 765 310 414 608 
851 969 627 958 828 895 222 931 709 643 918 584 666 510 681 175 434 296 1009 245 617 930 729 293 1103 374 217 0 896 607 599 963 524 627 816 
47 120 318 346 232 76 766 379 485 443 210 444 313 427 575 881 475 636 267 786 386 605 647 691 211 803 679 896 0 328 766 386 378 286 195 
281 371 269 370 399 302 533 358 511 172 452 137 71 284 316 563 175 322 542 565 346 472 399 368 514 475 395 607 328 0 690 386 193 212 361 
745 883 467 1027 563 815 381 1030 303 843 645 783 758 406 964 737 589 627 703 354 385 1161 1043 694 957 855 525 599 766 690 0 1054 497 520 584 
371 297 592 41 603 310 918 32 820 324 596 379 316 653 363 876 552 667 647 951 676 249 394 683 404 718 765 963 386 386 1054 0 566 535 561 
337 466 126 544 322 391 390 540 340 353 404 300 261 91 487 538 155 302 498 414 176 664 570 373 589 525 310 524 378 193 497 566 0 104 301 
250 387 59 507 221 313 480 513 301 384 300 343 264 141 528 642 248 403 394 500 143 671 611 472 497 617 414 627 286 212 520 535 104 0 197 
193 315 189 524 42 262 650 549 293 521 103 498 384 308 665 839 443 600 197 662 226 754 746 668 373 809 608 816 195 361 584 561 301 197 0 
30
78
46
37
66
65
23
15
10
14
80
93
46
17
38
100
40
57
64
64
46
59
21
95
12
2
51
69
3
94
69
27
66
60
