80
0 64 87 33 20 52 39 59 9 49 60 28 65 84 59 56 34 77 72 73 55 61 76 80 67 71 25 30 31 31 31 73 72 58 56 45 39 61 42 88 36 11 74 56 99 46 37 42 62 54 66 56 30 19 67 63 79 57 66 34 68 44 25 35 72 94 28 44 40 39 40 12 76 23 27 39 50 77 54 47 
64 0 67 31 57 50 28 55 61 46 5 42 50 60 14 74 42 66 54 15 72 56 42 66 68 14 56 53 34 58 60 59 25 62 47 34 25 5 36 64 28 53 43 34 69 74 63 53 35 56 6 41 34 47 28 50 17 38 67 30 27 76 47 29 58 59 36 38 29 55 53 64 44 42 45 63 73 43 76 18 
87 67 0 73 68 35 57 28 90 38 63 60 22 7 53 48 54 14 15 54 46 26 25 9 27 54 63 57 76 57 60 14 42 34 31 46 63 63 47 5 70 78 24 37 16 58 55 45 32 33 61 33 72 68 39 24 76 33 28 68 40 63 62 69 15 16 74 45 55 48 47 78 23 80 60 53 54 24 52 60 
33 31 73 0 33 45 16 53 30 40 27 22 52 68 29 61 26 68 58 42 60 54 56 68 66 40 36 33 3 38 40 61 44 57 45 28 10 28 28 72 3 22 54 37 83 56 44 41 42 51 33 41 4 21 42 50 46 40 65 5 42 57 26 4 60 74 5 31 18 41 39 37 56 11 25 45 57 56 62 16 
20 57 68 33 0 33 29 40 27 31 52 15 47 66 50 36 19 58 54 64 35 42 61 61 47 62 5 11 33 11 11 54 61 38 38 31 33 53 28 70 34 17 58 41 81 28 17 23 47 35 58 40 29 12 55 45 74 41 46 31 56 26 10 32 53 77 29 28 30 20 21 10 60 29 12 19 31 62 36 39 
52 50 35 45 33 0 29 8 56 5 45 26 14 33 37 25 20 25 21 46 23 9 33 28 21 45 29 22 47 23 26 21 37 12 6 17 36 46 17 37 43 44 29 17 48 29 24 11 21 6 47 11 42 34 31 12 66 14 20 40 32 34 27 41 20 44 43 14 27 14 13 43 31 48 26 22 27 33 29 36 
39 28 57 16 29 29 0 37 39 24 23 14 36 53 21 48 14 52 42 35 47 38 41 52 50 33 28 25 19 30 32 45 33 41 29 12 7 24 12 57 14 28 39 21 68 47 35 28 27 35 29 25 15 21 29 34 45 24 49 11 29 48 19 12 44 59 17 15 2 28 26 38 41 24 17 36 47 42 50 10 
59 55 28 53 40 8 37 0 64 13 50 34 11 29 41 23 28 18 17 50 21 2 31 21 13 48 35 29 55 29 32 14 40 8 8 25 44 51 25 31 51 52 27 21 43 31 27 17 24 5 51 14 50 42 34 9 70 17 12 48 35 36 35 49 13 40 51 22 35 20 19 50 29 56 34 25 28 31 27 43 
9 61 90 30 27 56 39 64 0 52 57 31 68 87 57 63 37 81 75 70 62 65 78 84 73 68 32 37 27 38 38 77 72 64 59 47 37 58 45 91 33 12 76 58 102 55 44 47 64 59 63 59 27 22 68 66 76 60 72 31 68 53 29 32 76 96 25 47 41 46 45 21 78 19 30 46 58 79 63 44 
49 46 38 40 31 5 24 13 52 0 41 22 16 35 33 28 16 30 23 44 26 14 33 32 26 43 27 20 42 22 25 25 35 17 7 12 31 42 12 39 38 40 29 15 50 31 24 11 20 11 43 10 37 30 29 14 62 13 25 35 30 35 24 36 24 46 38 9 22 14 12 41 31 44 22 22 30 33 32 31 
60 5 63 27 52 45 23 50 57 41 0 37 46 56 10 69 37 62 50 15 67 51 38 62 63 14 51 48 30 53 55 55 23 57 42 29 21 1 31 60 24 49 39 29 66 69 58 48 31 51 6 36 30 43 24 45 22 33 62 26 23 71 42 25 54 57 32 33 24 50 48 60 40 38 40 58 68 39 71 13 
28 42 60 22 15 26 14 34 31 22 37 0 38 57 35 40 6 51 45 49 38 35 48 54 45 47 14 11 23 16 18 47 46 36 29 17 19 38 14 61 21 19 46 28 72 34 22 20 34 31 43 28 18 9 41 36 59 29 44 18 41 35 5 19 46 66 19 16 15 19 18 24 48 23 3 23 35 49 40 24 
65 50 22 52 47 14 36 11 68 16 46 38 0 19 36 34 32 17 7 42 32 9 20 17 19 41 43 36 55 37 40 10 31 18 9 24 42 46 25 23 49 56 17 17 34 42 37 25 15 16 45 11 50 46 25 2 64 13 19 47 26 47 40 48 9 30 52 23 34 28 27 57 18 58 38 35 39 20 38 41 
84 60 7 68 66 33 53 29 87 35 56 57 19 0 46 51 51 18 12 47 49 27 18 13 30 47 62 55 71 56 59 15 35 35 28 42 58 56 44 4 65 75 17 32 15 59 56 44 26 34 54 29 68 65 32 21 69 29 31 64 33 64 59 64 16 12 70 41 51 47 46 76 16 76 57 54 56 17 55 54 
59 14 53 29 50 37 21 41 57 33 10 35 36 46 0 61 32 52 40 14 59 42 28 52 54 12 49 43 32 48 51 45 15 49 33 22 21 10 25 50 26 48 29 20 56 62 52 41 21 43 10 27 30 42 14 36 29 24 53 26 14 64 40 26 44 47 32 26 20 43 41 59 30 39 38 51 61 29 64 13 
56 74 48 61 36 25 48 23 63 28 69 40 34 51 61 0 35 34 40 71 2 25 54 39 21 69 31 29 63 25 25 36 61 16 29 40 55 70 38 53 59 53 50 42 64 11 19 21 45 19 71 35 58 45 55 32 90 38 20 56 56 16 37 57 35 63 59 36 47 21 22 44 52 62 37 17 7 54 4 58 
34 42 54 26 19 20 14 28 37 16 37 6 32 51 32 35 0 45 39 46 34 29 43 48 40 44 17 11 28 16 19 41 42 31 23 12 20 38 9 55 24 25 40 23 66 33 21 15 29 25 41 22 23 15 36 30 59 23 39 21 37 34 9 22 40 60 24 10 13 15 13 28 42 28 7 22 34 44 37 24 
77 66 14 68 58 25 52 18 81 30 62 51 17 18 52 34 45 0 13 57 32 16 30 5 13 56 53 47 71 47 50 7 45 21 24 41 59 62 41 19 66 69 27 34 30 44 45 35 31 23 61 28 66 59 40 18 79 30 14 63 41 49 52 64 8 29 68 38 50 38 37 68 28 73 51 43 40 30 38 58 
72 54 15 58 54 21 42 17 75 23 50 45 7 12 40 40 39 13 0 44 38 15 17 12 21 43 50 43 61 44 47 6 32 24 16 31 48 50 32 16 55 63 14 22 27 48 44 32 19 22 49 18 57 53 27 9 66 18 21 53 28 53 47 54 6 23 59 30 40 35 34 64 15 65 45 42 45 17 44 46 
73 15 54 42 64 46 35 50 70 44 15 49 42 47 14 71 46 57 44 0 69 50 29 55 61 2 63 57 45 61 64 50 12 58 42 35 34 14 38 51 39 62 30 29 56 75 65 54 27 52 9 36 43 56 17 42 22 33 61 39 16 77 54 39 50 46 45 39 34 56 54 73 31 52 52 64 73 30 75 26 
55 72 46 60 35 23 47 21 62 26 67 38 32 49 59 2 34 32 38 69 0 23 52 37 19 67 30 28 61 24 24 34 59 14 27 38 53 68 36 51 58 52 48 40 62 12 18 19 43 17 69 33 56 44 53 30 88 36 18 55 54 17 36 56 33 61 57 34 45 19 21 43 50 61 36 16 8 52 6 56 
61 56 26 54 42 9 38 2 65 14 51 35 9 27 42 25 29 16 15 50 23 0 29 19 12 49 37 31 56 31 34 12 39 9 9 26 45 52 26 29 52 53 26 22 41 33 29 19 23 7 52 15 51 43 33 8 71 18 12 49 34 38 36 50 11 38 52 23 36 22 21 52 27 57 35 27 30 29 29 44 
76 42 25 56 61 33 41 31 78 33 38 48 20 18 28 54 43 30 17 29 52 29 0 27 38 29 58 51 59 55 58 23 17 38 27 31 46 38 34 22 53 66 4 20 28 62 57 44 14 36 36 23 56 57 14 22 51 20 38 52 15 67 52 52 23 19 58 33 39 47 45 71 2 65 50 55 59 1 58 40 
80 66 9 68 61 28 52 21 84 32 62 54 17 13 52 39 48 5 12 55 37 19 27 0 18 55 56 50 71 50 53 7 43 25 25 41 59 62 42 14 66 72 25 34 25 49 48 38 31 26 61 28 67 62 39 18 77 30 19 63 40 54 55 64 8 25 69 39 50 41 40 71 25 75 54 46 45 27 43 58 
67 68 27 66 47 21 50 13 73 26 63 45 19 30 54 21 40 13 21 61 19 12 38 18 0 60 42 37 68 36 38 15 50 9 21 38 57 64 38 32 64 61 35 34 43 31 33 26 34 15 64 27 63 52 44 19 83 30 1 61 45 36 44 62 15 42 64 35 48 28 28 57 36 68 44 31 27 38 25 56 
71 14 54 40 62 45 33 48 68 43 14 47 41 47 12 69 44 56 43 2 67 49 29 55 60 0 61 55 43 59 62 49 12 56 40 33 32 13 36 51 37 60 30 28 56 73 63 52 26 50 8 34 41 54 16 41 23 31 60 37 15 75 52 37 49 46 43 37 32 54 52 71 31 50 50 62 72 30 73 24 
25 56 63 36 5 29 28 35 32 27 51 14 43 62 49 31 17 53 50 63 30 37 58 56 42 61 0 7 35 6 6 49 59 33 34 29 33 52 26 66 35 22 55 39 77 23 12 18 45 30 57 36 32 15 53 41 73 38 41 32 54 22 10 33 48 73 31 26 29 15 16 15 57 32 11 14 26 59 31 38 
30 53 57 33 11 22 25 29 37 20 48 11 36 55 43 29 11 47 43 57 28 31 51 50 37 55 7 0 34 5 8 43 52 28 27 22 30 49 19 59 32 25 48 32 70 23 11 12 38 24 52 29 29 16 46 34 70 31 36 29 47 24 8 30 42 66 30 19 24 9 10 21 50 33 8 12 24 52 29 35 
31 34 76 3 33 47 19 55 27 42 30 23 55 71 32 63 28 71 61 45 61 56 59 71 68 43 35 34 0 39 40 64 47 59 47 31 13 31 30 75 6 21 57 40 86 57 45 43 45 53 36 44 5 21 45 53 49 43 67 8 45 57 26 7 63 77 4 33 21 42 41 36 59 8 26 46 58 59 63 19 
31 58 57 38 11 23 30 29 38 22 53 16 37 56 48 25 16 47 44 61 24 31 55 50 36 59 6 5 39 0 3 43 56 27 28 26 35 54 24 60 37 28 51 36 71 18 6 12 42 24 57 32 34 20 50 35 75 35 35 34 51 19 13 35 42 67 35 23 29 9 10 21 53 37 13 8 20 55 25 40 
31 60 60 40 11 26 32 32 38 25 55 18 40 59 51 25 19 50 47 64 24 34 58 53 38 62 6 8 40 3 0 46 59 29 31 29 37 56 26 63 39 28 54 39 74 17 6 15 45 27 60 35 36 20 53 38 77 38 37 36 54 17 14 37 45 70 36 26 32 12 13 20 56 37 15 8 20 58 25 42 
73 59 14 61 54 21 45 14 77 25 55 47 10 15 45 36 41 7 6 50 34 12 23 7 15 49 49 43 64 43 46 0 38 20 18 34 52 55 35 17 59 65 20 27 29 44 41 31 24 19 54 21 60 55 33 11 72 23 16 56 34 49 48 57 1 27 62 32 43 34 33 64 21 68 47 39 41 23 40 51 
72 25 42 44 61 37 33 40 72 35 23 46 31 35 15 61 42 45 32 12 59 39 17 43 50 12 59 52 47 56 59 38 0 48 32 30 35 22 33 39 41 61 18 20 44 66 58 45 16 42 19 26 45 54 6 31 34 23 50 41 5 69 51 41 38 34 47 33 32 48 46 70 19 54 49 56 64 18 65 28 
58 62 34 57 38 12 41 8 64 17 57 36 18 35 49 16 31 21 24 58 14 9 38 25 9 56 33 28 59 27 29 20 48 0 16 29 48 58 29 37 55 52 35 29 49 24 24 17 32 6 59 22 54 43 42 17 78 25 8 52 43 29 35 53 19 47 55 26 39 19 19 48 36 59 35 22 21 38 20 48 
56 47 31 45 38 6 29 8 59 7 42 29 9 28 33 29 23 24 16 42 27 9 27 25 21 40 34 27 47 28 31 18 32 16 0 17 36 43 17 32 43 47 23 13 43 35 30 17 16 10 43 6 42 37 26 7 62 9 20 40 27 40 31 41 17 39 44 14 27 20 18 48 25 50 29 28 33 27 33 35 
45 34 46 28 31 17 12 25 47 12 29 17 24 42 22 40 12 41 31 35 38 26 31 41 38 33 29 22 31 26 29 34 30 29 17 0 19 30 3 46 26 35 29 11 57 40 30 19 17 23 32 13 26 26 24 23 51 13 37 23 25 42 21 24 33 49 28 4 10 21 19 40 31 34 19 29 39 32 42 19 
39 25 63 10 33 36 7 44 37 31 21 19 42 58 21 55 20 59 48 34 53 45 46 59 57 32 33 30 13 35 37 52 35 48 36 19 0 22 19 62 7 28 44 27 73 53 41 34 32 42 27 31 10 22 32 41 42 30 56 6 32 54 24 6 51 64 12 22 9 35 33 39 46 19 22 42 54 46 57 8 
61 5 63 28 53 46 24 51 58 42 1 38 46 56 10 70 38 62 50 14 68 52 38 62 64 13 52 49 31 54 56 55 22 58 43 30 22 0 32 60 25 50 39 30 66 70 59 49 31 52 5 37 31 44 24 46 22 34 63 27 23 72 43 26 54 56 33 34 25 51 49 61 40 39 41 59 69 39 72 14 
42 36 47 28 28 17 12 25 45 12 31 14 25 44 25 38 9 41 32 38 36 26 34 42 38 36 26 19 30 24 26 35 33 29 17 3 19 32 0 48 26 33 32 14 59 38 28 17 20 23 35 15 25 23 27 24 53 15 37 23 28 40 18 24 34 52 27 3 10 19 17 37 34 33 16 27 37 35 40 20 
88 64 5 72 70 37 57 31 91 39 60 61 23 4 50 53 55 19 16 51 51 29 22 14 32 51 66 59 75 60 63 17 39 37 32 46 62 60 48 0 69 79 21 36 12 61 58 48 30 36 58 33 72 69 36 25 73 33 33 68 37 66 63 68 18 11 74 45 55 51 50 80 20 80 61 56 58 21 57 58 
36 28 70 3 34 43 14 51 33 38 24 21 49 65 26 59 24 66 55 39 58 52 53 66 64 37 35 32 6 37 39 59 41 55 43 26 7 25 26 69 0 25 51 34 80 55 43 39 39 49 30 38 6 22 39 48 43 37 63 3 39 56 26 2 58 71 8 29 16 39 37 39 53 14 24 44 56 53 61 13 
11 53 78 22 17 44 28 52 12 40 49 19 56 75 48 53 25 69 63 62 52 53 66 72 61 60 22 25 21 28 28 65 61 52 47 35 28 50 33 79 25 0 64 46 90 45 34 35 52 47 55 47 19 10 57 54 68 48 60 23 57 43 17 24 64 84 17 35 30 34 33 15 66 14 18 36 48 67 53 36 
74 43 24 54 58 29 39 27 76 29 39 46 17 17 29 50 40 27 14 30 48 26 4 25 35 30 55 48 57 51 54 20 18 35 23 29 44 39 32 21 51 64 0 18 29 58 53 40 12 32 37 19 54 55 15 18 52 17 35 50 16 63 49 50 20 20 56 30 37 43 41 68 2 63 47 51 55 4 54 39 
56 34 37 37 41 17 21 21 58 15 29 28 17 32 20 42 23 34 22 29 40 22 20 34 34 28 39 32 40 36 39 27 20 29 13 11 27 30 14 36 34 46 18 0 47 46 38 25 6 23 30 7 36 37 14 16 49 4 33 32 15 49 32 33 26 38 38 13 19 28 26 51 20 45 30 36 44 21 46 24 
99 69 16 83 81 48 68 43 102 50 66 72 34 15 56 64 66 30 27 56 62 41 28 25 43 56 77 70 86 71 74 29 44 49 43 57 73 66 59 12 80 90 29 47 0 73 70 59 41 48 63 44 83 80 42 36 78 44 44 79 43 78 74 79 30 10 85 56 66 62 61 91 27 91 72 68 70 27 68 68 
46 74 58 56 28 29 47 31 55 31 69 34 42 59 62 11 33 44 48 75 12 33 62 49 31 73 23 23 57 18 17 44 66 24 35 40 53 70 38 61 55 45 58 46 73 0 12 21 50 26 72 40 52 37 60 40 91 43 30 52 61 5 31 53 43 71 53 36 46 19 21 34 60 54 31 11 4 62 8 57 
37 63 55 44 17 24 35 27 44 24 58 22 37 56 52 19 21 45 44 65 18 29 57 48 33 63 12 11 45 6 6 41 58 24 30 30 41 59 28 58 43 34 53 38 70 12 0 13 44 22 62 34 40 26 52 35 80 37 32 40 53 13 19 41 40 67 41 26 34 10 12 25 55 43 19 2 14 57 19 45 
42 53 45 41 23 11 28 17 47 11 48 20 25 44 41 21 15 35 32 54 19 19 44 38 26 52 18 12 43 12 15 31 45 17 17 19 34 49 17 48 39 35 40 25 59 21 13 0 31 12 51 21 38 26 39 23 70 24 25 36 40 24 18 37 30 55 39 15 26 3 2 33 42 43 18 11 20 44 23 37 
62 35 32 42 47 21 27 24 64 20 31 34 15 26 21 45 29 31 19 27 43 23 14 31 34 26 45 38 45 42 45 24 16 32 16 17 32 31 20 30 39 52 12 6 41 50 44 31 0 26 30 10 42 43 10 15 49 7 34 38 11 55 38 38 23 32 44 19 25 34 32 57 14 51 36 42 48 15 49 28 
54 56 33 51 35 6 35 5 59 11 51 31 16 34 43 19 25 23 22 52 17 7 36 26 15 50 30 24 53 24 27 19 42 6 10 23 42 52 23 36 49 47 32 23 48 26 22 12 26 0 53 16 48 38 36 14 72 19 14 46 37 31 30 47 18 45 49 20 33 15 14 45 34 53 30 20 23 36 23 42 
66 6 61 33 58 47 29 51 63 43 6 43 45 54 10 71 41 61 49 9 69 52 36 61 64 8 57 52 36 57 60 54 19 59 43 32 27 5 35 58 30 55 37 30 63 72 62 51 30 53 0 37 36 49 22 45 19 34 63 32 21 74 48 31 53 53 38 36 28 53 51 66 38 44 46 61 71 37 74 19 
56 41 33 41 40 11 25 14 59 10 36 28 11 29 27 35 22 28 18 36 33 15 23 28 27 34 36 29 44 32 35 21 26 22 6 13 31 37 15 33 38 47 19 7 44 40 34 21 10 16 37 0 39 37 20 10 56 3 26 36 21 45 31 37 20 38 41 12 23 24 22 50 21 47 29 32 38 23 39 30 
30 34 72 4 29 42 15 50 27 37 30 18 50 68 30 58 23 66 57 43 56 51 56 67 63 41 32 29 5 34 36 60 45 54 42 26 10 31 25 72 6 19 54 36 83 52 40 38 42 48 36 39 0 17 42 49 49 39 62 4 42 53 22 5 59 74 2 28 17 37 36 33 56 9 21 41 53 56 58 17 
19 47 68 21 12 34 21 42 22 30 43 9 46 65 42 45 15 59 53 56 44 43 57 62 52 54 15 16 21 20 20 55 54 43 37 26 22 44 23 69 22 10 55 37 80 37 26 26 43 38 49 37 17 0 49 44 64 38 51 19 50 37 8 20 54 75 17 25 22 25 24 17 57 17 8 28 40 58 45 30 
67 28 39 42 55 31 29 34 68 29 24 41 25 32 14 55 36 40 27 17 53 33 14 39 44 16 53 46 45 50 53 33 6 42 26 24 32 24 27 36 39 57 15 14 42 60 52 39 10 36 22 20 42 49 0 25 39 17 44 38 1 63 45 38 33 33 44 27 27 42 40 64 16 51 43 50 58 15 59 26 
63 50 24 50 45 12 34 9 66 14 45 36 2 21 36 32 30 18 9 42 30 8 22 18 19 41 41 34 53 35 38 11 31 17 7 23 41 46 24 25 48 54 18 16 36 40 35 23 15 14 45 10 49 44 25 0 64 12 19 45 26 45 38 46 10 32 51 21 32 26 25 55 20 57 36 33 37 22 36 40 
79 17 76 46 74 66 45 70 76 62 22 59 64 69 29 90 59 79 66 22 88 71 51 77 83 23 73 70 49 75 77 72 34 78 62 51 42 22 53 73 43 68 52 49 78 91 80 70 49 72 19 56 49 64 39 64 0 53 82 46 38 93 64 45 72 68 51 55 46 72 70 81 53 57 62 80 90 52 93 35 
57 38 33 40 41 14 24 17 60 13 33 29 13 29 24 38 23 30 18 33 36 18 20 30 30 31 38 31 43 35 38 23 23 25 9 13 30 34 15 33 37 48 17 4 44 43 37 24 7 19 34 3 39 38 17 12 53 0 29 35 18 48 32 36 22 37 41 13 22 27 25 51 19 47 30 35 41 21 42 28 
66 67 28 65 46 20 49 12 72 25 62 44 19 31 53 20 39 14 21 61 18 12 38 19 1 60 41 36 67 35 37 16 50 8 20 37 56 63 37 33 63 60 35 33 44 30 32 25 34 14 63 26 62 51 44 19 82 29 0 60 45 35 43 61 15 43 63 34 47 27 27 56 36 67 43 30 26 38 24 55 
34 30 68 5 31 40 11 48 31 35 26 18 47 64 26 56 21 63 53 39 55 49 52 63 61 37 32 29 8 34 36 56 41 52 40 23 6 27 23 68 3 23 50 32 79 52 40 36 38 46 32 36 4 19 38 45 46 35 60 0 38 53 23 1 55 70 6 26 13 36 34 36 52 13 21 41 53 52 58 13 
68 27 40 42 56 32 29 35 68 30 23 41 26 33 14 56 37 41 28 16 54 34 15 40 45 15 54 47 45 51 54 34 5 43 27 25 32 23 28 37 39 57 16 15 43 61 53 40 11 37 21 21 42 50 1 26 38 18 45 38 0 64 46 38 34 34 44 28 28 43 41 65 17 51 44 51 59 16 60 26 
44 76 63 57 26 34 48 36 53 35 71 35 47 64 64 16 34 49 53 77 17 38 67 54 36 75 22 24 57 19 17 49 69 29 40 42 54 72 40 66 56 43 63 49 78 5 13 24 55 31 74 45 53 37 63 45 93 48 35 53 64 0 31 54 48 76 53 38 47 21 23 32 65 54 32 13 9 67 13 58 
25 47 62 26 10 27 19 35 29 24 42 5 40 59 40 37 9 52 47 54 36 36 52 55 44 52 10 8 26 13 14 48 51 35 31 21 24 43 18 63 26 17 49 32 74 31 19 18 38 30 48 31 22 8 45 38 64 32 43 23 46 31 0 24 47 69 22 19 20 17 16 19 51 25 2 20 32 53 37 29 
35 29 69 4 32 41 12 49 32 36 25 19 48 64 26 57 22 64 54 39 56 50 52 64 62 37 33 30 7 35 37 57 41 53 41 24 6 26 24 68 2 24 50 33 79 53 41 37 38 47 31 37 5 20 38 46 45 36 61 1 38 54 24 0 56 70 7 27 14 37 35 37 52 14 22 42 54 52 59 13 
72 58 15 60 53 20 44 13 76 24 54 46 9 16 44 35 40 8 6 50 33 11 23 8 15 49 48 42 63 42 45 1 38 19 17 33 51 54 34 18 58 64 20 26 30 43 40 30 23 18 53 20 59 54 33 10 72 22 15 55 34 48 47 56 0 28 61 31 42 33 32 63 21 67 46 38 40 23 39 50 
94 59 16 74 77 44 59 40 96 46 57 66 30 12 47 63 60 29 23 46 61 38 19 25 42 46 73 66 77 67 70 27 34 47 39 49 64 56 52 11 71 84 20 38 10 71 67 55 32 45 53 38 74 75 33 32 68 37 43 70 34 76 69 70 28 0 76 50 57 58 57 87 18 83 67 65 68 18 67 59 
28 36 74 5 29 43 17 51 25 38 32 19 52 70 32 59 24 68 59 45 57 52 58 69 64 43 31 30 4 35 36 62 47 55 44 28 12 33 27 74 8 17 56 38 85 53 41 39 44 49 38 41 2 17 44 51 51 41 63 6 44 53 22 7 61 76 0 30 19 38 37 32 58 7 22 42 54 58 59 19 
44 38 45 31 28 14 15 22 47 9 33 16 23 41 26 36 10 38 30 39 34 23 33 39 35 37 26 19 33 23 26 32 33 26 14 4 22 34 3 45 29 35 30 13 56 36 26 15 19 20 36 12 28 25 27 21 55 13 34 26 28 38 19 27 31 50 30 0 13 17 15 38 32 36 17 25 35 34 38 23 
40 29 55 18 30 27 2 35 41 22 24 15 34 51 20 47 13 50 40 34 45 36 39 50 48 32 29 24 21 29 32 43 32 39 27 10 9 25 10 55 16 30 37 19 66 46 34 26 25 33 28 23 17 22 27 32 46 22 47 13 28 47 20 14 42 57 19 13 0 27 25 39 39 26 18 35 46 40 49 11 
39 55 48 41 20 14 28 20 46 14 50 19 28 47 43 21 15 38 35 56 19 22 47 41 28 54 15 9 42 9 12 34 48 19 20 21 35 51 19 51 39 34 43 28 62 19 10 3 34 15 53 24 37 25 42 26 72 27 27 36 43 21 17 37 33 58 38 17 27 0 2 30 45 42 17 8 19 47 22 38 
40 53 47 39 21 13 26 19 45 12 48 18 27 46 41 22 13 37 34 54 21 21 45 40 28 52 16 10 41 10 13 33 46 19 18 19 33 49 17 50 37 33 41 26 61 21 12 2 32 14 51 22 36 24 40 25 70 25 27 34 41 23 16 35 32 57 37 15 25 2 0 31 43 41 16 10 21 45 24 36 
12 64 78 37 10 43 38 50 21 41 60 24 57 76 59 44 28 68 64 73 43 52 71 71 57 71 15 21 36 21 20 64 70 48 48 40 39 61 37 80 39 15 68 51 91 34 25 33 57 45 66 50 33 17 64 55 81 51 56 36 65 32 19 37 63 87 32 38 39 30 31 0 70 29 21 27 38 72 42 47 
76 44 23 56 60 31 41 29 78 31 40 48 18 16 30 52 42 28 15 31 50 27 2 25 36 31 57 50 59 53 56 21 19 36 25 31 46 40 34 20 53 66 2 20 27 60 55 42 14 34 38 21 56 57 16 20 53 19 36 52 17 65 51 52 21 18 58 32 39 45 43 70 0 65 49 53 57 2 56 41 
23 42 80 11 29 48 24 56 19 44 38 23 58 76 39 62 28 73 65 52 61 57 65 75 68 50 32 33 8 37 37 68 54 59 50 34 19 39 33 80 14 14 63 45 91 54 43 43 51 53 44 47 9 17 51 57 57 47 67 13 51 54 25 14 67 83 7 36 26 42 41 29 65 0 25 45 57 65 62 26 
27 45 60 25 12 26 17 34 30 22 40 3 38 57 38 37 7 51 45 52 36 35 50 54 44 50 11 8 26 13 15 47 49 35 29 19 22 41 16 61 24 18 47 30 72 31 19 18 36 30 46 29 21 8 43 36 62 30 43 21 44 32 2 22 46 67 22 17 18 17 16 21 49 25 0 20 32 51 37 27 
39 63 53 45 19 22 36 25 46 22 58 23 35 54 51 17 22 43 42 64 16 27 55 46 31 62 14 12 46 8 8 39 56 22 28 29 42 59 27 56 44 36 51 36 68 11 2 11 42 20 61 32 41 28 50 33 80 35 30 41 51 13 20 42 38 65 42 25 35 8 10 27 53 45 20 0 12 55 17 46 
50 73 54 57 31 27 47 28 58 30 68 35 39 56 61 7 34 40 45 73 8 30 59 45 27 72 26 24 58 20 20 41 64 21 33 39 54 69 37 58 56 48 55 44 70 4 14 20 48 23 71 38 53 40 58 37 90 41 26 53 59 9 32 54 40 68 54 35 46 19 21 38 57 57 32 12 0 59 5 57 
77 43 24 56 62 33 42 31 79 33 39 49 20 17 29 54 44 30 17 30 52 29 1 27 38 30 59 52 59 55 58 23 18 38 27 32 46 39 35 21 53 67 4 21 27 62 57 44 15 36 37 23 56 58 15 22 52 21 38 52 16 67 53 52 23 18 58 34 40 47 45 72 2 65 51 55 59 0 58 41 
54 76 52 62 36 29 50 27 63 32 71 40 38 55 64 4 37 38 44 75 6 29 58 43 25 73 31 29 63 25 25 40 65 20 33 42 57 72 40 57 61 53 54 46 68 8 19 23 49 23 74 39 58 45 59 36 93 42 24 58 60 13 37 59 39 67 59 38 49 22 24 42 56 62 37 17 5 58 0 60 
47 18 60 16 39 36 10 43 44 31 13 24 41 54 13 58 24 58 46 26 56 44 40 58 56 24 38 35 19 40 42 51 28 48 35 19 8 14 20 58 13 36 39 24 68 57 45 37 28 42 19 30 17 30 26 40 35 28 55 13 26 58 29 13 50 59 19 23 11 38 36 47 41 26 27 46 57 41 60 0 
74
13
12
31
68
27
12
27
32
32
1
28
36
10
74
84
65
28
57
53
67
65
19
56
14
3
50
30
81
73
66
74
53
82
32
12
3
36
36
28
79
40
81
92
9
59
62
2
89
13
80
98
65
93
85
67
47
96
27
73
82
3
80
12
57
88
8
10
13
65
50
30
97
67
12
33
37
84
10
